hsa2099 -0.43864796 -0.12559198 -0.49151915 0.2703964 -0.3772883 0.24779166 -0.7238057 -0.18058807 0.4738167 0.53011966 -0.31434774 -0.64322263 -0.009696554 0.38220212 0.07892177 -0.41459364
D00094 -0.8083881 0.41012824 -0.049186125 -0.45890814 1.0019425 0.17892066 -0.73824066 -0.08506118 -0.6640276 0.86175597 0.10490652 -0.655985 -0.25784498 0.51590955 0.27349555 -0.7771499
D01132 -0.63354355 0.33152345 -0.0822119 -0.2509547 0.7410459 0.084125616 -0.5320474 -0.077019244 -0.5280352 0.68334615 0.17036499 -0.68640155 -0.2974463 0.38733244 0.0010774906 -0.64816636
D00577 -0.5229243 0.27015713 -0.34803116 0.11145248 -0.1766756 0.2398874 -0.42678654 -0.18690501 0.20556885 0.6565612 -0.14346834 -0.78990877 -0.3301723 0.28522724 -0.2959707 -0.47018585
hsa367 -0.5001401 -0.41636753 -0.555156 0.6349957 0.123815164 0.11017675 -0.7633494 -0.38923797 0.4705582 -0.3560095 -0.53501344 -0.22381125 -0.34779426 0.2785824 -0.18745044 -0.24222288
hsa5241 -0.7393031 -0.68858016 -0.5751659 0.3882416 -0.11125366 0.09416523 -0.8467035 -0.28836438 0.44034648 -0.6308221 -0.48474672 -0.7534722 0.038516786 0.5680357 0.02013232 -0.09587107
D00066 -0.5863419 -0.53585273 -0.5213414 0.47509354 0.19194451 0.03921436 -0.83975524 -0.25909036 0.31874752 -0.4404926 -0.4896308 -0.4180784 -0.025401853 0.38887808 0.24446762 -0.112582356
D00316 -0.6968955 0.467612 -0.09648963 -0.23331313 0.6378551 0.04732375 -0.62464654 -0.10357239 -0.5103806 0.93403244 0.25925443 -0.8644309 -0.23716249 0.41680107 0.10097288 -0.8975498
hsa7421 -0.94673514 -0.15342084 0.053369187 -0.49533385 1.2806385 0.15345718 -0.9632122 -0.008900088 -0.58341575 0.23003864 -0.32132173 0.05644299 -0.49322018 -0.0799862 0.5650611 -0.63676697
D00075 -0.6246541 -0.67839867 -0.5814437 0.65857303 0.24826044 0.06739591 -0.97379506 -0.40756655 0.45372322 -0.624028 -0.57601255 -0.3919398 -0.08273521 0.58288413 0.052540824 -0.11458183
hsa2908 -1.3590488 -0.8176615 -0.61671656 -0.21835274 0.1460672 0.044206765 -0.4631406 -0.09928485 0.45170876 -0.9011631 -0.7316422 -1.052719 -0.20914432 0.19985797 0.23819236 0.1851303
D00585 -1.004989 -0.87096924 -0.691766 0.3512891 0.11614345 0.09811343 -0.8418095 -0.29040256 0.4935665 -0.9779046 -0.6431813 -0.6844746 -0.08852096 0.48575053 0.13659155 -0.010343687
hsa5914 -0.63258463 0.4454351 -0.012442019 -0.23104325 0.77486634 0.2061362 -0.7866263 -0.14581048 -0.482187 1.0163254 0.058799747 -0.59302187 -0.34605005 0.26848122 0.08796016 -0.8044158
hsa5916 -0.60458076 0.5057156 -0.014460425 -0.2249407 0.71657425 0.16763237 -0.67218643 -0.15259749 -0.44657323 1.0262676 0.07225684 -0.6933919 -0.36827505 0.34883064 0.017868886 -0.78543115
hsa8856 -0.8528697 -0.00939648 -0.60918856 -0.19676276 0.640428 -0.036709674 -0.32129744 0.1033583 -0.5722798 -0.32437566 0.035741284 -0.45546275 -0.4451482 0.3052933 -0.13541688 -0.38893142
D00182 -0.48786235 -0.6044743 -0.57487476 0.5689554 -0.080773786 0.21818529 -0.9358661 -0.3335924 0.6456382 -0.29830417 -0.5914439 -0.527055 -0.03796067 0.5194054 -0.0020063496 -0.16106671
D00327 -0.68541646 -0.6546074 -0.6622467 0.6348657 -0.037459273 0.11010925 -0.87049603 -0.31785932 0.6344048 -0.50978416 -0.6864905 -0.4978841 -0.14636545 0.43513915 0.09515659 -0.14826472
D00088 -1.0756166 -0.5981755 -0.5940423 -0.047144614 0.11784516 0.000816821 -0.50671697 -0.15629026 0.34048757 -0.6958562 -0.60284185 -0.82084304 -0.20088997 0.19510777 0.28775567 0.035570465
D00954 -0.48397017 -0.6040262 -0.54197174 0.58106804 -0.15187252 0.19421889 -0.9331355 -0.36735103 0.6145505 -0.24786635 -0.54430145 -0.6333776 0.01108411 0.60761607 0.0024434256 -0.12643018
hsa5915 -0.73744226 0.40727842 -0.15983908 -0.32677186 0.767674 0.1246378 -0.5431492 -0.07341603 -0.5703422 0.73989475 0.11066457 -0.7567623 -0.3626354 0.33648944 -0.06112831 -0.6626644
D00187 -0.7832643 -0.029942734 0.19638206 -0.41452807 1.2815715 0.32889053 -1.2269211 -0.1813642 -0.4184647 0.69974005 -0.37213218 0.020557623 -0.3996616 -0.00015782379 0.52746075 -0.776697
D00143 -0.64309645 -0.46263653 -0.41139114 0.29239628 0.6498234 0.0034738902 -0.8542319 -0.13518262 -0.13254063 -0.46061948 -0.36131012 -0.00443253 -0.20719412 0.2680672 0.38246188 -0.2578984
hsa2100 -0.5329176 0.03275036 -0.5543706 0.08236776 -0.6689229 0.25282857 -0.57385164 -0.21684194 0.60771805 0.8732827 -0.30595598 -0.8661332 -0.015719183 0.18294042 0.122881524 -0.54816735
D00188 -0.74419326 -0.21337876 0.08864923 -0.115845524 1.2588643 0.22732043 -1.2042931 -0.15345381 -0.40550798 0.26333827 -0.45953092 0.22810918 -0.41208136 -0.023254462 0.4730064 -0.5076687
D00565 -0.5519891 0.57302654 -0.08693796 0.10395225 0.4615561 0.1036927 -0.6483886 -0.24514708 -0.3645697 0.7325103 0.13565508 -0.86044043 -0.68981755 0.31467143 -0.6034486 -0.7769883
D00129 -0.702739 -0.21910237 0.07389325 -0.13356812 1.0398256 0.27298874 -1.1781316 -0.06854936 -0.35275576 0.4454643 -0.43443254 0.22022486 -0.3456597 -0.09227854 0.5500729 -0.5324412
hsa6257 -0.6957891 0.42522052 -0.11610196 -0.29756796 0.51991826 0.07554715 -0.5763073 -0.103962645 -0.4065606 0.9545049 0.07001515 -0.7665533 -0.37914583 0.18704905 0.036133878 -0.78619385
D01294 -0.51979625 -0.4534039 -0.61137426 0.35798886 -0.18453267 0.21556312 -0.74643326 -0.2874794 0.57354784 -0.19064678 -0.4886682 -0.723491 -0.017204551 0.5484125 -0.10119906 -0.1646797
D00348 -0.85730386 0.2828471 0.12908633 -0.53373593 1.2902744 0.2074672 -0.9800578 -0.122025594 -0.80529034 0.79837894 0.05641623 -0.3901096 -0.41173074 0.26045686 0.4241748 -0.8676041
hsa5465 -0.508844 0.5603092 -0.08278373 0.100913696 0.52614087 0.08321702 -0.7056167 -0.30374068 -0.46617565 0.8069884 0.20761277 -0.93324757 -0.74328345 0.4423799 -0.67262715 -0.8759154
hsa6256 -0.7526585 0.5067252 -0.14107385 -0.34820613 0.64266866 0.0016998234 -0.5872278 -0.08860278 -0.52720034 0.957294 0.13091889 -0.91076744 -0.3501363 0.31578532 0.11507759 -0.8245834
D00950 -0.5166433 -0.60057235 -0.55099833 0.6371553 -0.17665148 0.15455376 -1.0104806 -0.3803927 0.64850014 -0.26393083 -0.5001186 -0.57214814 0.030727409 0.62744313 0.029547393 -0.16498579
D01217 -0.5033497 -0.63370484 -0.44610944 0.52256715 0.19702968 0.0760303 -1.0142392 -0.3503781 0.48876795 -0.46696776 -0.4982744 -0.3931544 0.11676044 0.5672571 0.25267875 -0.1392606
D04066 -0.6466007 -0.19623826 -0.67196345 0.19926696 -0.7093086 0.27937993 -0.67993677 -0.2892433 0.8528974 0.64627546 -0.4985292 -0.96872807 0.05575374 0.24898821 0.1479185 -0.43006647
D02367 -0.46590358 -0.6439687 -0.6021802 0.59481853 -0.42470497 0.23303322 -0.9434096 -0.35573494 0.8438369 -0.14176896 -0.5731405 -0.7797768 0.08618322 0.6220203 0.036436446 -0.1761578
D00105 -0.58068305 -0.080946304 -0.6031865 0.21551737 -0.63784724 0.29458192 -0.730982 -0.28417188 0.65238565 0.81755656 -0.34571582 -0.8747251 -0.030224327 0.23173149 0.068131775 -0.62612236
D00951 -0.76507664 -0.5952565 -0.6180606 0.22534111 0.12883398 0.04669709 -0.6478412 -0.26544952 0.2668918 -0.68284786 -0.38951945 -0.66870505 -0.10979579 0.5230787 -0.07019423 -0.070083804
hsa6095 -0.466771 0.22200406 0.033785697 0.15404874 1.2404256 0.25087553 -0.9672084 -0.21969853 -0.5211224 0.33370334 -0.19662204 -0.15835142 -0.3335943 0.30575314 -0.09635906 -0.21258466
D00554 -0.5191992 -0.1708867 -0.5860591 0.2648305 -0.6869914 0.32112136 -0.7077325 -0.36069512 0.7269925 0.6260555 -0.38910878 -0.77944267 0.05271228 0.2545426 0.020696009 -0.60552126
D00930 -0.8868977 -0.33614454 0.18836717 -0.3613114 1.2976454 0.2749374 -1.2831692 -0.08363285 -0.39253512 0.3500355 -0.41630572 0.2445206 -0.37827185 -0.052375842 0.7286265 -0.69207305
D00965 -0.61856174 -0.31181455 -0.91022325 0.39250445 -0.35293198 0.16185029 -0.6303613 -0.121472806 0.39479336 0.025285628 -0.38754606 -0.14044835 -0.3908298 0.03854365 -0.08727538 -0.89536035
D00040 -0.59496826 -0.40495 -0.026977144 0.23713744 1.0502421 0.22078091 -1.1823006 -0.21795294 -0.21836574 -0.12433023 -0.48415032 0.11417359 -0.13437401 0.18457119 0.41038752 -0.079011776
D00506 -0.7299889 -0.20783684 -1.0272187 -0.048226107 -0.12803563 0.13217677 -0.4758181 0.27024785 -0.20011714 -0.2048614 -0.018335298 -0.11438012 -0.40538764 0.15271042 0.07498217 -1.0424985
D01115 -0.7407399 -0.64695364 -0.56514144 0.51743054 0.07784023 -0.058104448 -0.9318811 -0.28764376 0.3380205 -0.700479 -0.47409466 -0.54322094 0.056899253 0.47039825 0.33698398 -0.1005704
hsa6096 -0.68281674 0.3264043 -0.037939344 -0.21346654 1.059237 0.21149558 -0.8138786 -0.15034002 -0.59703135 0.6499349 0.0009996733 -0.37167397 -0.34390575 0.3386786 0.09362697 -0.6296087
D01161 -0.48202863 -0.112217836 -0.8478306 0.14519504 -0.71476465 0.24685495 -0.67883164 -0.17703234 0.65179366 0.6936173 -0.49964064 -0.7345007 -0.024686074 0.14942321 0.09350838 -0.49714538
D00730 -0.8158221 0.08717946 -0.74639475 -0.08300628 0.15445136 -0.02597638 -0.28619137 0.21075526 -0.5161515 -0.004602341 0.22038008 -0.4097444 -0.44226474 0.30370757 -0.07112977 -0.8202619
D01387 -1.4979441 -0.898825 -0.60414016 -0.42681405 0.4148769 0.07896937 -0.44177532 -0.08256862 0.278936 -1.0256562 -0.72085345 -0.9668515 -0.2484258 0.074791655 0.2332279 0.13667184
D00299 -0.780714 -0.10563645 0.17237642 -0.33305198 1.1337277 0.2289375 -1.0630845 -0.13181059 -0.39581668 0.38133624 -0.3829059 0.04696233 -0.427428 0.02531936 0.3913681 -0.59521055
D00312 -0.64422965 -0.15422814 -0.5815861 0.12509553 -0.71719944 0.28691006 -0.62376034 -0.22130783 0.747845 0.64638567 -0.47709227 -0.8285554 -0.022203822 0.12993874 0.08658071 -0.4347802
D00163 -0.48842248 -0.14798948 -0.41005066 0.21245462 0.6719932 0.09426604 -0.8640824 0.038759645 -0.39311916 0.23353326 -0.50726616 0.10137835 -0.3544926 0.06743747 0.424762 -0.22673203
D00279 -0.5653872 0.40443206 -0.20890404 -0.07428317 0.47518972 0.07487607 -0.5019783 -0.15925497 -0.47615552 0.5504114 0.18527389 -0.6204266 -0.5654687 0.3119554 -0.2988408 -0.8100097
D00067 -0.5212472 -0.2199102 -0.68145806 0.3954828 -0.7797619 0.3195318 -0.74242663 -0.26667014 0.84479916 0.61400944 -0.42847368 -0.80518997 0.0049369037 0.29449132 0.08042366 -0.57334566
D01689 -1.3520483 -0.7545783 -0.56988734 -0.20547332 0.19826557 0.094075575 -0.41254443 -0.122997284 0.4578496 -0.8348859 -0.729573 -1.089702 -0.25474438 0.19106248 0.23010595 0.21830212
D00596 -0.351974 0.58588904 -0.5007506 0.026916 0.11164222 0.2882575 -0.5472878 -0.19363774 0.06276431 0.8118079 -0.328853 -0.734098 -0.56790906 0.24782842 -0.7319578 -0.5211011
hsa2104 -0.6027996 0.23024836 -0.096325465 -0.1630832 0.04887658 0.19518347 -0.3344914 -0.087394185 0.0934381 0.7114412 -0.111808494 -0.9322235 -0.14588912 0.28970665 0.05938513 -0.3753599
D00898 -0.44398588 0.4066281 -0.17781274 0.17206813 0.00076586404 0.28778118 -0.5486614 -0.26485687 0.15137674 0.8307879 -0.07802911 -0.985966 -0.50412184 0.29450747 -0.65033233 -0.5379985
D00690 -1.2790368 -0.853339 -0.74545455 -0.16413407 0.072374634 0.024161074 -0.544636 -0.21435405 0.3778128 -0.90059185 -0.6863046 -1.1105381 -0.14687735 0.1996571 0.18314824 0.023321968
D05341 -0.6139532 0.5069167 -0.8661992 -0.5080647 -0.20931672 -0.099114455 -0.34519622 0.09634413 0.050118852 1.0409336 -0.67256504 -1.0028923 -0.4663658 -0.2727912 0.031508695 -0.40956226
hsa5468 -0.5100212 0.47909814 -0.2351441 -0.08836199 0.67792624 0.3037264 -0.70652616 -0.13656947 -0.4562223 0.76426834 -0.07025554 -0.5042037 -0.5688519 0.33623028 -0.4222198 -0.635716
D00462 -0.39456323 -0.37401322 -0.5315874 0.52631354 0.22048941 0.12611592 -0.83272576 -0.23741117 0.2885965 -0.22787665 -0.62815124 -0.02205507 -0.31091708 0.17969227 0.20042022 -0.19220425
D00961 -0.38243204 0.18729138 -0.3203791 0.36604407 0.2468714 0.16460022 -0.50710136 -0.35930455 0.12243727 0.13214871 -0.22041567 -0.44641984 -0.55965966 0.28172332 -0.52663004 -0.37451005
hsa2101 -0.44666576 0.21695259 -0.13466786 0.2518462 -0.121381275 0.26343173 -0.6330165 -0.1741458 0.38747284 0.61015683 -0.25176358 -0.75010246 -0.24447343 0.33083373 -0.23183294 -0.3383426
hsa6258 -0.6933584 0.3524317 -0.10182848 -0.22206436 0.7057967 0.028330524 -0.6026889 -0.072251245 -0.56986 0.76638603 0.18413834 -0.67618626 -0.22693428 0.40669933 0.15027218 -0.7160068
hsa9970 -0.7633844 -0.15872495 -0.8495113 -0.06265478 0.1978058 0.12639832 -0.63036495 0.2723384 -0.42303884 0.018813474 -0.057963923 0.12428561 -0.41309634 0.057730738 0.34271228 -1.0123123
hsa4306 -0.9250221 -0.7544334 -0.52584356 0.39671782 -0.038574222 -0.0043908632 -0.89391756 -0.32382694 0.5615135 -0.7221005 -0.63490146 -0.7573348 0.0010070232 0.41070536 0.355168 0.005284409
D00246 -1.440356 -0.82296103 -0.5647275 -0.3257333 0.2538798 0.07737646 -0.43362337 -0.127596 0.33960545 -0.95572734 -0.70888025 -1.0048003 -0.28174078 0.14454126 0.2575666 0.17902042
hsa2103 -0.5816024 0.2418474 -0.25332657 -0.064097226 -0.102737516 0.1908892 -0.41751397 -0.06729183 0.16480038 0.84757906 -0.15197065 -0.954805 -0.18702897 0.23907839 0.05196368 -0.53242874
D00443 -0.65454346 -0.5474382 -0.44404674 0.49606952 0.42209 -0.048716024 -0.920942 -0.22274426 0.114770696 -0.6206415 -0.41906878 -0.3294144 -0.028545503 0.46783042 0.35834318 -0.13906443
D00962 -0.3308655 0.41475594 -0.36439058 0.093505196 -0.014629262 0.36986968 -0.47712895 -0.36085477 0.32349068 0.78488797 -0.3781804 -0.9016263 -0.4391459 0.32872003 -0.56493175 -0.35640723
D01441 -0.4485005 0.37747264 -0.058729623 0.15041064 1.0122641 0.401538 -0.7468702 -0.3350451 -0.26873752 0.29462895 -0.32218874 -0.37281832 -0.6335488 0.3464392 -0.660131 -0.11443217
D00586 -0.50860214 -0.21969709 -0.53714854 0.6323321 0.18549979 0.03889055 -0.6453238 -0.42963538 0.20279235 -0.49620682 -0.37177953 -0.35078105 -0.402418 0.342038 -0.3828001 -0.3893842
hsa3174 -0.753725 0.52954584 -0.57978386 -0.60021806 0.017895821 -0.014716351 -0.35071468 0.12244012 -0.083526 1.1763924 -0.37509438 -1.0569509 -0.40797687 -0.17652905 0.21733604 -0.62315404
D00211 -1.2300235 -0.6064506 -0.58238316 -0.26300457 0.7853873 -0.07048366 -0.3942175 -0.08361903 -0.3574917 -0.9846615 -0.3228185 -0.54709077 -0.36267963 0.19442292 0.030445801 -0.06283113
hsa9971 -0.82684755 -0.2817579 -0.66166455 0.05100515 0.81645685 0.054581054 -0.8544472 0.17145391 -0.6550309 -0.03199397 -0.5751739 0.1727144 -0.43282858 -0.005778386 0.5258964 -0.22734153
D00956 -0.5465474 -0.42282373 -0.5761925 0.46187177 -0.011709892 0.17117637 -0.6965604 -0.30139995 0.52066547 -0.18087448 -0.43603155 -0.4233896 -0.11485889 0.4178498 -0.004255998 -0.18472666
hsa6097 -0.77345884 0.29173973 -0.11239682 -0.23721935 0.976751 0.17740375 -0.60275656 -0.0826618 -0.6247323 0.31455532 0.03967176 -0.46697426 -0.39457113 0.5125542 -0.10800878 -0.52672535
D00627 -0.23616387 0.7278148 -0.35629615 0.074799545 0.5633996 0.54794574 -0.5573587 -0.56239444 0.16190599 0.6178195 -0.49954933 -0.91779166 -0.6968373 0.670912 -0.9906793 -0.13975212
D02217 -0.30584496 0.37695694 -0.21667004 0.24278894 0.34259897 0.46535146 -0.5208819 -0.50477797 0.1850358 0.4193905 -0.3348082 -0.5923871 -0.5559528 0.44329774 -0.73247236 -0.26050287
hsa190 -0.77183235 0.4598055 -0.05765632 -0.54401594 0.9503627 0.22519483 -0.7905038 -0.10090953 -0.603717 1.0009004 0.115620464 -0.61839175 -0.27342853 0.5238625 0.4190108 -0.9739163
