hsa2099 -0.60169625 -0.19586076 -0.28489998 0.48289156 -0.7077648 0.31376323 -0.0177919 -0.16739997 0.9087575 -0.11879079 -0.097396076 -0.5699089 0.08548899 0.13485557 -0.058542293 -0.26009327
D01132 -0.9560564 0.28706783 0.21717793 -0.23238648 0.666788 0.48012945 -0.24116236 -0.2897749 0.43415982 0.10808078 -0.11935401 -1.0005051 -0.58779097 -0.1471248 -0.0033611166 -0.104843095
hsa5241 -0.57436526 -0.7186476 -0.4507684 0.31703654 -0.53858495 0.0019172711 -0.28357568 -0.31309217 0.7536111 -0.96489745 -0.15818788 -0.56050897 0.24854852 0.21717241 -0.17033349 0.0906533
hsa367 -0.777355 -0.28744516 -0.22185536 0.35386193 0.06836545 -0.09739915 -0.37387696 -0.27624515 0.51481366 -0.71793157 -0.057090733 -0.45036924 -0.115049444 -0.07798518 -0.3438737 0.049215015
D00577 -0.77368873 0.25352353 -0.17747678 0.26422355 -0.24196617 0.29927057 0.11549783 -0.15242267 0.6726181 0.099257626 -0.069002666 -0.79150456 -0.36401984 0.01438611 -0.14077093 -0.29625246
D00316 -0.9436506 -0.003251738 0.380447 -0.34916908 0.97635317 0.24822082 -0.2892919 -0.46830055 0.5093309 -0.091376364 0.06812279 -1.1453979 -0.4631916 -0.30495268 0.59162986 -0.34506458
D00066 -0.6095688 -0.62714756 -0.16948217 0.54662406 -0.39796898 0.09581883 -0.5528654 -0.18100205 0.62087554 -0.39214227 -0.3424856 -0.35009032 0.21781793 0.06516993 0.20013683 0.014043972
D00075 -0.6054334 -0.5563338 -0.46489736 0.61210674 -0.47501296 -0.054658864 -0.44765994 -0.22916102 0.73709375 -0.58259743 -0.28613028 -0.4166943 0.1990387 0.21534696 -0.06386104 0.029189907
D00088 -0.74461645 -0.77025765 -0.6575395 0.23072188 -0.36145064 -0.17230064 -0.060695592 -0.2916456 0.5511088 -1.1600925 -0.21652605 -0.52363527 0.09562221 -0.029392011 -0.07070853 0.01959636
hsa2908 -0.73165977 -0.8784525 -0.5752427 0.093603775 -0.31744653 -0.12486125 0.12980461 -0.337789 0.52140975 -1.2281456 -0.06534968 -0.5119858 0.16719924 -0.14506008 -0.15873477 -0.02941142
D00585 -0.5670162 -0.58929783 -0.4942048 0.2852811 -0.3983677 -0.081309676 -0.05340724 -0.35817212 0.70341307 -1.1493076 -0.13026957 -0.5461244 0.115241386 0.1398053 -0.34236053 0.1566423
hsa2100 -0.7992516 0.29073185 -0.27364653 0.5280197 -0.6351658 0.47381032 -0.007782435 -0.16613032 0.9454108 0.25254253 -0.11491182 -0.7441366 -0.16743723 0.15479676 -0.34005588 -0.34426415
D00182 -0.50530785 -0.609627 -0.5589055 0.5652188 -0.6584542 -0.004672033 -0.22594906 -0.37562653 0.95887536 -0.9452994 -0.1553966 -0.5503018 0.24664956 0.31717542 -0.12169688 -0.05467365
D00950 -0.57364035 -0.41068187 -0.46593186 0.50943184 -0.58009064 0.108162634 -0.21151789 -0.34686214 0.86295927 -0.73952526 -0.064237736 -0.54351676 0.16237214 0.41217768 -0.16840234 -0.043769773
hsa8856 -1.1266122 -0.49273148 -0.17090656 0.036974456 0.4639739 0.09105606 -0.29956585 -0.044934504 -0.0047255997 -0.23790005 -0.17119868 -0.45567733 -0.24868833 -0.37077704 0.21517797 -0.05833073
hsa7421 -0.95847684 -0.94689703 0.2158394 -0.2245978 0.22795406 0.37252977 -0.59538215 -0.001300829 0.47792304 -0.14204997 -0.5136321 -0.43729827 -0.20805708 -0.82250255 0.8265405 -0.14724064
hsa5914 -1.0035504 0.052442342 0.36148918 -0.35337454 0.7072243 0.48504657 -0.24725525 -0.290263 0.50408816 0.22309294 -0.11597638 -1.0937158 -0.53177994 -0.37338364 0.46496984 -0.3374867
D00143 -0.83592606 -0.5637054 -0.30350792 0.4681634 0.023528134 -0.038350545 -0.57202095 -0.1576525 0.28391105 -0.5013991 -0.38953304 -0.35804507 -0.00800462 0.008814551 0.25381866 0.1730085
hsa6095 -0.92754126 -0.105283074 0.3826968 -0.2870459 0.39515376 0.8858963 -0.5557989 -0.10537854 0.42643437 0.01040076 -0.47305036 -0.49633828 -0.2781673 -0.2603317 -0.14219175 0.2673927
D00327 -0.6254017 -0.4635841 -0.4822509 0.38744894 -0.44550204 -0.035644174 -0.10827771 -0.28726405 0.72308385 -0.75567156 -0.18084918 -0.55837584 0.14226584 0.20111878 -0.19247366 -0.046906203
hsa5916 -0.8780818 -0.030743945 0.19862324 -0.35993636 0.61330575 0.39842382 -0.07090831 -0.22707939 0.37261337 0.10312407 -0.22590236 -0.88018966 -0.5123017 -0.3837536 0.57537454 -0.21794258
D00954 -0.50748044 -0.52797097 -0.40040916 0.41534635 -0.433311 0.10750464 -0.30943763 -0.39495638 0.79995036 -0.76530164 -0.037412323 -0.5947334 0.24238084 0.3594356 -0.21973598 -0.00035936013
hsa5915 -0.9809187 0.08357665 0.13000102 -0.29094726 0.7012126 0.469196 -0.22363241 -0.28828824 0.34396583 0.08731008 -0.269612 -0.97988063 -0.6053461 -0.23266768 0.23920047 -0.011000084
D00565 -1.0852239 0.40925965 -0.019385416 0.29225197 0.26906157 0.39052054 -0.24694137 -0.14065851 0.42459682 0.0589398 -0.027322266 -0.79894745 -0.52509046 -0.043523777 -0.51131326 -0.11295798
D00040 -0.7262283 -0.5687916 0.20050675 0.0315532 0.07541009 0.38551238 -0.6466247 0.010435601 0.3541407 -0.16905539 -0.566415 -0.35456792 -0.09953546 -0.3884266 0.39672267 0.21855305
hsa5468 -1.2579861 0.34464613 -0.026579268 0.15697843 0.31358767 0.7398419 -0.30289468 -0.06700358 0.38101482 0.35382777 -0.1414658 -0.9552388 -0.6494794 -0.012064055 -0.59244 -0.057239424
D00105 -0.67176664 0.3112162 -0.4595687 0.3904531 -0.9576577 0.54605216 0.3262346 -0.11067493 1.1515212 0.16267276 -0.21419965 -0.82026505 -0.1430543 0.11028812 -0.2568861 -0.39667073
D00187 -0.8905645 -0.9574196 0.38507926 -0.4193178 0.2526189 0.4815308 -0.55745816 -0.087546416 0.6624014 0.006358599 -0.5895945 -0.59717613 -0.21960162 -0.9024787 1.0058264 -0.20654291
D00951 -0.6541583 -0.6609167 -0.39853886 0.4165784 -0.29182485 -0.047391515 -0.44425377 -0.35851747 0.62452215 -0.8142357 -0.1815512 -0.4824755 0.22906725 0.26890823 -0.085527524 0.09791178
D01441 -0.9637167 0.24414468 0.30005315 0.0008066138 0.052137982 0.93015295 -0.49519524 -0.091201566 0.7338747 0.32510805 -0.4482508 -0.62033576 -0.2921364 -0.1697845 -0.3343711 0.07278649
D02367 -0.61212367 -0.4203841 -0.5123601 0.68069106 -0.82781845 0.1631187 -0.19511688 -0.3432111 1.0973705 -0.6319695 0.03657231 -0.7341353 0.27614522 0.48820943 -0.32211217 -0.24263214
D01294 -0.56335086 -0.42671815 -0.45266432 0.554127 -0.4742784 0.05270607 -0.31313223 -0.3214697 0.81623733 -0.6763284 -0.06804237 -0.5567443 0.20357345 0.35605967 -0.26232365 -0.02304611
D02217 -0.79004467 0.21390006 -0.022719523 0.36364096 -0.3433853 0.65456724 -0.059864655 -0.27801645 0.8829482 0.078354985 -0.056966715 -0.7183513 -0.08892994 0.20765093 -0.43381244 -0.24519613
D00067 -0.6652906 0.020193756 -0.31700745 0.544567 -0.93432814 0.5516452 0.14479057 -0.11429942 1.1123474 -0.07875401 -0.14277978 -0.58219093 0.047462225 0.17019719 -0.23784643 -0.4065367
D00188 -0.8111316 -1.1661881 0.19331807 -0.20150964 -0.07788353 0.34579325 -0.69220006 0.06911092 0.6071685 -0.09821497 -0.67610663 -0.31232136 -0.0663725 -0.92081726 0.888113 -0.08807848
hsa2104 -0.5595545 0.24507847 -0.2171202 -0.18632601 -0.073099926 0.38754758 0.30679205 -0.22345556 0.62984586 -0.086077124 -0.19400416 -0.8698539 -0.45546824 0.06934143 0.11926408 -0.20796338
hsa6257 -0.8071852 0.26752326 -0.012697294 -0.42383507 0.6817462 0.29538512 0.024829833 -0.3415511 0.3568531 -0.13928467 -0.15818098 -1.0918345 -0.66207373 -0.0908363 0.3201222 -0.12996528
D00730 -1.4213614 -0.087943465 -0.059389006 0.17497393 0.613459 0.23661552 -0.2979722 -0.020619491 0.05612444 -0.09949288 0.047840673 -0.51299524 -0.47105455 -0.30660206 -0.10479216 -0.28959417
D00279 -1.0098501 0.057960924 -0.19211254 0.19062379 0.2956603 0.3210172 -0.32760838 -0.1168488 0.23742321 -0.1916431 -0.020963674 -0.5356605 -0.47129694 0.034069084 -0.3100349 -0.18578435
D00246 -0.9041573 -1.3561794 -0.87807244 -0.066324286 -0.33379385 -0.30992156 0.20331144 -0.55891925 0.5919354 -2.0047615 -0.12600172 -0.70646155 0.22158799 -0.13324052 -0.064187236 0.06939623
D00898 -0.8512355 0.28412455 -0.027238943 0.22890148 0.010033291 0.47533566 -0.05249962 -0.1849923 0.6197337 0.05659205 0.046204764 -0.878554 -0.4016301 0.16759253 -0.41626957 -0.23512061
D01689 -0.7151297 -1.2106303 -0.6275856 -0.076 -0.16265897 -0.23259483 0.088005915 -0.3739744 0.42800787 -1.4778625 -0.16594516 -0.5561646 0.19111627 -0.27687824 0.13422255 0.10221047
hsa6256 -0.8638408 0.2659637 0.04265335 -0.34683734 0.54483485 0.44726488 0.00643452 -0.3279774 0.43076178 0.0014239794 -0.12418919 -1.0352142 -0.6271069 -0.026190389 0.28073695 -0.26379058
D00129 -0.75641745 -1.1869804 0.2745377 -0.30380866 0.07580096 0.2927993 -0.59757894 -0.012931903 0.57231736 -0.1431143 -0.7325348 -0.42374656 -0.12579028 -0.9818081 1.0420891 0.0014674832
D01387 -0.7604247 -1.2718139 -0.7007257 -0.07814733 -0.28609622 -0.1840015 0.09901745 -0.43082464 0.6003956 -1.5420614 -0.1252478 -0.61179 0.2562722 -0.2460251 0.063007824 0.015583739
hsa5465 -1.1285763 0.1584208 -0.025723103 0.29658666 0.24088962 0.3972902 -0.42680997 -0.055820208 0.35245296 0.21243927 -0.0784398 -0.69778335 -0.5404405 -0.13148919 -0.42391267 -0.20241901
D04066 -0.70277077 0.051943 -0.3382581 0.6411557 -0.9311526 0.51566714 0.012502157 -0.1605519 1.1650233 0.16856055 -0.17366739 -0.64072645 0.072896875 0.23188429 -0.17004529 -0.43425292
D00690 -0.7429813 -1.023047 -0.7499751 0.17462748 -0.45073515 -0.15449956 0.06366923 -0.46614298 0.6665768 -1.423744 -0.08454405 -0.7005203 0.28805622 0.012650098 -0.09168912 0.0037285616
D00312 -0.6078468 0.06053621 -0.32593226 0.56123173 -1.041628 0.487641 0.15296848 -0.1557922 1.2293947 0.035095602 -0.18915667 -0.6731047 0.08524008 0.156108 -0.13802655 -0.4212289
D00443 -0.71280354 -0.6849628 -0.373651 0.53424597 -0.21319772 -0.18375091 -0.579885 -0.21065108 0.46859124 -0.84387326 -0.49067974 -0.4258181 0.11858735 0.08299489 0.3330568 0.20870045
D00596 -0.9659561 0.23248428 -0.023676923 0.11697721 0.023452787 0.5119941 -0.1966734 -0.011673739 0.5006411 0.2911246 -0.22119392 -0.83637756 -0.43639836 -0.12823027 -0.33009124 -0.079861075
D00348 -0.9438232 -0.31415772 0.53155386 -0.4491945 0.57610095 0.49653023 -0.4521469 -0.2907591 0.63551426 0.29482603 -0.2036525 -1.050526 -0.3680697 -0.60881954 0.9989515 -0.40280804
D00299 -1.1248884 -1.2533237 0.33840105 -0.3532008 0.06997961 0.43231934 -0.78546804 0.06556514 0.67951775 -0.006607255 -0.8030592 -0.6092937 -0.22389881 -1.1406157 1.2167028 -0.18959142
D00627 -1.008675 0.359606 -0.056604307 0.26356637 -0.08665838 0.73301035 -0.23770876 -0.06431987 0.67854744 0.40536222 -0.3034037 -0.8660755 -0.44231397 0.033478454 -0.48338032 -0.0020103734
hsa2103 -0.60294044 0.31808773 -0.0862804 0.042066053 -0.103169516 0.39532375 0.22679545 -0.21354887 0.7306762 0.045471415 -0.18817309 -0.87828505 -0.43407184 0.07756556 0.016816858 -0.22521308
hsa190 -0.45625836 0.6542283 -0.98145235 -1.4778308 -0.020073373 1.1548661 0.7704859 -0.44150153 1.2282369 -1.0983049 -0.7785009 -1.3871138 -1.3913665 0.62606823 -0.03296039 -0.20142843
D00506 -1.3893957 -0.2683765 -0.5945548 0.11438154 -0.1582912 0.36941326 -0.40659767 0.62097484 0.029837161 0.063732065 -0.4833891 -0.26913247 -0.6437978 -0.7388254 0.021038614 -0.26670164
D00163 -0.5504937 -0.6407823 -0.043956913 0.21447447 -0.22112983 0.16289538 -0.35127792 0.028841408 0.48479706 0.00091067096 -0.80620885 -0.44683808 -0.23613152 -0.47446722 0.88236153 0.21561487
D01217 -0.6919908 -0.69842106 -0.36533597 0.74200225 -0.19623677 -0.232879 -0.8088841 -0.2779528 0.5741033 -0.70835024 -0.40473914 -0.42690748 0.25387317 0.26114157 0.3901801 0.13237374
hsa6096 -1.072372 0.09207926 0.21961263 -0.43998915 0.63197917 0.73602986 -0.2733492 -0.26851407 0.34983867 -0.14652452 -0.25899374 -0.72681594 -0.4537356 -0.116868034 -0.14830172 0.1384381
D00961 -0.87914973 0.16829766 -0.087988794 0.46969014 -0.05598888 0.30678028 -0.33744672 -0.20052472 0.6034737 -0.13084915 -0.044866703 -0.5353231 -0.21438965 0.00632576 -0.6464976 -0.023711566
D00462 -0.54380584 -0.5691351 -0.07023799 0.38398355 -0.033818457 -0.032838076 -0.65636367 -0.29427868 0.5384406 -0.60573196 -0.3407431 -0.41158113 0.025432745 -0.06729303 0.056216918 0.24613938
D00554 -0.70476043 0.24276653 -0.38942218 0.52591497 -1.1402829 0.6892225 0.33209524 -0.17012103 1.3682947 0.19677503 -0.18786378 -0.747433 -0.0034932974 0.13692012 -0.12182567 -0.6554347
D01161 -0.72236824 0.18926276 -0.5051486 0.46722975 -0.9527322 0.44837475 0.11765287 -0.116497174 1.1070092 0.104868144 -0.24950102 -0.7598221 -0.117135346 0.11384088 -0.33928263 -0.28726265
hsa2101 -0.574935 0.2464859 -0.22989011 0.27538794 -0.23102161 0.24578696 0.04584154 -0.21629524 0.72096616 -0.21928282 -0.07587285 -0.7074852 -0.21358503 0.26580694 -0.14424288 -0.14126264
hsa3174 -0.5062485 0.5194209 -0.50800836 -0.75591743 -0.31590936 0.28792092 0.57194287 -0.0121774515 0.71728045 0.015042713 -0.77394634 -1.2917126 -0.84253955 -0.39567292 0.21784581 0.16240063
D00586 -0.9203297 -0.038216375 -0.2568039 0.34508127 0.11957777 0.084538765 -0.37175494 -0.123460606 0.3309003 -0.4562893 -0.12869605 -0.4114562 -0.28874475 -0.14955017 -0.40546855 -0.090716995
hsa4306 -0.70639443 -0.58145046 -0.5678858 0.47256762 -0.3351399 -0.21352963 -0.22275177 -0.33832395 0.540985 -1.1692814 -0.20591442 -0.49130395 0.08746489 0.19201742 -0.11273676 0.12741409
D00956 -0.6259604 -0.49580014 -0.4816979 0.49399567 -0.3690865 -0.013142869 -0.3369503 -0.31732228 0.75805706 -0.7015269 -0.16016972 -0.47160113 0.14916289 0.18408637 -0.08384267 0.05439853
D05341 -0.45797592 0.36108145 -0.5260477 -0.43287995 -0.5536223 0.15023749 0.46677953 0.10579998 0.60134053 0.15855218 -0.72287697 -1.0511997 -0.57425 -0.41000214 0.114612624 0.18956447
D00962 -0.6682838 0.32250223 -0.22443402 0.21897715 -0.34892035 0.41438672 0.11874837 -0.13403776 0.7398069 0.14614075 -0.2294793 -0.9152069 -0.32254076 0.11291598 -0.17259292 -0.1158741
hsa9970 -1.5416808 -0.27654165 -0.5952552 0.111614615 0.10918202 0.38667852 -0.42648628 0.54062605 -0.11333216 0.0298 -0.509676 -0.30435908 -0.7357771 -0.78366077 0.14086126 -0.21110809
D00094 -0.99098504 -0.50074136 0.5183029 -0.69840455 0.48623854 0.6376085 -0.5072506 -0.1658422 0.7741181 0.3010142 -0.57368445 -1.0917264 -0.44448137 -0.7458848 1.1811682 -0.27288055
D00965 -0.90790576 -0.050520558 -0.35409206 0.34736732 -0.23791587 0.18793395 -0.078591295 -0.018120917 0.52378595 -0.3415177 -0.16777755 -0.39161876 -0.23496129 -0.16327427 -0.42316285 -0.20670587
hsa6258 -1.0674435 0.07897173 0.08348541 -0.3790261 0.82538855 0.3568536 -0.1774587 -0.2636371 0.2594023 -0.10253583 -0.06797918 -0.9294664 -0.52903545 -0.19784318 0.3403974 -0.25695285
D00930 -0.8413439 -1.321594 0.25443316 -0.37705654 0.007861055 0.34554258 -0.6317568 -0.019506518 0.7594585 -0.20392416 -0.6850256 -0.48095092 -0.14814773 -1.059886 1.0547395 -0.1580901
D01115 -0.6568833 -0.90241224 -0.5407847 0.31685907 -0.33232987 -0.2846725 -0.42761865 -0.3396777 0.49417946 -1.2037742 -0.31076276 -0.48936123 0.2725344 0.07584895 0.17833446 0.15340333
D00211 -1.0717409 -0.9530546 -0.2340241 -0.18297376 0.35729787 0.033905517 -0.2655461 -0.17097737 0.06539768 -0.6430129 -0.22751202 -0.36353958 -0.04061318 -0.5546379 0.39053178 -0.07621382
hsa9971 -0.8950703 -0.47233337 0.010857863 0.07960826 0.4621118 0.13082469 -0.35920784 -0.16432083 0.15940952 -0.042453673 -0.64033735 -0.66635585 -0.4174302 -0.45249915 0.8247688 0.24503176
hsa6097 -1.2679613 -0.08464566 0.29662737 -0.5911078 0.4584596 0.9957479 -0.32359463 -0.03918316 0.32398024 -0.03810769 -0.5035952 -0.46493125 -0.41865993 -0.23169139 -0.30927724 0.30266044
