hsa2099 -0.8857915 0.15825859 -0.4116205 0.36715713 -0.4401943 0.35237995 -0.6949934 -0.22537974 0.67999107 0.48418325 -0.09795183 -0.60880786 0.032442246 0.08392366 0.077286705 -0.13088264
D00094 -0.92715234 1.0091487 0.078037076 -0.03940568 0.38749304 0.5738233 0.029159598 0.703608 -0.31697595 0.6493535 -0.457963 0.09246954 -0.420237 0.38944116 0.39358103 -0.4314268
D01132 -0.8789278 0.93912363 0.07931011 0.062428057 0.40128905 0.70395947 -0.08510449 0.36918458 -0.23044226 0.7428468 -0.12629974 -0.13703595 -0.18760112 0.4688298 0.22604086 -0.36782125
hsa5241 -1.040337 -0.20151041 -0.22863975 0.47517058 0.13598797 0.13679168 -0.7814884 -0.23648608 0.5569824 -0.3640924 -0.27406448 -0.5317207 0.09958636 0.15636452 0.081785105 0.1175324
D00577 -0.8407303 0.6495033 -0.04998099 0.21984497 -0.19034399 0.53066087 -0.39354464 -0.15892515 0.33934778 0.77124596 -0.07154952 -0.4675671 -0.16081433 0.32852274 -0.12062439 -0.3335945
D00066 -0.8688904 -0.043963797 -0.08701585 0.6554297 0.35343146 0.06616494 -0.9155384 -0.08077914 0.35031456 -0.28645727 -0.45751655 -0.3170344 -0.098835625 0.061233595 0.3040841 -0.011983063
hsa367 -0.8454704 0.24105342 -0.13342603 0.30329832 0.619386 0.3681245 -0.9521108 -0.6342648 0.44268927 -0.3611499 -0.4634289 -0.4619801 -0.14187646 0.16541977 -0.31987935 0.062959164
D00075 -0.8339584 -0.04140591 -0.21667889 0.54638726 0.39612114 0.0470917 -0.80587053 -0.1553492 0.37995896 -0.27535468 -0.4494407 -0.2873877 -0.10688334 0.07708267 0.03994456 -0.0035143741
D00316 -0.94875246 1.0364672 -0.003940099 -0.11739818 0.41586372 0.45919865 0.02165046 0.45087597 -0.29174337 0.60119045 -0.21924077 -0.24846269 -0.117861554 0.49143222 0.24200457 -0.3949262
D00327 -0.9212445 -0.08679717 -0.06810968 0.57823575 0.31213102 0.008045388 -0.9107778 -0.1743872 0.5828164 -0.2869305 -0.54307425 -0.44401282 -0.044242185 0.10255869 0.2413106 0.07419277
hsa2100 -0.9180096 0.31328413 -0.22750737 0.13722123 -0.30531636 0.7440286 -0.6189255 -0.3682798 0.7096795 0.8896107 -0.17029488 -0.37845427 -0.13132852 0.052128892 -0.06783461 -0.2899729
D00950 -0.8573114 0.013528642 -0.3614548 0.42192775 0.01060386 0.27134532 -0.84759516 -0.29980043 0.5890313 -0.025300678 -0.19264913 -0.52661324 0.038776193 0.19181064 -0.037384648 0.0671609
D00182 -0.9239168 0.046815015 -0.27017573 0.47879213 0.3039032 0.23055092 -1.0779842 -0.3758472 0.6792294 -0.22716287 -0.4180182 -0.6428902 0.0024819663 0.19632344 -0.06829108 0.07202538
hsa5914 -1.0228475 0.9632845 0.0804719 0.051290557 0.5315859 0.39574203 -0.040321283 0.6070062 -0.4294194 0.4273869 -0.3108412 -0.060043108 -0.2935152 0.39634532 0.34034353 -0.5258905
hsa7421 -1.0996325 -0.02831171 0.19843076 0.6423462 0.31868467 0.2731972 -0.44373804 0.9870396 0.0027261446 0.3033761 -0.7851687 0.83465856 -0.6849398 -0.35703248 0.72871685 -0.4123595
hsa8856 -1.0016137 -0.050009202 -0.22223043 0.6892614 0.2278867 -0.008056901 -0.3090578 0.33000177 -0.168354 -0.28554484 -0.14468819 0.096630625 -0.38390857 -0.08287489 0.25850168 -0.5623192
hsa5916 -0.9497671 0.70522916 -0.0059754495 0.16790543 0.48959163 0.50612634 0.082840554 0.47964934 -0.4322477 0.3329395 -0.23529157 0.05462742 -0.2996434 0.39296767 0.28751764 -0.3929982
D00088 -1.2646778 -0.22821066 -0.2360264 0.56218624 0.27102804 -0.13437678 -0.48062846 0.016173653 0.38261753 -0.6655034 -0.4645756 -0.44424534 -0.12404785 0.06190908 0.27045435 0.0421784
hsa5915 -1.0854765 0.92816496 0.04986131 0.0956313 0.52969545 0.63447636 0.04725766 0.47097647 -0.44726315 0.62783957 -0.16959202 -0.032582335 -0.21647227 0.49562755 0.27590442 -0.5188712
D00954 -0.82232326 0.049147937 -0.2585105 0.34968945 0.091794364 0.24301526 -0.7708177 -0.19852576 0.57161474 0.046764597 -0.28345224 -0.46374434 0.018656563 0.15752217 0.058519337 0.030831832
D00143 -0.7916179 -0.12913652 -0.04700769 0.7638761 0.3903294 0.08440772 -0.74222934 0.18009216 0.17210709 -0.2347774 -0.4989074 -0.03455588 -0.2648848 -0.014574782 0.36142385 -0.03232828
hsa5468 -0.70455 0.6039786 -0.4428517 0.10396732 0.2416418 0.8931472 -0.21111059 0.012082954 -0.1621534 0.39909226 -0.32901257 -0.4301051 -0.31483352 0.39784324 -0.36926574 -0.0069272146
D00105 -1.0303806 0.19125383 -0.47985053 0.23088232 -0.5266935 0.47142366 -0.7608762 -0.17482854 0.8964059 0.69201374 -0.20404954 -0.4392576 -0.107076995 -0.24625684 0.13460614 -0.23823047
D00951 -1.1016984 -0.22262335 -0.3099088 0.69301325 0.25131446 -0.03176106 -0.8925989 -0.15624547 0.48057768 -0.44363394 -0.377165 -0.44957903 -0.041768353 0.07664488 0.18940534 0.02198349
hsa2908 -1.4627837 -0.16172546 -0.30442402 0.3346414 0.31262693 -0.076565675 -0.26114896 -0.1139327 0.3440275 -0.9210799 -0.3458102 -0.6688685 0.0034571681 0.21203211 0.18921266 0.084081545
D02367 -0.9961617 0.008797161 -0.41491422 0.37821218 -0.043804493 0.18310986 -0.94062406 -0.3593071 0.75347674 -0.07669286 -0.2364235 -0.79277635 0.09876771 0.14180537 0.0054314467 -0.0030160563
D00129 -1.048566 0.11990013 0.14187504 0.58993363 0.3086496 0.35626644 -0.36126155 0.91059816 -0.0902515 0.45916945 -0.87739205 0.6067361 -0.6648176 -0.27574384 0.62528026 -0.14581788
D00040 -0.7916867 0.06610802 0.058443468 0.6502006 0.27238083 0.3805909 -0.5007873 0.64616513 -0.0015127473 0.31016377 -0.7269394 0.30909088 -0.36750668 -0.1577499 0.61396563 0.22511499
D04066 -1.0966051 0.4031573 -0.51204616 0.07444659 -0.50375795 0.812419 -0.86129403 -0.44249427 1.0577791 0.99262476 -0.24019328 -0.636331 -0.03128542 -0.08990418 -0.12965956 -0.2323118
D02217 -0.83665556 0.29081127 -0.39200196 0.17022517 -0.21590722 0.8546868 -0.5598653 -0.52462953 0.53316027 0.64254516 -0.2542368 -0.46476066 -0.21212476 0.1142943 -0.34973475 -0.17758994
hsa6256 -0.9090722 0.9444794 -0.07024453 -0.02167601 0.17622852 0.38800865 -0.044731684 0.4404848 -0.17817372 0.6242879 -0.30238816 -0.29388964 -0.21654175 0.4271958 0.32267004 -0.34718913
D01217 -0.90488815 -0.15693146 -0.07994142 0.7589266 0.34723496 -0.09917599 -0.8825826 0.032729246 0.42161736 -0.40338525 -0.5018821 -0.30329442 -0.09073321 0.053245395 0.39391705 0.055976994
D00554 -1.1072162 0.15274228 -0.56324923 0.14443573 -0.54639727 0.55054843 -0.8673207 -0.41731852 1.0870185 0.64604485 -0.17112304 -0.6795668 0.11467225 -0.15643448 -0.019115679 -0.20018713
D00187 -1.0209087 -0.035942 0.2486749 0.46577638 0.33783728 0.2516013 -0.44676524 0.74924845 0.08363435 0.3080494 -0.7181984 0.5913052 -0.4492664 -0.26761875 0.6356561 -0.32410094
D00565 -0.9314162 0.75304174 -0.22272308 -0.0037158153 0.19692041 0.68358743 -0.22864659 -0.06595676 -0.17518196 0.39475194 -0.015695203 -0.24617851 -0.25168496 0.22904931 -0.3156232 -0.5496104
hsa6257 -0.987845 0.91825753 0.091209136 0.040041134 0.39029294 0.5461167 -0.12998256 0.40501407 -0.24386308 0.7111797 -0.21108651 -0.09983109 -0.16377886 0.4143176 0.3289891 -0.4406829
D00188 -0.9836913 0.0750883 0.23893341 0.5241558 0.28682002 0.30667186 -0.49435863 0.8737954 0.042091575 0.51877505 -0.8096589 0.6245223 -0.48480055 -0.23672813 0.6871985 -0.18966824
D00299 -1.1790553 0.3333328 0.28632462 0.4240576 0.38668472 0.3141356 -0.2892012 1.0380491 -0.17014074 0.47332188 -0.7942422 0.6284351 -0.5750912 -0.069806494 0.71871144 -0.42011562
D00163 -0.65874153 0.06811346 -0.28674388 0.7229586 -0.02994381 0.29616612 -0.41183668 0.4864231 0.00993586 0.2872324 -0.89303553 0.25494418 -0.5568694 -0.25211924 0.5053585 0.3954885
D01294 -0.90132713 -0.08790616 -0.33935452 0.53041726 0.15381885 0.117264844 -0.8917313 -0.29510462 0.64960474 -0.19459039 -0.36709327 -0.5846547 0.03975874 0.15320873 -0.01655696 0.07603566
D00067 -1.0439441 0.40415388 -0.6406146 0.00553981 -0.66346973 0.7340497 -0.7551028 -0.24539681 0.9930322 0.84491485 -0.19517171 -0.46298963 -0.14122348 -0.31237996 -0.08217001 -0.35734844
hsa5465 -0.9242821 0.88637996 -0.14419922 -0.04667235 0.4134999 0.8982536 -0.075413376 0.114249155 -0.46886128 0.55295753 -0.042172354 -0.1272148 -0.40446508 0.51256645 -0.30453137 -0.667086
D00930 -1.1059529 0.19073011 0.3194445 0.4809313 0.4007047 0.39684787 -0.32691145 1.0248883 -0.047211066 0.41920507 -0.80591 0.77208626 -0.72894686 -0.17026621 0.6831187 -0.4392863
D00596 -0.7071071 0.73616624 -0.72155267 0.09960337 -0.20985435 0.8555854 -0.14575122 0.15341736 -0.21200918 0.716112 -0.1993351 -0.3476537 -0.3926724 0.092145965 -0.4392726 -0.20985276
D00898 -0.8411298 0.6047788 -0.32332042 0.089561746 -0.110764064 0.7069828 -0.43112993 -0.21070994 0.18334167 0.6627545 -0.0029005148 -0.5457345 -0.13870892 0.294882 -0.380277 -0.3775977
D00690 -1.5907629 -0.34150502 -0.41247278 0.5106529 0.21944389 -0.061616383 -0.47682473 -0.13297647 0.5242086 -0.8939706 -0.48108178 -0.6799454 -0.030962195 0.03333112 0.23412523 0.0932032
D00956 -0.82814723 0.1296611 -0.18364011 0.4339499 0.39243233 0.07221309 -0.870298 -0.28556272 0.43542364 -0.3114777 -0.48212823 -0.42621 -0.07050514 0.109687 0.021423765 0.10329321
D00462 -0.71403193 0.1675493 -0.1704427 0.5811412 0.42969704 0.1519284 -1.0431774 -0.13120918 0.26191267 -0.24537638 -0.77192855 -0.114465795 -0.40536228 -0.21559663 0.2333309 0.13262786
D00443 -1.0309366 -0.2534537 -0.22299135 0.8466426 0.024781127 -0.082799524 -0.8850169 -0.025186908 0.37977597 -0.46397644 -0.5265372 -0.32078785 -0.11912938 -0.040524032 0.6114253 0.040260404
hsa4306 -1.1826297 -0.09049387 -0.25258684 0.61296034 0.020003399 -0.08361191 -0.8650088 -0.28023624 0.49691996 -0.5417787 -0.41802537 -0.6170946 -0.028219957 0.10987497 0.4997657 0.07533446
hsa6096 -0.8446869 0.82757676 0.1528625 0.25038734 0.67473805 0.79319966 -0.053503778 0.48879212 -0.31977242 0.40862235 -0.32953313 0.011959128 -0.24751805 0.41708067 0.3228556 -0.04289756
D05341 -0.9395991 0.90449697 -0.7939892 -0.12822402 -0.4040343 -0.15306805 -0.012024254 0.7097185 -0.03618523 0.46439886 -0.9822796 -0.623901 -0.303319 -0.092707954 0.36331248 0.11873444
hsa2104 -0.8787776 0.6519335 -0.15625912 0.06405312 -0.2357225 0.35108954 -0.15436429 0.07367085 0.21842264 0.63315755 -0.16606498 -0.47343057 -0.07911838 0.29808214 0.16528721 -0.2606589
D00730 -0.9387143 0.36665887 -0.13534033 0.4406578 0.22450215 0.24980105 -0.14925592 0.04148121 -0.20118463 -0.10631685 0.19578083 -0.13281919 -0.2594713 0.28005058 -0.015050267 -0.77383256
hsa2103 -0.8056962 0.7212754 -0.1454895 0.13850738 -0.33036438 0.2648872 -0.2686637 -0.0042559775 0.3654884 0.685481 -0.16932803 -0.7278423 -0.0046200585 0.41852608 0.12976417 -0.18489707
D00506 -1.1029177 0.3336191 -1.1138495 0.42938253 -0.34902284 0.39794892 -0.37427709 0.48298135 -0.412775 -0.039537825 -0.2553531 0.352526 -0.8135101 -0.5412987 0.07769724 -0.85845417
D00348 -1.0765121 0.8551612 0.23477495 0.082276456 0.4534406 0.5446502 -0.03761047 0.9646386 -0.29096657 0.5301975 -0.5867115 0.32869738 -0.5089626 0.21154664 0.63703454 -0.43504736
D01161 -0.9427746 0.30274448 -0.59446084 0.032233674 -0.6279776 0.52755487 -0.60708165 -0.22968997 0.86708695 0.7966522 -0.31643295 -0.5735039 -0.056924827 -0.21941794 0.02170283 -0.08884873
D00279 -0.9267119 0.6624842 -0.19968952 0.08683699 0.33524752 0.7327477 -0.26097277 0.0155454725 -0.31661403 0.43014124 0.023427315 0.015929738 -0.34881696 0.2937985 -0.21129276 -0.7693953
hsa3174 -1.1759683 1.2121278 -0.5412494 -0.23283792 -0.26007545 -0.020090919 0.04895559 0.7965237 0.026611013 0.66520303 -0.9885659 -0.6838432 -0.29970047 0.090647 0.542926 -0.026323745
hsa6258 -1.1515714 1.0185014 0.039460495 0.03780984 0.562713 0.56164765 -0.0405439 0.6055595 -0.47832304 0.56299174 -0.14981776 0.039221723 -0.23553218 0.4882495 0.32865828 -0.6679999
D01115 -1.1291896 -0.124641515 -0.21429439 0.7694639 0.1725282 -0.10218235 -0.9913657 -0.17609543 0.42176935 -0.5800437 -0.45689946 -0.54770905 -0.0216727 0.16540825 0.51089895 0.06929022
hsa9970 -1.1104168 0.27037707 -0.98422176 0.5362462 -0.23520279 0.38410997 -0.33285958 0.58045155 -0.45201072 0.10427476 -0.40629303 0.5017926 -0.8348919 -0.61562 0.15030684 -0.71728224
D00211 -1.5920994 -0.36780837 -0.47891507 0.8264988 0.31948325 -0.27048242 -0.14988445 0.3190693 -0.12741147 -0.9840988 -0.33487803 -0.07166404 -0.30305505 -0.16303764 0.38065073 -0.42849258
D00962 -0.729524 0.4857892 -0.45894134 0.13816652 -0.3339937 0.6960488 -0.38271347 -0.06661107 0.40806296 0.8082339 -0.33317995 -0.5090081 -0.16651824 0.12894055 -0.09827234 -0.045372732
D01689 -1.6626639 -0.30040047 -0.4848235 0.5274426 0.23177181 -0.08940132 -0.3072005 -0.118115224 0.46614018 -1.0115076 -0.4743059 -0.7286981 -0.07566498 0.05766324 0.22302297 0.14743122
D01387 -1.8629282 -0.44962293 -0.47884503 0.5747629 0.22887623 -0.13407655 -0.35536036 -0.06819914 0.51476073 -1.1513745 -0.4581863 -0.67549694 -0.05549635 0.010602402 0.27376848 0.044448923
D00961 -0.8332903 0.5860446 -0.30026713 -0.02740052 0.30755055 0.8079905 -0.56422204 -0.55997455 0.23489 0.26847285 -0.23749799 -0.34633616 -0.31502444 0.15501417 -0.54233503 -0.30263755
hsa6095 -0.77042127 0.5220212 0.1669501 0.554948 0.63909984 0.8108187 -0.35503784 0.58396477 -0.2414248 0.359671 -0.31862876 0.24679053 -0.31132445 0.1910411 0.37128946 -0.09513332
hsa9971 -0.8236438 0.22370797 -0.3280899 0.84871686 0.08741239 0.3871387 -0.14485383 0.6670452 -0.33620572 0.27865976 -0.94346136 0.42816094 -0.6460971 -0.13146457 0.57036006 0.43760744
D00586 -0.80589044 0.5133212 -0.31388918 -0.011963533 0.40069786 0.5318851 -0.6853722 -0.5373221 0.19861087 -0.19451182 -0.28054312 -0.21373126 -0.25814468 -0.13363096 -0.53319734 -0.48483747
D00246 -1.6890327 -0.33496335 -0.38451457 0.4320395 0.28457972 -0.13537279 -0.23198254 -0.07407867 0.36979637 -1.1090951 -0.4785143 -0.59258544 -0.1096934 0.051651612 0.22047104 0.12623268
D00627 -0.6717047 0.50203055 -0.30380425 0.13021052 0.33682415 1.0042871 -0.2788502 -0.29928884 0.07598134 0.39456376 -0.3657682 -0.47017616 -0.26873547 0.45182195 -0.47217798 0.15162036
hsa2101 -0.8152721 0.6198007 -0.14837033 0.11851122 -0.15712135 0.41167235 -0.35310307 -0.122792795 0.31440663 0.56753665 -0.07790696 -0.570656 -0.008168112 0.3650453 0.0033738853 -0.18590483
D00312 -1.1289972 0.38194448 -0.590056 0.07190238 -0.75453144 0.742845 -0.8207713 -0.16809028 1.079155 1.0446712 -0.22565778 -0.39567345 -0.12584911 -0.34239018 0.014714797 -0.34906152
hsa6097 -1.0134708 0.603188 0.16414379 0.30145907 0.70227504 0.55877256 -0.005964556 0.62356055 -0.42376587 -0.050542418 -0.32183623 0.179843 -0.34906074 0.39290115 0.39302588 -0.28967968
D01441 -0.9064818 0.54234034 -0.31942505 -0.11394703 0.3543862 1.0620011 -0.2545081 -0.62753934 0.06777145 0.16364251 -0.18456973 -0.50783426 -0.28634626 0.4657212 -0.752167 -0.14981979
D00585 -1.0160886 -0.11383876 -0.17968954 0.46730477 0.36209896 0.11442405 -0.77148014 -0.28115407 0.5269085 -0.5212015 -0.31089395 -0.57430875 0.033353966 0.22538917 0.00014090165 0.056467623
D00965 -0.963885 0.47960785 -0.9025202 -0.034372784 -0.5187746 0.69398934 -0.63961685 -0.18012777 0.4449073 0.36707187 -0.23192224 0.15986319 -0.5375712 -0.76791656 -0.383735 -0.8428201
hsa190 -1.117603 1.26605 -0.026210621 -0.28927165 0.30619904 0.6836094 0.21884252 0.9779031 -0.15747263 0.33829558 -0.59202623 0.15061939 -0.7978705 0.43782657 0.47719634 -0.6458077
