hsa2099 -0.70203596 0.19642709 -0.0394179 0.3949457 0.18122919 0.17861716 -0.8998528 -0.10593623 0.2571825 -0.24656186 -0.28228378 -0.8044902 0.113019235 0.61266756 -0.47586018 -0.27571416
hsa5241 -0.68208116 -0.17190567 -0.12836872 0.35233253 0.3618581 -0.24020015 -0.7913897 -0.18871275 0.008093122 -0.8148402 -0.096214 -0.7815672 0.30324015 0.4208262 -0.104636654 -0.11643238
D00094 -0.8340254 0.6277728 0.20821661 -0.22531496 1.3930179 -0.10978355 0.24788989 -0.02172393 -0.93861467 0.07498277 0.064836904 -0.054469135 -0.013091088 0.24544513 -0.116967194 -0.29032964
D01132 -0.71958125 0.6521887 0.22126596 -0.056406587 0.9331085 0.12915175 0.019537896 0.058578275 -0.90163666 0.20970891 -0.012926129 -0.028397746 -0.2858133 0.52854455 -0.29007718 -0.45288825
hsa367 -0.6600794 -0.11411642 -0.22970147 0.36800927 0.3691109 -0.188504 -0.8016814 -0.28282768 -0.055530407 -0.99612164 -0.26945853 -0.26366684 -0.118052326 0.36328155 -0.45696738 -0.19558634
D00066 -0.7816745 -0.23004404 -0.22064397 0.47140998 0.45785743 -0.27923018 -0.76630497 -0.13664195 -0.020637974 -0.7306753 -0.30019498 -0.5135178 0.19950412 0.19989243 -0.029349264 -0.09927286
D00577 -0.5409803 0.57609814 0.23731594 0.025649153 0.3493994 -0.018305482 -0.010273263 -0.24614611 -0.3721408 -0.09328544 0.039952748 -0.6795222 -0.15578021 0.77305514 -0.32765806 -0.31061512
D00075 -0.8197199 -0.16358933 -0.22486454 0.4194103 0.4086483 -0.32164747 -0.78389245 -0.14820166 0.10849672 -0.648815 -0.35942814 -0.5970344 0.24005513 0.2757983 -0.10317919 -0.11380107
D00088 -0.8161945 -0.23969121 -0.26237875 0.3549783 0.49679133 -0.31836227 -0.37388536 -0.42297608 0.020384075 -1.0289191 -0.037477482 -0.84499997 0.062316563 0.2003737 -0.1442611 -0.08444907
D00316 -0.7091186 0.5627819 0.32490253 -0.061257645 1.0121903 -0.20340593 0.21336953 -0.23032756 -0.7741392 0.031466596 0.08974622 -0.20204794 -0.009999578 0.46162608 -0.08674763 -0.3339254
D00585 -0.7749406 -0.1514487 -0.13913728 0.40846878 0.33293256 -0.27977234 -0.65744054 -0.2967653 0.06335664 -0.94427913 -0.16233449 -0.80543464 0.16115755 0.42234698 -0.13790558 -0.09017687
hsa6095 -0.46110028 0.33633855 0.1549003 0.36754405 1.1944816 0.102508076 -0.5416401 0.28187284 -0.5927456 0.011161644 -0.042416092 -0.1455237 0.23034166 -0.0747975 -0.5609372 0.2646865
hsa5915 -0.79839927 0.52861696 0.18139045 -0.041355714 1.2508037 0.060068797 0.066033565 0.07918887 -0.9907251 0.08847408 -0.00309761 0.19058672 -0.17835182 0.27252683 -0.20037472 -0.3819106
hsa5916 -0.8121907 0.6533798 0.06261876 -0.11637158 1.158926 0.08366208 0.18604323 0.15943383 -1.0193186 0.10050733 -0.055496298 0.21520023 -0.26074874 0.3451113 -0.13954243 -0.46509138
hsa5914 -0.6992797 0.6098379 0.36227047 -0.12094 1.0310161 0.0141886 0.17029034 -0.14719059 -0.8034353 0.19862223 0.13519397 -0.074648485 -0.08236974 0.50235033 -0.10620905 -0.5081053
D00950 -0.6918859 0.038390603 -0.06269373 0.37540618 0.11585398 -0.032367926 -0.94209063 -0.20729333 0.24024278 -0.5622057 -0.15702313 -0.895111 0.18069743 0.66868293 -0.30367264 -0.2700419
D00327 -0.70586526 0.07136097 -0.093069166 0.29652315 0.25544888 -0.12433538 -0.5953139 -0.3133438 0.13931054 -0.56462187 -0.19112028 -0.8960086 0.09679827 0.56694746 -0.27720153 -0.22147416
D00040 -0.75389314 -0.11961994 0.043549057 0.48797038 1.0229231 -0.2813147 -0.68860686 0.26605895 -0.40657318 -0.33707932 -0.27817658 -0.10983857 0.31625378 -0.31295085 -0.110339805 0.2017352
hsa2908 -1.0132014 -0.3647558 -0.31048986 0.39076006 0.42421374 -0.36148968 -0.34839332 -0.5572902 0.14979154 -1.3289411 -0.09763319 -1.0401655 0.11213807 0.2627923 -0.10558963 -0.11451724
hsa2100 -0.7859028 0.7064774 0.112302266 0.14537561 0.18256533 0.38321024 -0.5945307 -0.13607842 0.06892268 0.2955494 -0.2508699 -0.8846465 -0.078576386 0.7881395 -0.5516052 -0.5176778
hsa7421 -1.4277339 -0.11599047 -0.26603326 0.13684143 1.2885996 -0.3899974 -0.28773698 0.55063915 -0.71410674 -0.37912104 -0.50267977 0.4561896 -0.13950634 -0.5379899 0.23780386 -0.5259226
D00105 -1.0784118 0.7777332 0.05434412 0.22858056 -0.038490303 0.4293651 -0.64658463 -0.122189894 0.3890304 0.27236187 -0.43431813 -1.1244456 0.06602573 0.7665805 -0.41769296 -0.72863847
D00182 -0.6080917 -0.09386907 -0.06650997 0.46432436 0.2695886 -0.063175224 -1.0418835 -0.17801231 0.18328191 -0.7082173 -0.20381297 -0.75437164 0.24273889 0.57342046 -0.28577757 -0.2469343
D00143 -0.92171246 -0.24298383 -0.29401514 0.4648725 0.72866875 -0.2755016 -0.7546621 0.1800358 -0.18483508 -0.5038495 -0.44929722 -0.088940755 0.18562032 -0.17919236 0.11068607 -0.09565051
D00954 -0.52651054 -0.009980122 -0.09490252 0.40470642 0.24521323 -0.074126035 -1.0390947 -0.27170745 0.12100942 -0.7069292 -0.08303414 -0.9352645 0.24495363 0.82114494 -0.34027213 -0.20278615
D00565 -0.44438407 0.6535246 0.22558352 0.070939384 0.5703467 0.3403954 -0.1675985 -0.15762815 -0.7016011 -0.085309625 0.071206614 -0.14305437 -0.4318767 0.8266417 -0.59730065 -0.41040933
D01217 -0.59969884 -0.17838177 -0.20606819 0.3831986 0.5501927 -0.38003278 -0.84091175 -0.14567333 -0.077484086 -0.7891768 -0.15644869 -0.473972 0.2504629 0.34583572 -0.037095804 -0.057170115
hsa6256 -0.6951948 0.68812996 0.3972415 -0.17425677 0.94364417 -0.1105655 0.14685111 -0.16492215 -0.69451195 0.15676312 0.07472286 -0.30977827 0.030823682 0.5064623 -0.102966614 -0.32702756
hsa5468 -0.45788592 0.6246836 -0.100482784 0.11358784 1.0341972 0.5213537 -0.485643 0.44234166 -0.80639476 0.48817337 -0.12024324 -0.07097337 -0.28226137 0.45203596 -0.72598976 -0.15003803
D00554 -0.935257 0.50303286 0.031130234 0.30070773 -0.06418922 0.27745694 -0.81994027 -0.2154776 0.39441615 -0.123519845 -0.40717006 -1.024278 0.20595762 0.7639711 -0.3743739 -0.61729836
D00129 -1.3219988 -0.11262179 -0.05027802 0.19677143 1.2626066 -0.36215177 -0.5220081 0.633434 -0.572245 -0.2165572 -0.52115846 0.2787196 0.028359866 -0.6011828 0.11514855 -0.33394757
D01294 -0.69497925 -0.042464394 -0.16337638 0.4600509 0.24348727 -0.08636144 -0.9930682 -0.24580705 0.21522667 -0.7606493 -0.16484424 -1.0392952 0.25928727 0.6517312 -0.3524529 -0.19914667
hsa4306 -0.90996796 -0.23737176 -0.14726147 0.46771523 0.44891545 -0.41243365 -0.7391995 -0.28661263 0.06553627 -0.95162743 -0.19471434 -0.73708504 0.17239168 0.23242658 -0.011222989 -0.047717232
hsa6257 -0.6962017 0.68359786 0.3239805 -0.12619753 0.9237942 -0.12215755 0.15630779 -0.10041719 -0.794764 0.13962024 0.046435893 -0.2902833 -0.048186008 0.5113404 -0.16953747 -0.32868007
D02367 -0.5691687 -0.14930618 -0.032953203 0.3809437 0.32876337 -0.20420493 -1.0757185 -0.25120082 0.05349932 -0.83479166 -0.02515793 -0.8428114 0.28361553 0.71285594 -0.2151655 -0.21293497
D01161 -0.771741 0.50147164 0.012570178 0.17595506 0.046048775 0.15359955 -0.56740946 -0.10746981 0.24674794 0.049970176 -0.3082257 -1.0697678 0.1535526 0.5600011 -0.39943227 -0.41042286
D00312 -0.9018661 0.6406827 -0.041327577 0.28454039 -0.037416622 0.53283566 -0.8939544 0.09232881 0.30434492 0.21429026 -0.55207247 -0.6862206 -0.0069641066 0.70574313 -0.5010114 -0.67403275
hsa8856 -1.0972213 -0.22958706 -0.65370345 0.2422068 0.9052096 -0.3555879 -0.053058885 0.13250358 -0.45126945 -0.75876504 -0.36075345 -0.06469 -0.046962194 -0.43832317 0.22338475 -0.22963202
D00951 -0.84435296 -0.25799736 -0.23850706 0.45390582 0.3749498 -0.29897848 -1.0463928 -0.29405218 0.16518942 -0.8875463 -0.18598972 -0.81993985 0.26288316 0.46798602 -0.15647154 -0.1761447
D00187 -1.460591 -0.029445836 -0.057798605 0.09718034 1.6262879 -0.4000145 -0.2877831 0.5479738 -0.8901951 -0.21453801 -0.4861189 0.46357325 0.003965164 -0.5775003 0.24695985 -0.43414083
hsa2104 -0.5122872 0.70452183 0.42516434 0.0071354536 0.45231926 -0.004304798 0.04979435 -0.29682085 -0.36946043 0.053363368 0.07585455 -0.78987294 0.09668846 0.94135237 -0.26247618 -0.2880311
D00067 -0.9443237 0.5559213 -0.046145808 0.2986339 -0.06024824 0.45149657 -0.74664 -0.11188897 0.36610213 -0.08212464 -0.43131104 -0.92184 0.017390706 0.80052215 -0.42830148 -0.6927608
D01441 -0.35529584 0.3991756 0.17765412 0.3095169 0.96429765 0.32054105 -0.5630515 0.20810837 -0.48426092 0.15820447 -0.011367539 -0.2810753 0.062233098 0.19812386 -0.8212992 0.15377003
D00279 -0.56660223 0.70314354 0.10524376 0.018872593 0.73754567 0.36910003 -0.0882435 -0.0128091825 -0.8905021 0.17286964 0.02801352 -0.006001189 -0.51509935 0.7628601 -0.44608948 -0.4902774
hsa5465 -0.47199938 0.6538825 0.11324134 0.06268903 0.65514535 0.4397381 -0.25354883 -0.045910157 -0.78054273 0.09247275 0.047160495 -0.15766837 -0.5015011 0.8707895 -0.6234062 -0.5059795
hsa6096 -0.68238264 0.64453316 0.2482482 -0.07329155 1.4172428 0.03450433 0.07802264 0.058263294 -1.0021032 0.09180912 0.15221125 -0.027591357 0.022755224 0.17793952 -0.37700945 -0.040158983
D00930 -1.6335832 0.043761946 0.035852976 0.15669978 1.6142073 -0.46580875 -0.31934565 0.64547795 -0.85759485 -0.11942533 -0.58733714 0.3142787 -0.00021117646 -0.58256125 0.18206452 -0.46989003
D02217 -0.5149272 0.37492207 -0.021480326 0.34038094 0.3847056 0.44658569 -0.82041585 -0.054754835 0.0037032794 0.047044992 -0.11854399 -0.79375374 -0.015212511 0.6961831 -0.7496882 -0.21007521
D00246 -1.1704448 -0.3637399 -0.39922866 0.3675863 0.4558688 -0.3052513 -0.27118304 -0.53369516 0.14960231 -1.359789 -0.17123531 -1.1823391 0.08124127 0.124784626 -0.16406846 -0.16007489
D00627 -0.34521967 0.6876358 -0.21684036 0.15239936 0.998139 0.5968728 -0.5788195 0.4146183 -0.62645966 0.4229208 -0.20886439 -0.26914978 -0.32279712 0.5363531 -0.8954625 -0.046696186
D00188 -1.2267534 -0.10147232 -0.026204068 0.20632172 1.2611521 -0.40366647 -0.35494232 0.45503685 -0.66539806 -0.115525156 -0.42401946 0.32441568 0.10320943 -0.47713035 0.18658969 -0.30391613
D00596 -0.5382003 0.8048815 -0.21243846 0.023493836 0.6130053 0.5317999 -0.27313203 0.4746657 -0.5631024 0.30596855 -0.2841085 -0.26850703 -0.37158287 0.47546795 -0.687199 -0.38340318
D01689 -1.0079509 -0.3119003 -0.41083434 0.4652455 0.4150778 -0.23501417 -0.2408851 -0.49025658 0.15252183 -1.1734196 -0.1717261 -1.0968153 0.0355129 0.17313948 -0.104959436 -0.17854317
D01115 -0.8644388 -0.254656 -0.23347214 0.3983879 0.5465925 -0.38372868 -0.60292965 -0.26157627 -0.07645566 -0.8985509 -0.1462083 -0.5966992 0.14471996 0.13025846 -0.032999873 -0.062629044
D00443 -0.8873348 -0.37615642 -0.18641886 0.57975435 0.68424785 -0.50611526 -0.8738925 -0.21016029 -0.06834112 -1.0233284 -0.19319972 -0.5563818 0.32156283 0.18686336 0.07190039 0.018799132
D00690 -1.0211959 -0.37535208 -0.47516966 0.48021114 0.3894055 -0.2970299 -0.3963261 -0.5527284 0.14133361 -1.4198686 -0.17653778 -1.1977063 0.16675718 0.24263315 -0.14185634 -0.21413097
D00962 -0.62334126 0.4422233 -0.23130728 0.258758 0.19254953 0.19148341 -0.50301164 0.009878827 0.08363118 -0.12756038 -0.2760177 -1.1490245 -0.038679074 0.6313676 -0.5806378 -0.20023082
D00299 -1.4859097 0.05159516 0.03518536 0.12031283 1.3874047 -0.45031562 -0.26885068 0.60906386 -0.8150207 -0.06692267 -0.5420476 0.3156437 -0.011212633 -0.5005666 0.2005576 -0.44016826
D00956 -0.6924642 -0.13451514 -0.083063565 0.35375783 0.36842588 -0.18440977 -0.86503017 -0.20993428 0.04357644 -0.6728239 -0.12055782 -0.43213284 0.1554367 0.42867815 -0.20416163 -0.197974
D00163 -0.9404633 -0.11998892 -0.28477913 0.52119416 0.7994798 -0.5490688 -0.54031473 0.43854365 -0.577012 -0.47323254 -0.8304376 -0.036961947 0.112134136 -0.358069 0.08363478 0.1659609
D00462 -0.81150764 -0.2625917 -0.2347867 0.5233172 0.45846707 -0.28999677 -1.1731342 0.05243822 0.020650873 -0.7173583 -0.5703195 -0.24500199 0.16724767 0.11136373 -0.1081095 -0.08907652
hsa2101 -0.43601504 0.49319935 0.28323033 0.035996675 0.46074337 -0.10303247 -0.051408447 -0.33697468 -0.3373245 -0.30151427 0.2035586 -0.69738597 0.056664497 0.8236253 -0.22844154 -0.16161892
D00506 -0.8060297 0.67643106 -0.7013473 -0.058518082 0.58589214 0.5246099 -0.20218448 0.6615082 -0.8771825 -0.25121176 -0.4530985 0.23639902 -0.65829146 0.46274504 -0.30190256 -0.6543941
D00898 -0.65218276 0.6512736 0.20982555 -0.007583527 0.4456218 0.28498468 -0.11981456 -0.0055628996 -0.36683875 0.17572747 -0.041656278 -0.6038005 -0.16707699 0.6076753 -0.4621919 -0.43025082
D01387 -1.0613165 -0.41355425 -0.5004851 0.4219192 0.49094993 -0.2805804 -0.21679002 -0.51966125 0.1435105 -1.3857845 -0.12804645 -1.0846549 0.09648182 0.059818067 -0.13778679 -0.2201079
D00965 -0.7126671 0.3436975 -0.48501 0.08851708 -0.019681232 0.36384496 -0.5047772 0.05720924 -0.03312276 -0.65537095 -0.52695435 -0.104754396 -0.36904266 0.5814147 -0.5739191 -0.7888281
D00961 -0.33360624 0.3099481 -0.14754604 0.23592293 0.36964327 0.22134937 -0.44824365 -0.33538353 -0.3197701 -0.70012957 -0.009073149 -0.364598 -0.44019923 0.6683511 -0.90640944 -0.29849684
D00211 -1.172207 -0.39121407 -0.7887146 0.25921515 0.96480036 -0.40360042 0.12286617 -0.33130333 -0.45002908 -1.2725189 -0.08565531 -0.34985718 -0.03328865 -0.30005455 0.13414434 -0.308988
D04066 -1.026274 0.6449621 0.0682132 0.24722485 0.021293607 0.40507716 -0.7446301 -0.15660408 0.4169504 0.167141 -0.41881794 -1.1180478 0.15982881 0.7264515 -0.42096445 -0.6628122
hsa9970 -1.1329339 0.4371367 -0.88036716 -0.015265942 0.9558467 0.14223644 0.06616515 0.6824169 -1.1275706 -0.535926 -0.52897567 0.4794343 -0.63952744 0.016181476 0.10862841 -0.57309043
hsa6097 -0.7835061 0.63901675 0.30511442 -0.13195467 1.3140203 0.026433008 0.050231144 0.15963285 -0.9213265 0.13347523 0.029296849 0.03268859 0.05129612 0.177579 -0.3128689 -0.158964
hsa3174 -0.63760793 0.9956341 0.1254313 -0.28395748 0.54983115 -0.28247288 0.45884472 -0.0009814852 -0.6655001 0.029124752 -0.19944447 -0.9417334 -0.042008486 0.5199009 -0.34733492 -0.084635556
D00730 -0.61768705 0.8055694 0.012112414 0.09049992 0.43755555 0.54259074 -0.17330785 0.13822603 -0.9882857 0.04228919 0.06940927 0.10517046 -0.6597342 1.0764021 -0.46860835 -0.7552239
D00348 -1.1366386 0.6125633 0.3924028 -0.24711767 1.6321594 -0.19599378 0.1639953 0.14032908 -1.1686424 0.24635227 -0.034268767 0.21576978 -0.030765187 0.09504054 0.03443042 -0.53151864
hsa6258 -0.7888739 0.67105794 0.111762546 -0.100133486 1.2461567 0.081961304 0.20364766 0.027249172 -1.1104412 0.06558765 0.1079225 0.110011615 -0.2569494 0.47108564 -0.22421004 -0.4599547
D05341 -0.747655 0.94549453 -0.15399188 -0.24023071 0.12335131 -0.45254102 0.273925 0.2121924 -0.33377513 0.106181026 -0.64302146 -1.2811608 0.024125142 0.26251608 -0.36258408 -0.025124237
hsa2103 -0.53307503 0.7297282 0.37793237 0.037356935 0.33090934 -0.07405468 0.011026753 -0.25144687 -0.26268262 -0.044583417 -0.08980916 -0.8697289 0.08654035 0.8727843 -0.27690628 -0.2641454
D00586 -0.4815974 0.5484566 -0.26401973 0.28594476 0.2385584 0.55228084 -0.23570007 -0.3759543 -0.63222516 -0.89300466 -0.25826764 -0.010581617 -0.7705278 0.88594276 -0.9913212 -0.6966386
hsa9971 -1.1805608 -0.13533387 -0.61726964 0.6104078 0.79402125 -0.24589762 -0.2596393 0.27562505 -0.796547 -0.6959494 -0.8375599 0.264241 -0.10060126 -0.14792725 0.23514086 -0.029524738
hsa190 -0.6478041 0.78830785 0.06357637 -0.27932256 1.2372181 -0.03501614 0.25835487 0.0126036685 -0.88134 -0.17555381 0.045779243 -0.13213556 -0.15350075 0.3884974 -0.31392786 -0.18300085
