hsa2099 -0.4591717 0.19773908 0.27709144 0.14903313 0.03216441 0.46027952 -0.47294196 -0.13969783 0.7372849 0.6009295 0.0597602 -0.5949954 -0.05512136 0.12732498 -0.2667836 -0.4366257
D00094 -0.7865606 0.14707649 0.8971593 -0.49097598 1.0675539 0.6381553 -0.23346803 -0.25293353 -0.25852647 0.8492155 -0.23486617 -0.17370063 0.17089242 -0.24582636 0.25408807 -0.24778785
D01132 -0.8867937 0.35077682 0.53514487 -0.19025858 0.6343283 0.5117387 -0.19233215 -0.17747948 -0.17549741 0.8967378 0.044032417 -0.32618433 -0.047503196 0.083905526 0.024007699 -0.24921529
hsa367 -0.31914404 -0.39989465 0.23262204 0.3921131 0.52771884 0.6140149 -0.79448426 -0.42151526 0.5224027 -0.3486424 -0.4788808 -0.6463639 0.09849163 0.07494079 -0.46201128 -0.42179468
D00577 -0.96522343 0.5948188 0.508094 -0.0227999 0.19302745 0.4503816 -0.0025867855 -0.17638129 0.29889706 0.84235215 0.061895266 -0.5274781 -0.16096197 0.054225788 -0.08232593 -0.30631536
hsa5241 -0.17415641 -0.23730952 0.20906733 0.31459013 0.1518546 0.44193506 -0.92380184 -0.19138369 0.802393 0.26085636 -0.17355266 -0.64949524 0.120327435 0.05701511 -0.27692202 -0.43936
D00075 -0.1006144 -0.39535663 0.33245677 0.44605106 0.36122033 0.44475847 -1.0090635 -0.24280553 0.7310544 0.111150816 -0.33959556 -0.592559 0.13772744 -0.005650303 -0.32931477 -0.4064256
D00066 -0.086729616 -0.45975465 0.33501935 0.53383106 0.32546207 0.36949492 -1.0265619 -0.16233581 0.6277168 0.033396006 -0.437588 -0.44497755 0.17483237 -0.16242553 -0.17512497 -0.35615823
hsa2100 -0.562731 0.5361693 0.19521545 -0.11276509 -0.015492704 0.4079673 -0.3385791 -0.18982036 0.8591815 0.8937075 0.12254864 -0.7021845 -0.11647158 0.10130247 -0.25257117 -0.405232
D00088 -0.57939214 -0.9485167 -0.019486064 0.68242407 0.23828086 0.38168487 -0.83175737 -0.6934455 0.66844034 -0.12640616 -0.41407263 -1.036848 0.2504323 -0.24082129 0.0801914 -0.5890018
D00182 -0.007835899 -0.2618161 0.24413788 0.3151592 0.1890039 0.54770774 -1.0190516 -0.15149197 0.9353727 0.25202265 -0.1890798 -0.6310531 0.009224238 0.02779216 -0.39595348 -0.5019289
hsa7421 -0.5551818 -0.09771106 0.91408557 -0.07468187 0.73929006 0.62967706 -0.61786073 0.40111485 -0.06593372 0.7930979 -0.66950136 0.4479797 -0.2383837 -1.1900637 0.083683625 -0.17741534
D00950 -0.18059881 -0.22309192 0.096248694 0.31985745 0.15531555 0.47554523 -0.93475336 -0.34233826 0.8942623 0.25627962 -0.12514631 -0.8300472 0.09472001 0.19248559 -0.32123575 -0.44561952
D00143 -0.34427604 -0.4448554 0.29290402 0.5532537 0.38389233 0.39968532 -0.801165 -0.16462724 0.344738 -0.041423757 -0.5045578 -0.33680594 0.09963843 -0.18593092 -0.081505045 -0.22849576
D00585 -0.35646912 -0.56634814 0.23584491 0.64654297 0.40733537 0.6385007 -1.110616 -0.43467027 0.78010297 -0.1882156 -0.4000161 -0.85609037 0.19953515 0.17090324 -0.3455411 -0.5405956
D00954 -0.114372954 -0.017240092 0.3197305 0.25754276 0.1739386 0.49496806 -0.8313801 -0.11103479 0.73064196 0.45714423 -0.09946756 -0.5669243 -0.02697599 0.08599503 -0.33880743 -0.41746366
D00327 -0.315317 -0.48759556 0.23256439 0.48474494 0.24326721 0.4085757 -0.7530557 -0.3515285 0.64110464 0.0045774328 -0.2919601 -0.71392095 0.16888358 0.03608185 -0.1744823 -0.48256412
hsa5914 -0.6570193 0.29887453 0.7962947 -0.24037142 0.76061106 0.45031708 -0.29267398 -0.072711006 -0.16892046 0.88543713 -0.06934718 -0.14936766 0.010093156 -0.2006878 0.10669574 -0.1824527
D00565 -0.90160894 0.70536286 0.5393986 0.1498771 0.5380474 0.8029675 -0.35577098 -0.112036526 0.07116083 0.38635117 -0.018445441 -0.36625278 -0.26228392 0.5972823 -0.5088824 -0.32190743
hsa8856 -0.7550062 -0.434464 0.42759562 0.5012476 0.52304685 0.46811193 -0.5005806 0.05117082 -0.16970724 0.11215032 -0.59508437 0.15222523 -0.04944763 -0.554845 0.07484423 -0.15353575
D00040 -0.11476114 -0.22697042 0.8130466 0.11062191 0.5806033 0.45786598 -0.7638286 0.24865776 0.128677 0.5156599 -0.5354941 0.08715757 -0.07848347 -0.80661774 -0.068009645 0.023007259
D00129 -0.35453218 -0.3752469 1.0870323 0.023932897 0.65257096 0.49332085 -0.7836414 0.36067697 0.19182347 0.8452195 -0.6139106 0.36282235 -0.17481786 -1.3688391 0.05726668 -0.20247985
hsa5916 -0.8760595 0.24672204 0.7526938 -0.40971932 0.91707736 0.5800461 -0.1448626 -0.12430022 -0.3759764 0.9043106 -0.27554238 -0.084104076 -0.017338246 -0.38904065 0.25988206 -0.13903853
D01294 -0.12259961 -0.26339343 0.15489903 0.35092157 0.12585562 0.47718534 -0.8727584 -0.24642248 0.92698723 0.20504797 -0.21031879 -0.7771862 0.11268894 0.086468495 -0.35550547 -0.48563787
hsa5915 -0.7714764 0.047806352 0.57508886 -0.27785352 0.872683 0.583882 -0.245529 -0.2938391 -0.4051369 0.84744114 -0.21460223 -0.20766552 0.044743337 -0.192841 0.18550627 -0.11257904
D00951 -0.1999897 -0.5880618 0.17799501 0.5500953 0.2117277 0.36574852 -0.98474544 -0.38887018 0.8355541 0.048471794 -0.26338416 -0.75933874 0.19431143 -0.03626855 -0.25216606 -0.47932526
D00163 -0.07739391 -0.32575747 0.6316203 0.17679124 0.56102395 0.582978 -0.8139808 0.2531621 0.23285222 0.5626635 -0.9230983 0.16982092 -0.14530908 -1.0672605 -0.01388426 0.07489249
D04066 -0.6188795 0.48746836 -0.02108562 0.043811288 -0.22093071 0.31919447 -0.3886175 -0.08234568 1.0963961 0.8180496 -0.019089712 -0.6906242 -0.1546456 -0.16331735 -0.23438568 -0.47779843
hsa6257 -1.0145215 0.23111513 0.4195502 -0.3879023 0.80437756 0.41139916 -0.056684826 -0.38812086 -0.47669786 0.7472108 -0.20853846 -0.43764216 0.034573272 -0.2471466 0.32279533 -0.11158549
D02367 -0.21347149 -0.23412015 0.1464053 0.416821 0.0640795 0.53270465 -0.9923356 -0.2930146 1.0489528 0.23661783 -0.19212501 -0.9511781 0.05870212 0.15064482 -0.37616202 -0.5995019
D00105 -0.6029665 0.39936972 -0.115936294 0.0856598 -0.30745497 0.25958863 -0.45469075 -0.14469679 1.2686813 0.8925029 -0.02954421 -0.9412605 -0.13641009 -0.28445405 -0.26296714 -0.55220556
D01217 -0.063944034 -0.37695596 0.33895963 0.491747 0.50245184 0.4193197 -1.0137635 -0.21783397 0.48670626 -0.1066305 -0.43513393 -0.4098973 0.18431135 0.013541903 -0.25623253 -0.30953908
D00187 -0.50498956 -0.122644596 1.2242963 -0.21067655 0.79204875 0.64680654 -0.58092177 0.30964577 0.0060778363 1.0093929 -0.4931834 0.40217194 -0.17593151 -1.180777 0.058116324 -0.2207663
D00930 -0.65527445 -0.1855196 1.1320735 -0.22485366 0.83499354 0.60952765 -0.56280404 0.30243668 -0.11770209 0.97392064 -0.56397367 0.4176671 -0.23648345 -1.2584893 0.114431635 -0.2381384
D00067 -0.44977397 0.42189437 -0.027863286 0.08313355 -0.16549848 0.40792957 -0.5199698 -0.053155415 1.1158607 0.5490103 -0.1696564 -0.78428286 -0.16896039 -0.091886915 -0.41473797 -0.4799848
D02217 -0.5541406 0.4775709 0.33131906 -0.15210526 0.1993238 0.5839898 -0.28090647 -0.2754373 0.60918 0.76958394 0.07528956 -0.6797263 -0.09116865 0.27936813 -0.32436088 -0.34111777
D00898 -0.6792935 0.3822816 0.2375898 -0.011050242 0.11534153 0.53535223 -0.16832459 -0.099172726 0.36427367 0.5786674 -0.055913143 -0.5286105 -0.17375313 0.09182602 -0.23662058 -0.28813332
D00188 -0.5855058 -0.4462817 1.2025083 -0.027277514 0.77911615 0.6084178 -0.8035475 0.2999138 0.09987631 0.90122277 -0.66534126 0.32734725 -0.15884344 -1.4708968 0.12519208 -0.28543127
D00279 -0.9600607 0.6919613 0.74214786 0.2012285 0.642411 0.8680902 -0.2933168 -0.019889683 -0.16562775 0.5014421 -0.06519898 -0.029187212 -0.30570263 0.4752301 -0.34143347 -0.27699044
D00299 -0.6217629 -0.2500665 1.2060257 -0.17054054 0.79230535 0.48593014 -0.582908 0.20552778 -0.070915125 0.9915153 -0.4739375 0.25511095 -0.058067434 -1.1650289 0.19190659 -0.24984114
hsa4306 -0.4163645 -0.42838115 0.13878675 0.7036122 0.26579562 0.42188346 -1.0130283 -0.35094413 0.6993198 -0.15029693 -0.4433277 -0.6892228 0.17108764 0.05778811 -0.16346665 -0.48020828
hsa6095 -0.4626603 0.23884618 0.7601636 -0.48997712 0.9203529 0.5970842 -0.41078553 -0.027497036 -0.20776471 0.8959529 -0.31768706 -0.15172713 0.020550165 -0.39168382 -0.008255901 0.044101916
D00443 -0.26705056 -0.3367474 0.2700412 0.5915997 0.29480532 0.3542275 -0.95430344 -0.17721172 0.6334244 -0.0022415146 -0.39412665 -0.47872597 0.21568428 0.058939237 -0.09775628 -0.39755145
D01387 -0.96995926 -1.2559205 -0.1092203 0.65802497 0.16235177 0.3941195 -0.45678633 -0.9459308 0.5300677 -0.09806667 -0.38328254 -1.1456537 0.3205553 -0.57626045 0.2920044 -0.63819176
hsa6256 -1.0067506 0.5036902 0.45456856 -0.48921725 0.7039238 0.4236013 -0.04941341 -0.28020546 -0.22520041 1.0462523 -0.17753245 -0.48228377 -0.024506692 -0.22950852 0.2935067 -0.12961742
hsa6096 -0.63754094 0.22049591 0.73793286 -0.48294958 0.99964154 0.5691747 -0.31557122 -0.18761331 -0.2607246 0.71455264 -0.2574977 -0.20121485 0.07358177 -0.26627964 0.05253543 -0.11399225
hsa2908 -0.54276097 -0.667407 0.06492523 0.664833 0.22348319 0.40669432 -0.81739014 -0.51758754 0.686131 -0.17634873 -0.36303017 -0.86967146 0.20874278 -0.035589132 -0.12479505 -0.45803773
D00956 -0.12639216 -0.4114635 0.27615392 0.47231477 0.45421207 0.6422373 -1.0611582 -0.24989748 0.7292892 -0.16388083 -0.40621942 -0.57436174 0.13217689 0.15174748 -0.46031675 -0.42146516
D00627 -0.37782595 0.7723 0.1815911 -0.51202583 0.5065814 0.926741 -0.311898 -0.08226317 0.33737782 0.98357 -0.33571145 -0.55472136 -0.351582 0.23856156 -0.54742223 0.045683265
D00348 -0.79732114 0.2240608 1.1208173 -0.27862513 0.98976386 0.61532706 -0.28912476 -0.05270652 -0.291378 0.8631378 -0.21869302 0.047756396 0.08673876 -0.50067914 0.23331197 -0.18922587
D01161 -0.59223473 0.45176268 0.06612711 -0.07713249 -0.037691906 0.43821517 -0.3295541 -0.27414194 0.8323917 0.784675 -0.031972334 -0.8066318 -0.11499202 -0.028448077 -0.24452108 -0.40159222
hsa5465 -0.7208853 0.53124607 0.6861732 -0.04385296 0.67888075 0.75279987 -0.34389293 -0.04437216 -0.19697571 0.56932324 -0.13640371 -0.09498803 -0.2519594 0.29474372 -0.29706734 -0.18836427
D00962 -0.61481506 0.54345113 0.012375483 -0.122290805 0.19547388 0.69224125 -0.3541398 -0.24521688 0.58543843 0.7771804 -0.29059306 -0.8771277 -0.15828997 0.23687588 -0.30009365 -0.25205937
D01441 -0.6571902 0.6350711 0.41529444 -0.43607363 0.6729413 0.7962696 -0.29033208 0.070585944 -0.16192986 0.8975493 -0.41358182 -0.1485641 -0.24347347 -0.14023884 -0.24850659 0.06675199
hsa5468 -0.5764747 0.36723623 0.23340197 -0.39347392 0.61282647 0.8480766 -0.33562252 -0.05916416 -0.06576985 0.93977064 -0.44857037 -0.32199416 -0.25289413 -0.12777495 -0.24673988 0.052654944
D00961 -0.4825 0.25567004 0.34617993 0.16613738 0.49364844 0.6861097 -0.47579587 -0.37865824 0.32200816 0.063677326 -0.10151006 -0.6477459 -0.10671675 0.53642774 -0.5548954 -0.31616166
D00246 -1.1547706 -1.1051319 -0.09910988 0.46473783 0.15092626 0.446306 -0.24494027 -1.0385101 0.37910065 0.047832053 -0.35524777 -1.2109928 0.21112522 -0.5928918 0.3706414 -0.59178525
D00965 -0.4753256 0.26824912 0.06824514 0.20435925 0.37183413 0.7146151 -0.67102456 -0.09726781 0.55585563 -0.12925045 -0.5911889 -0.55163884 -0.13610163 0.24909675 -0.639005 -0.40288633
D00312 -0.46731645 0.37310815 -0.0006508787 0.097548455 -0.24803314 0.3399476 -0.51256573 0.0850841 1.0247624 0.7020267 -0.231961 -0.61939204 -0.20372303 -0.2788483 -0.3525367 -0.40347123
D00554 -0.6673872 0.38290682 -0.16805573 -0.061601926 -0.22278176 0.36379963 -0.39308813 -0.22359411 1.0947747 0.7671591 -0.241984 -0.9376078 -0.09632154 -0.31743184 -0.1911603 -0.5363581
hsa2104 -0.85281885 0.33114135 0.274039 -0.20787057 0.193647 0.28189737 0.10559736 -0.36740914 0.2542065 0.7885161 -0.0036489964 -0.7199159 0.034486078 -0.15559864 0.21698438 -0.24855606
D01115 -0.3609012 -0.2629686 0.32368004 0.55229753 0.41059062 0.4654008 -0.980486 -0.20588465 0.4732896 -0.030397184 -0.3567866 -0.47655115 0.16503555 0.13851783 -0.19060092 -0.41287678
hsa2103 -0.826477 0.7276658 0.37016764 -0.23909506 0.22512388 0.3764175 -0.059067946 -0.25471613 0.39694864 1.0295894 -0.055358965 -0.82697815 -0.06434637 0.031238448 0.05697428 -0.15774705
D01689 -0.94800466 -1.2109311 0.0026054364 0.6127694 0.30764768 0.43182164 -0.3882735 -0.8390979 0.26067424 0.020334616 -0.49962077 -0.9895015 0.24181207 -0.7244464 0.3972057 -0.47103179
D00316 -1.0691004 0.7082619 1.2506024 0.09074126 1.0410519 0.83854824 -0.09699127 0.031056613 -0.12156686 0.7457489 -0.13168247 0.022935439 0.037060108 -0.110991605 0.013653384 -0.2581252
hsa3174 -1.0591545 0.842478 -0.072735675 -0.7278118 0.4920053 0.40716657 -0.03372034 -0.33284834 0.052317485 0.949698 -0.5023206 -0.9067718 -0.076810546 -0.33828953 0.21193402 0.00093081093
D00730 -0.91076595 0.16873051 0.46439302 0.2994167 0.40345934 0.5393998 -0.26530212 0.12317803 -0.1129619 0.3761071 -0.24523368 0.07840097 -0.15716633 -0.18149269 -0.07394163 -0.25219896
hsa2101 -0.72428024 0.5378968 0.34424877 -0.17512387 0.1908944 0.33761597 -0.127577 -0.2378413 0.44573984 0.86206436 0.053053427 -0.7058447 0.0028346581 0.04137785 0.00023407559 -0.25803342
D00586 -0.330546 0.2931859 0.41649157 0.24115743 0.76187354 0.78485876 -0.76433617 -0.24203832 0.30244163 -0.32130668 -0.46838266 -0.4446804 -0.03527049 0.51875174 -0.7579932 -0.42721397
hsa9971 -0.3444745 -0.26963028 0.27438816 0.21747816 0.4417588 0.6927797 -0.6166877 0.11345888 0.08261523 0.48174208 -0.9635126 0.08784019 -0.14830938 -0.8369889 -0.03824825 0.09457164
D05341 -0.7210689 0.6450668 -0.28166422 -0.6064382 0.13629714 0.10804674 -0.1629102 -0.31545198 0.4135059 0.82672733 -0.5784176 -1.0067419 0.021612192 -0.56362855 0.23693393 -0.036248825
hsa6097 -0.70914596 -0.122462705 0.7738878 -0.2386256 0.9806524 0.5384166 -0.27817482 -0.21583755 -0.4874258 0.5479878 -0.30199745 -0.05339663 0.20901479 -0.23759606 0.24117285 -0.09319475
D00506 -1.3226527 0.5999599 -0.4184102 -0.0020387326 0.2633625 0.86435384 -0.30077362 0.34630468 -0.1329744 0.3997527 -1.15475 -0.116448164 -0.54984784 -0.63285106 -0.06146668 -0.10320374
D00690 -1.0534854 -1.1488053 -0.12512487 0.5182341 0.21824667 0.46636143 -0.3530356 -1.1082978 0.43725964 0.042687315 -0.36271232 -1.3460977 0.2958669 -0.52147937 0.34497118 -0.6532347
hsa9970 -0.97649276 0.15739842 0.09762791 0.071759716 0.5273775 0.8050032 -0.4390921 0.34792173 -0.29021385 0.5053699 -1.0983362 0.25167122 -0.40865925 -0.94076157 0.055983897 0.006334659
D00462 -0.100182645 -0.22679281 0.34563795 0.38803372 0.35541248 0.49226546 -0.8870288 -0.0878472 0.5418401 0.007059427 -0.56940055 -0.33150223 -0.0067229024 -0.25754297 -0.32597294 -0.19420068
hsa6258 -0.741073 0.21094565 0.7158423 -0.31326675 0.98791593 0.550022 -0.27041632 -0.15244214 -0.40116316 0.81549 -0.12670226 -0.095360555 0.09046093 -0.107185766 0.11666665 -0.21636616
D00211 -0.89917135 -0.81697893 0.11680523 0.55563885 0.28742594 0.3840658 -0.32215816 -0.4093198 0.02316943 -0.031724412 -0.5016563 -0.32121986 0.12969062 -0.6148389 0.19722538 -0.3510077
hsa190 -0.95276654 -0.18322682 0.62607324 -0.7254783 0.987133 0.56554234 0.17269647 -0.5473835 -0.38580245 0.6711952 -0.46077195 -0.29265428 0.1083059 -0.7810418 0.68695986 -0.23770973
D00596 -1.164126 0.77627325 -0.23078766 -0.19753 0.20894691 0.7801796 -0.09642677 -0.10714298 0.34769335 0.8288941 -0.62128764 -0.7560434 -0.35780203 -0.2926923 -0.23655152 -0.22273985
