hsa2099 -0.6693937 0.010479058 -0.21379912 0.22227687 -0.1303042 -0.054714665 -0.5186052 -0.2974444 0.40284762 -0.19200872 -0.22927186 -1.3006862 -0.045266427 0.27072188 -0.011648017 -0.12705186
D00094 -0.9943138 0.2592894 0.25445276 0.37082252 1.0616043 -0.41177246 -0.12725325 0.081945576 -0.58062816 -0.18947053 -0.0933534 -0.36222342 0.08046031 0.31902435 0.74168867 -0.25321123
hsa5241 -0.51696557 -0.5792683 -0.39289588 0.48532164 -0.0871689 -0.24149282 -0.64563525 -0.32965133 0.15397428 -0.6157443 -0.2610355 -1.1000789 0.16289768 0.2660203 0.21209504 -0.092773
D00577 -0.81534487 0.26539665 0.3384057 0.5873641 0.16621743 -0.13245629 0.30357 -0.06901634 -0.0008107448 0.0042235763 0.0076961443 -0.9506229 -0.32203928 0.21973333 -0.04255802 -0.2691494
hsa367 -0.54067296 -0.14676026 -0.29120773 0.5148299 0.22096175 -0.27336034 -0.5372656 -0.47994524 -0.08090918 -0.8349985 -0.35440165 -0.37960947 -0.2824302 0.07810237 -0.40829796 -0.12889434
D00066 -0.7706092 -0.42689413 -0.26008236 0.55050415 -0.23813401 -0.24836391 -0.87642854 -0.083109066 0.08720452 -0.25802317 -0.61063963 -0.54919165 -0.044544924 -0.014325726 0.46569687 -0.00040934514
D00075 -0.5561616 -0.613986 -0.4976535 0.6163134 -0.08754449 -0.23824912 -0.82115626 -0.4776158 0.22249499 -0.7206552 -0.33241624 -0.87188005 0.04639474 0.21852046 -0.07995532 -0.023153987
D00316 -0.9404159 0.5114237 0.23027813 0.3358165 1.1594169 -0.47253704 0.07457566 -0.038810022 -0.5216733 -0.2590715 -0.003550899 -0.34405974 -0.07709507 0.3815564 0.38359404 -0.51955885
hsa7421 -1.4449303 -0.16304119 0.046686914 0.8511424 0.18286014 -0.258134 -0.3218094 0.5308944 -0.8478778 -0.105831176 -0.75828445 0.13790473 -0.49478802 -0.43929464 0.8223864 -0.193794
D00585 -0.56070894 -0.57261205 -0.5282113 0.48282388 -0.19001064 -0.1458027 -0.439137 -0.41476804 0.23141049 -0.8298464 -0.2725263 -0.91831857 -0.010980549 0.024073599 -0.024969306 -0.25347057
D00182 -0.60578877 -0.49993506 -0.41778558 0.5138216 -0.099580385 -0.15497139 -0.8693274 -0.40933204 0.39337215 -0.6316768 -0.27186516 -1.1654626 0.06710063 0.3999365 0.013113284 -0.18044008
D00950 -0.47885242 -0.6386903 -0.47991282 0.5035818 -0.023919968 -0.21653306 -0.5887417 -0.48638013 0.22747126 -0.7928804 -0.041536868 -1.0838354 0.14255661 0.31991217 -0.032465655 -0.1692485
D00954 -0.5905987 -0.5102098 -0.38107082 0.53526473 -0.083347365 -0.16964774 -0.72553706 -0.4394232 0.27458137 -0.5992278 -0.19941136 -1.0974394 0.06283803 0.36094734 -0.010532839 -0.20911196
D00327 -0.56256765 -0.45191026 -0.3519015 0.53909636 -0.025403123 -0.18469845 -0.4378265 -0.39999786 0.212819 -0.66298074 -0.19899045 -0.85244215 -0.023252033 0.23508306 -0.091349766 -0.27485713
D00105 -1.165287 0.22334689 -0.4369351 0.06027567 -0.48684266 -0.026033767 0.030240104 -0.2639288 0.70278287 -0.14969216 -0.49707085 -1.5514076 -0.30167115 -0.36920074 0.09633289 -0.58996683
D00129 -1.3649403 -0.3364395 0.062254474 0.81178355 0.19384676 -0.2946555 -0.5660881 0.4509426 -0.7129281 -0.12585343 -0.78657806 0.049563058 -0.35118842 -0.45053792 0.8844024 -0.096022785
hsa2100 -1.0435364 0.3528561 0.18250804 0.25963113 0.060236238 0.09317028 0.16144846 -0.18575205 0.43702215 0.10800694 -0.10697998 -1.1755478 -0.2616072 -0.019200696 -0.010450014 -0.519634
D00088 -0.5352354 -0.87128186 -0.55795217 0.6834649 -0.1255619 -0.24867813 -0.21606365 -0.27819437 -0.08404759 -0.7821882 -0.16044138 -0.76299495 0.077485576 -0.10069382 0.3103731 -0.18385598
D00143 -0.7985809 -0.53390366 -0.37012637 0.61765397 -0.25697368 -0.32852283 -1.1290886 -0.03468143 -0.09031299 -0.25436044 -0.79691446 -0.44677502 -0.08156367 -0.12672903 0.6521672 0.2661501
D00188 -1.2271925 -0.55960435 0.013471099 0.8829743 0.14061674 -0.27301434 -0.6220255 0.4249831 -0.71691257 -0.14539577 -0.71067125 0.24615926 -0.2427689 -0.4582655 0.93872875 -0.04816833
D01294 -0.663759 -0.642936 -0.45586327 0.55866814 -0.22076507 -0.19746004 -0.9260737 -0.44703975 0.4220976 -0.6279629 -0.3103216 -1.2231265 0.15939315 0.28976464 0.1630723 -0.10810568
hsa5468 -0.86510354 0.6498251 0.22540909 0.28763217 0.79777795 -0.057355415 -0.14722681 -0.04999149 -0.3495593 0.06289888 -0.100314304 -0.9250745 -0.3468698 0.3870891 -0.2719704 -0.38505772
D02367 -0.6892875 -0.48317075 -0.36528972 0.47190583 -0.17289792 -0.15755558 -0.82907194 -0.393219 0.41475642 -0.5790599 -0.301006 -1.2324966 0.056899104 0.3023107 0.09783257 -0.22951865
hsa8856 -0.96598464 -0.16611803 -0.2332752 0.6751211 0.37609115 -0.20018834 0.41353863 0.003931914 -0.7516695 -0.6250389 0.012092547 0.08128335 -0.40936592 -0.27745813 -0.071156904 -0.6115138
hsa2908 -0.408983 -0.87070817 -0.72323215 0.5931301 0.084261425 -0.23860897 0.11374359 -0.5212999 0.037605856 -1.1820579 0.0008230107 -1.144852 0.19035156 -0.08311677 0.10607041 -0.30430743
D00565 -0.8930995 0.32765913 0.24576403 0.6192623 0.6150503 -0.09269007 0.13973245 -0.15665147 -0.39997676 -0.44867325 0.09738746 -0.49287167 -0.48508677 0.23017493 -0.51320255 -0.5673449
D01217 -0.71000457 -0.5142724 -0.37180567 0.6060177 -0.17689323 -0.32155177 -0.9281668 -0.16902241 0.060700193 -0.38087717 -0.55155563 -0.62584585 0.010732004 0.026174793 0.46542078 0.065458365
D00067 -1.1136826 0.09880111 -0.44518164 0.10737673 -0.48177126 0.12660354 0.058114644 -0.2602854 0.72254944 -0.3800555 -0.5055176 -1.2667236 -0.3519637 -0.3796975 0.04269521 -0.6110016
hsa5916 -1.1265943 0.53809625 0.20370409 0.38765 0.99451715 -0.36405945 0.2006448 0.04692383 -0.5644384 -0.11927103 -0.09421231 -0.3221749 -0.22840214 0.28740805 0.41509444 -0.56842554
hsa5915 -0.9655548 0.43337974 0.33342648 0.36111665 1.1315845 -0.33570787 -0.0261251 -0.025252158 -0.51580906 -0.074969694 1.950562e-05 -0.5030111 -0.06485096 0.39999115 0.42387938 -0.3262052
D00187 -1.3118042 -0.10618989 0.2723006 0.69947296 0.47619927 -0.20298585 -0.41499463 0.38557354 -0.6746699 -0.038499422 -0.6115799 0.033284277 -0.28535157 -0.3082567 0.7853658 -0.25767785
D00163 -0.7385016 -0.31147352 -0.32456255 0.6250135 -0.088898584 -0.38668826 -0.6959437 0.24213861 -0.5309151 -0.080641225 -0.7222529 -0.4224285 -0.19415517 -0.08376719 0.77097017 0.27339503
D04066 -1.080344 0.3564819 -0.30671448 0.09694992 -0.32225716 0.08192439 -0.10298171 -0.26343682 0.6074634 -0.10677665 -0.49102128 -1.4217902 -0.3584294 -0.20520791 -0.12501015 -0.56061053
hsa2104 -0.76720387 0.2508694 0.31404364 0.50893503 0.30328426 -0.21396948 0.20002687 -0.11724833 0.1987714 0.021881852 -0.046725325 -0.9504791 -0.05545834 0.41057152 0.3479774 -0.2690477
D00554 -1.1446884 0.1549201 -0.44566128 0.06927738 -0.4827361 0.06545423 -0.07513015 -0.39465487 0.76300293 -0.41290554 -0.50538576 -1.5113994 -0.2816273 -0.31723303 -0.032116953 -0.6046796
hsa2101 -0.729619 0.25572568 0.18587492 0.49568072 0.25274596 -0.15561445 0.12833731 -0.14455464 0.18378104 -0.087818615 -0.0075035235 -0.9882531 -0.07590724 0.33520034 0.14417116 -0.250189
D02217 -0.77224135 0.4975172 0.08290263 0.18987225 0.20270205 0.054615993 -0.17668232 -0.26411682 0.28001264 0.021253532 -0.12556413 -1.4801239 -0.19535744 0.2901848 -0.30455023 -0.18619134
hsa4306 -0.5579373 -0.70722276 -0.39369318 0.69363284 -0.11866745 -0.30250716 -0.9177895 -0.4232874 0.2142617 -0.7567408 -0.34812853 -0.8231061 0.064364836 0.117261566 0.15469955 0.058135573
hsa5914 -0.93474436 0.47176048 0.18628259 0.27421537 0.8075124 -0.38997573 -0.115979485 -0.018155264 -0.3656631 0.014870576 -0.18396871 -0.59903353 -0.121303216 0.27182013 0.35035878 -0.4275014
D00299 -1.3852313 0.01664874 0.3574909 0.7511477 0.620404 -0.3180326 -0.3759601 0.5300059 -0.95456177 0.055374913 -0.62422776 0.10991351 -0.3156246 -0.24852028 0.8846731 -0.10841738
D00730 -1.0457573 0.049012046 0.12337826 0.7678691 0.24538127 -0.15269856 0.52669466 -0.072130024 -0.4961772 -0.49150956 0.11391385 -0.16651432 -0.5276622 -0.1501376 -0.36424962 -0.72463876
D00951 -0.57085496 -0.74743795 -0.52978843 0.6012885 -0.08314096 -0.31111306 -0.6966101 -0.4138856 0.062390227 -0.67098683 -0.2423477 -0.7977203 0.12583825 0.14725085 0.13402079 -0.046785504
D01441 -0.7371401 0.66935766 0.16339402 0.3594647 0.9906776 0.22677793 -0.5136188 -0.15772177 -0.4506897 -0.29672623 -0.02829131 -1.0583304 -0.3157706 0.4059085 -0.7312797 0.021269256
D00462 -0.6701307 -0.4470329 -0.33214042 0.7018822 0.0076280762 -0.356795 -0.9864052 -0.26111552 -0.17320962 -0.6346144 -0.7052272 -0.27328268 -0.23343638 -0.08793599 0.28506988 0.22629833
D00506 -1.278522 0.45137283 -0.2740809 0.46750972 0.29651004 0.11083769 0.3342143 0.05449587 -0.48332426 -0.395216 -0.32695156 0.17050539 -0.8098358 -0.13283014 -0.33878744 -0.9352077
D00690 -0.46566197 -0.96679735 -0.6088721 0.6964383 -0.015396412 -0.24458663 -0.057241138 -0.4461941 -0.03948968 -0.9728979 -0.08530177 -0.98936844 0.21465085 -0.081175104 0.32911357 -0.2663779
hsa6256 -0.8322066 0.38165638 0.24468736 0.17258827 1.0045512 -0.533712 0.042070124 -0.04144329 -0.31388357 -0.093208686 -0.049291376 -0.3868472 0.05369667 0.49037552 0.8547345 -0.31624737
hsa5465 -0.83650523 0.40269762 0.28628942 0.4485253 0.7145802 -0.25245693 0.13707133 -0.18373738 -0.5336586 -0.21226795 0.054212227 -0.5471289 -0.5391417 0.2691605 -0.44872436 -0.73576564
D00443 -0.5612766 -0.6351931 -0.41670513 0.64708596 -0.21044578 -0.35164127 -1.0218139 -0.3226899 0.2308308 -0.55423516 -0.46814418 -0.7708308 0.120992735 0.11514442 0.31177413 0.10885128
hsa6095 -0.85458004 0.577646 0.33488297 0.5217264 1.2522709 0.0438491 -0.59693396 -0.070387684 -0.6081229 -0.30597237 0.023603149 -0.7510701 -0.10906953 0.40631258 -0.2694162 0.1250391
D00040 -1.0012754 -0.32084957 0.0035435655 0.70541584 0.10714615 -0.3113348 -0.8749774 0.3571901 -0.60153997 -0.045384277 -0.7685928 -0.047895953 -0.1931592 -0.22737253 0.87283385 0.21811408
D00930 -1.3785279 -0.20693529 0.30264494 0.7621461 0.4418921 -0.2740754 -0.5311437 0.5720554 -0.7729413 0.0477207 -0.74828583 0.12324998 -0.2979642 -0.3781469 1.0904734 -0.035003994
D01387 -0.5816844 -1.2640867 -0.8264895 0.9480979 0.18535618 -0.3507532 0.19740096 -0.50995356 -0.22804776 -1.387289 0.015153133 -1.0019394 0.2408988 -0.15635172 0.33868504 -0.40564558
D00279 -0.85408723 0.37148106 0.16762917 0.49323604 0.5942005 -0.12223178 0.071066014 -0.26241824 -0.43608728 -0.38647676 0.056104545 -0.38856012 -0.56181777 0.24985364 -0.56111777 -0.7504936
D00961 -0.5475645 0.25383505 -0.114660785 0.3759278 0.48228326 -0.09213174 -0.2681322 -0.40783432 -0.0645807 -0.6260606 -0.06740131 -0.710426 -0.26425746 0.3085283 -0.50470316 -0.2506038
D00898 -0.7617474 0.21883896 0.11594641 0.38097185 0.13763161 0.027922243 -0.0862534 -0.18746956 0.15817964 -0.20779283 -0.015566431 -1.032013 -0.26707986 0.2636141 -0.36499816 -0.35242373
hsa6096 -1.1867826 0.6758418 0.4554191 0.4660606 1.4972711 -0.12807825 -0.39347577 0.12997203 -0.9088093 -0.18994689 -0.052597072 -0.36636972 -0.15072131 0.3318739 0.17329873 -0.078529775
hsa6257 -0.9295892 0.4419796 0.16580474 0.29709062 1.1945486 -0.5748012 0.2162482 -0.026741805 -0.6031293 -0.20386718 0.023046453 -0.4705544 0.03419644 0.42859355 0.7406373 -0.39588183
D00965 -0.8420882 0.1783961 -0.419178 0.29619962 -0.089465015 0.04232596 -0.15220575 -0.49520135 0.3537545 -0.77664113 -0.4487161 -0.39497706 -0.53004 -0.039680682 -0.76734257 -0.6988383
D01115 -0.5019123 -0.6057282 -0.39070484 0.66195357 -0.08714405 -0.28923908 -0.93367124 -0.48321822 0.17892225 -0.7961703 -0.2607376 -0.7549525 0.067297526 0.2258869 -0.04732127 0.0041599646
hsa2103 -0.76935786 0.32415512 0.34660557 0.48506272 0.37119478 -0.1551782 0.2749597 -0.16391222 0.23254767 -0.063003965 -0.06168782 -0.8939217 -0.14557411 0.36789757 0.19345297 -0.27655584
D00596 -0.9883664 0.9127108 -0.013136017 0.172681 0.42201853 -0.084482774 0.0058544055 0.11301807 -0.36907336 0.1049871 -0.37662956 -1.0930657 -0.5725749 0.19666007 -0.32512173 -0.41048723
D00312 -1.1164544 0.21372525 -0.40574735 0.11088003 -0.36985207 0.04279994 -0.08184428 -0.3698686 0.73652107 -0.37087247 -0.48828617 -1.2323748 -0.27584448 -0.20664951 -0.061614662 -0.58717084
hsa6097 -1.3451133 0.69285434 0.30088907 0.46534815 1.6144297 -0.25992173 -0.24488504 -0.01509402 -0.9093619 -0.5730404 -0.048993867 -0.5359498 -0.099161945 0.532582 0.18152693 -0.2676346
D01689 -0.4749864 -1.1371989 -0.84028196 0.8282283 -0.018200897 -0.31391194 0.085596085 -0.46515587 -0.15587133 -1.2516835 -0.100755386 -1.0271984 0.17540929 -0.16084729 0.32459995 -0.2965278
D00962 -0.7688532 0.54374087 -0.07492462 0.268526 0.117044084 -0.08774069 -0.0011484739 0.06605416 -0.14316256 0.120607965 -0.343601 -1.3381776 -0.39872053 0.29753137 0.026092298 -0.16828386
hsa9970 -1.0233338 0.06863083 -0.50734705 0.5209729 0.14628802 -0.20818266 0.35508087 0.05973645 -0.603138 -0.4362681 -0.32921377 0.14518511 -0.50593793 -0.21728325 0.17776513 -0.65048885
D05341 -0.85313874 0.7671307 -0.59329015 0.037016585 -0.38664973 -0.48482996 -0.051616453 0.5667365 -0.8111607 0.3821477 -1.0837849 -1.4840989 -0.6545397 -0.29377362 0.31276911 0.04109074
D00348 -1.3244872 0.33644155 0.45953882 0.5345144 1.007888 -0.25951818 -0.19698739 0.30733472 -0.8708479 -0.13025898 -0.29172137 -0.052413322 -0.1632416 -0.05512318 0.73883283 -0.27913252
D00627 -0.87312484 0.793882 0.10725695 0.23106998 0.6126892 -0.037459727 -0.21519512 -0.052236404 -0.24737328 0.16282457 -0.3595088 -1.2771542 -0.47180763 0.33609834 -0.30506554 -0.20595653
D01132 -0.919281 0.1969763 0.15952398 0.5924691 0.53656244 0.011022152 0.26800272 -0.25924197 -0.2805922 -0.51540303 0.1932589 -0.44638404 -0.49043027 0.20287988 -0.62327987 -0.6696906
D00246 -0.54431164 -1.0647 -0.6433914 0.82848877 0.20035774 -0.25455606 0.15817171 -0.45070702 -0.3335712 -1.2276462 0.0055051777 -0.858804 0.13334714 -0.12090112 0.2350757 -0.2753852
D00211 -0.721269 -0.5715841 -0.5352334 0.69623125 0.4747695 -0.38844466 0.27749297 -0.36079454 -0.7033985 -1.0363469 0.15634035 -0.2911196 -0.0048220637 -0.11047688 -0.0137585495 -0.5010899
D00586 -0.6710724 0.08720459 -0.13807426 0.5469698 0.19094683 -0.052480273 -0.39966196 -0.4975147 -0.025299702 -0.7999842 -0.33370477 -0.18008037 -0.45135766 0.09033623 -0.7465505 -0.40141144
hsa6258 -1.276547 0.5774072 0.12951475 0.4250053 1.3722409 -0.5386928 0.10430572 0.20601985 -1.0542727 -0.24250866 -0.057845198 -0.115004346 -0.13493663 0.2849323 0.5807879 -0.6321582
hsa9971 -1.0383954 -0.10186949 -0.12761702 0.75718325 0.19158864 -0.16992447 -0.23289162 0.29732567 -0.8392158 -0.10135975 -0.5128035 0.12527224 -0.44441265 -0.1754182 0.43246314 -0.07691854
D01161 -0.96671456 0.17084342 -0.846097 0.018560955 -0.7322794 -0.16385368 -0.27654505 -0.20692047 0.32436645 -0.12029228 -0.79366773 -1.513427 -0.38190046 -0.43562698 0.075184464 -0.4071891
D00956 -0.69204426 -0.80288994 -0.6081414 0.7386051 -0.24387783 -0.25106794 -0.9652808 -0.409438 0.28027582 -0.7365961 -0.33756283 -0.8782362 0.08318244 0.21611157 0.165041 -0.0067284983
hsa3174 -1.2925172 0.8404514 0.06522669 -0.039119728 0.99656117 -0.36951417 0.7077153 0.0729383 -0.24403836 -0.09171496 -0.16916002 -0.7867477 -0.26985404 0.20537154 0.80041444 -0.38643724
hsa190 -1.3892223 0.7346979 0.2143368 0.23572934 1.1826022 -0.38182193 0.20227237 0.21589914 -0.7360367 -0.12599543 -0.23437282 -0.4301297 -0.2698349 0.31092975 0.8171533 -0.44586167
