hsa2099 -0.6847721 0.28951144 -0.15431249 0.22047716 -0.36342147 0.6244472 -0.5064899 0.06034199 0.44104058 -0.021466957 -0.07631948 -0.5991339 -0.13305266 0.72710454 0.023062453 -0.3086876
D00094 -0.8450341 0.5295096 0.18662953 -0.4895509 0.79945 0.16286053 -0.38072735 0.5239108 -0.67831796 0.25765213 -0.08645944 -0.2314743 -0.09312679 0.5090641 0.5767539 -0.4601864
D01132 -0.69611186 0.61582136 -0.0708478 -0.43405166 0.6635131 0.37504056 -0.38392416 0.29753342 -0.63400435 0.062305983 0.14058626 -0.4414714 -0.10172099 0.7260754 0.14148147 -0.32386234
hsa5241 -0.76982725 -0.27019024 -0.3345784 0.4130566 -0.0928983 0.1310031 -0.7251403 -0.029294977 0.13485368 -0.7462358 -0.32859954 -0.8327301 -0.09472119 0.38795766 0.44335285 -0.18420003
D00577 -0.72765946 0.53609914 -0.22324641 -0.12425875 -0.23242468 0.74760044 -0.22983846 0.18273042 0.014156218 0.0032152834 0.043975253 -0.5226087 -0.31951597 0.72069895 -0.06560025 -0.30646485
hsa367 -0.7006365 0.09070128 -0.27102968 0.37396088 0.057287604 0.35575607 -0.7468597 0.004238245 0.019793252 -0.88283765 -0.23762059 -0.18115614 -0.42565897 0.4110555 -0.3101055 -0.35432953
hsa2100 -0.99923074 0.6111846 -0.1262307 0.004072721 -0.5136008 0.97845745 -0.28398246 0.0678922 0.54914606 0.4960742 -0.12529023 -0.63485247 -0.1819995 0.75591147 0.030870037 -0.3376354
D00316 -0.6601143 0.5793991 -0.1244138 -0.49638832 0.87839675 0.30976072 -0.48573092 0.58128285 -0.8129201 0.05429771 0.07384652 -0.1290712 -0.123945974 0.6611392 0.42544672 -0.42888016
D00088 -0.9028951 -0.3837569 -0.36062044 0.26851615 -0.019740611 -0.052357085 -0.49737942 0.102672145 -0.04905245 -0.80473244 -0.46310648 -0.651689 -0.22976212 0.017568309 0.7301019 -0.22774251
D00075 -0.69130766 -0.31918797 -0.37917128 0.6206794 -0.07000706 0.11336615 -0.87853956 0.06963727 0.42340407 -0.41850317 -0.5944371 -0.39328244 -0.18068044 0.3355236 0.4583229 -0.23717211
D00066 -0.7011553 -0.39164785 -0.28366217 0.59820074 0.18505678 -0.054069072 -0.9254402 0.21590398 0.097334474 -0.41015851 -0.68862313 -0.25076416 -0.17109783 0.13312042 0.7083456 -0.22167285
D00327 -0.7234001 0.062173743 -0.34868073 0.36184523 -0.15585467 0.35417095 -0.5832785 -0.042569313 0.2159466 -0.6655174 -0.23501006 -0.5635918 -0.28623566 0.50543284 -0.01979643 -0.28361288
hsa2908 -1.1258013 -0.35879424 -0.47543827 0.10859325 -0.10474521 0.11388362 -0.28792098 0.011009142 -0.12294203 -1.1978947 -0.40376806 -0.96472347 -0.31487012 0.019653583 0.61694974 -0.15332748
D00105 -1.0917646 0.5554804 -0.12341373 0.24450691 -0.71862316 0.904673 -0.44179732 0.12844405 0.83694226 0.36294723 -0.2157504 -0.6710599 -0.24315937 0.73148066 0.040534157 -0.43161926
D00950 -0.75439143 -0.2134065 -0.2483489 0.67370254 -0.2703316 0.25337213 -0.9417969 -0.017519286 0.5416712 -0.4572132 -0.37150604 -0.6644321 -0.18115446 0.56367856 0.3289976 -0.25845635
D00585 -0.8473569 -0.11684265 -0.37533447 0.3248294 0.0033956035 0.25455377 -0.6024015 -0.050782744 0.021616422 -1.111811 -0.23478207 -0.7148135 -0.30718803 0.3769648 0.14819527 -0.23936431
hsa5916 -0.68558806 0.6198615 -0.14360785 -0.53175575 0.8008848 0.4383801 -0.45499572 0.52968806 -0.73088807 0.24581678 -0.027714033 -0.10073434 -0.15361002 0.659945 0.26801312 -0.43809578
hsa5914 -0.6682327 0.3608723 0.08262957 -0.4771099 0.71124953 0.25961202 -0.4370023 0.5219284 -0.7120739 0.10466957 0.0017714284 -0.13685946 -0.13015518 0.42396677 0.4653497 -0.47529638
hsa8856 -0.6483831 -0.23910542 -0.40178204 -0.029656822 0.37322173 0.028148057 -0.52974033 0.36455378 -0.5087012 -0.6195383 -0.10679128 0.019204127 -0.36353534 0.12244309 0.385491 -0.38038373
D00954 -0.69720256 -0.20881344 -0.15562797 0.43930203 -0.32765952 0.30079713 -0.66308904 0.092313185 0.5072866 -0.10154347 -0.40802282 -0.5934105 -0.12673885 0.37986472 0.44476557 -0.317679
D00143 -0.56979316 -0.32092497 -0.27283865 0.3392403 0.46918994 -0.08821458 -0.80941135 0.27553758 -0.24956414 -0.41743433 -0.45388937 -0.021647735 -0.2412871 0.15672489 0.6240875 -0.24730058
D00182 -0.62111926 -0.23823662 -0.31986326 0.61076 -0.15044297 0.2464882 -0.914277 0.018989794 0.4532136 -0.6253584 -0.4013455 -0.601285 -0.22513944 0.4869861 0.2535268 -0.29637405
D00554 -1.1200339 0.35376474 -0.13346507 0.35817447 -0.7962094 0.8958146 -0.5258693 0.10721387 0.90316945 0.27221474 -0.33752438 -0.6992579 -0.17898202 0.6784041 0.19572845 -0.43188143
D04066 -0.98274523 0.4297166 -0.14781569 0.2539886 -0.6019343 0.8525659 -0.39935994 0.09231 0.7349643 0.27143008 -0.2636048 -0.6281082 -0.20419717 0.6533964 0.08761609 -0.31988636
hsa5915 -0.688694 0.49101838 -0.10924995 -0.38273257 0.77557653 0.36867836 -0.5296896 0.44634765 -0.6562205 0.103574246 0.04409352 -0.09009811 -0.111478455 0.6230738 0.28802863 -0.44459283
D00067 -0.97954404 0.47464892 -0.12526095 0.27611956 -0.6017484 0.8896343 -0.4268566 0.15978824 0.6943894 0.2105567 -0.2129569 -0.4711976 -0.27314952 0.6867683 -0.039270293 -0.40561834
D00565 -0.58484817 0.55804753 -0.14891206 -0.29743284 0.19262445 0.6525469 -0.6723964 0.2520317 -0.47567645 -0.25327414 0.23532802 -0.059176624 -0.46736813 0.6506105 -0.32175267 -0.5072223
D01217 -0.75573856 -0.44106302 -0.2978442 0.76817346 0.067961894 -0.11986384 -1.0509499 0.12181066 0.33236563 -0.6447991 -0.65948385 -0.4401277 -0.16562141 0.25934333 0.76720285 -0.28472647
hsa7421 -0.78003263 -0.27494633 -0.056396652 -0.13458137 0.19809245 0.3595378 -0.57334566 1.0125715 -0.25862607 0.17879318 -0.68282145 0.67796797 -0.49923122 -0.2306328 0.90784115 -0.71846735
D00040 -0.6252425 -0.13613975 -0.03833472 0.34555197 0.6077062 0.22192639 -0.82860476 0.4860079 -0.31584436 0.21774586 -0.5987488 0.27806503 -0.16969903 0.11989692 0.45027032 -0.19956864
D00163 -0.6103041 -0.2839881 -0.38629332 0.22044232 0.40015393 0.07573777 -0.7382114 0.70900464 -0.30162725 -0.027722614 -0.7954904 0.32456115 -0.27187425 -0.046249114 0.9537464 -0.21842267
D00951 -0.56321305 -0.3524225 -0.34175718 0.43779033 0.15264219 -0.059885796 -0.8880977 0.16548984 0.061020285 -0.50257283 -0.4089971 -0.31291628 -0.17020126 0.31756946 0.4848556 -0.27606726
D01294 -0.67016184 -0.14442396 -0.33203998 0.5790276 -0.32994303 0.3015219 -0.82861257 0.048163056 0.6068073 -0.42637178 -0.3736597 -0.8043595 -0.09599516 0.62753487 0.35659686 -0.2689306
D00187 -0.9748484 -0.037341643 0.2977002 -0.283687 0.5962214 0.3962792 -0.77814597 1.1110438 -0.46108556 0.5836442 -0.7093718 0.6544193 -0.42156625 -0.032347806 1.0009642 -0.8708728
D02217 -0.7684989 0.33583477 -0.011529106 0.17779385 -0.110700175 0.7351829 -0.4455268 0.031226132 0.3205202 0.41381085 -0.28560027 -0.34489724 -0.13124643 0.6069942 0.0031890785 -0.26990652
D01161 -0.8865154 0.49413398 -0.22604492 0.12115354 -0.610193 0.87143856 -0.40652823 0.10046559 0.6365393 0.3596822 -0.17257416 -0.72667956 -0.19957785 0.7583075 0.0545597 -0.36900708
hsa6095 -0.6732504 0.28662136 0.006455104 0.22033806 0.7225488 0.51946574 -0.7878029 0.32200107 -0.29210982 0.5179287 -0.4120112 0.057034608 -0.03790432 0.507722 0.06248756 -0.18984178
D00312 -0.928795 0.34036672 -0.30225068 0.24940205 -0.6981175 0.8858173 -0.31237942 0.12430652 0.7076791 -0.07753958 -0.30331933 -0.51671076 -0.2364394 0.56835103 0.035148475 -0.3384566
hsa6257 -0.72398007 0.6286268 -0.06580067 -0.59100163 0.52919036 0.28680465 -0.27675298 0.42759374 -0.6192455 0.10686299 0.1256179 -0.35314277 -0.14682767 0.57250535 0.37303954 -0.41132793
D00129 -0.9475207 -0.2174666 0.04531984 -0.055896126 0.49021268 0.23289704 -0.72227794 1.0219038 -0.41128066 0.39923203 -0.7672595 0.57375664 -0.37707868 -0.16476123 1.0488814 -0.60558826
D00188 -0.76662713 -0.24366939 -0.015111588 -0.12801088 0.50751203 0.15902786 -0.67784494 0.850985 -0.4103252 0.27549464 -0.7027097 0.45604673 -0.31121242 -0.109344035 0.942085 -0.56252
hsa6256 -0.7884199 0.82475066 -0.091326065 -0.69882125 0.44751465 0.4559734 -0.18394615 0.44253305 -0.5239934 0.38793376 0.07837319 -0.4691588 -0.14105952 0.69774646 0.31608453 -0.41852474
hsa5468 -0.3917107 0.49966758 -0.4589354 -0.431772 0.44924986 1.0121707 -0.6369556 0.50124896 -0.44876227 0.4217608 -0.052082364 -0.07921574 -0.27715608 0.9335621 -0.23687996 -0.4718943
D00279 -0.5811207 0.46696788 -0.34297106 -0.28579253 0.36828178 0.57644874 -0.63523805 0.13905269 -0.6167026 -0.5386175 0.2210271 -0.19871819 -0.48704726 0.75142443 -0.301054 -0.5071606
D00299 -0.95665795 0.044336967 0.25126573 -0.38584095 0.5777906 0.27482724 -0.65654504 1.1541344 -0.55952954 0.575318 -0.6492504 0.5842204 -0.3642612 0.011752765 1.0366601 -0.79114604
D00898 -0.69714034 0.58562887 -0.18047823 -0.14450304 -0.14268577 0.7984509 -0.38755336 0.2065129 -0.020419233 0.12088826 0.126382 -0.5421183 -0.2626515 0.8560075 -0.18851815 -0.3691674
hsa2104 -0.74723876 0.6124716 -0.06729256 -0.23151481 0.10976549 0.6382572 -0.057564944 0.25541615 -0.24116285 0.04972232 0.123035885 -0.66107386 -0.1151668 0.83427036 0.18925378 -0.24953678
hsa4306 -0.76374424 -0.21154839 -0.34200168 0.5671426 0.025539245 0.0528993 -0.7621173 -0.014925555 0.14343476 -0.85798377 -0.4072676 -0.53020686 -0.27730957 0.32247 0.38944343 -0.2071156
D01387 -1.1938701 -0.44840387 -0.642082 -0.037979525 -0.16391401 0.2084535 -0.18467088 0.013556198 -0.16574726 -1.2343884 -0.37422353 -1.1431153 -0.28465816 -0.021642927 0.68125856 -0.17814611
hsa6096 -0.82288444 0.7314995 -0.10984859 -0.6018988 1.0139669 0.4485799 -0.5020104 0.5519908 -0.7877305 0.34106487 -0.05661309 -0.18838003 -0.0836463 0.69347453 0.28101996 -0.41060892
D00730 -0.5350241 0.23509635 -0.50534016 -0.2132269 0.07995235 0.60989517 -0.43175295 0.46111166 -0.5147969 -0.4384399 0.19387086 0.24507472 -0.578956 0.5199991 -0.1569767 -0.5239301
hsa5465 -0.5245877 0.40402612 -0.22088012 -0.33771706 0.39997542 0.5171861 -0.68066865 0.16972399 -0.6876572 -0.2418555 0.2613047 -0.19135143 -0.43880445 0.7243446 -0.26038143 -0.4841018
D00443 -0.8205612 -0.34346235 -0.2530843 0.819864 0.09643483 -0.13214241 -0.9171865 0.08096182 0.19330889 -0.72619885 -0.5764487 -0.3860482 -0.20561115 0.24238436 0.619851 -0.23970221
D00690 -0.9090739 -0.39652416 -0.44835114 0.3917768 -0.21150061 0.15236601 -0.62658113 -0.06378651 0.16681074 -0.8927008 -0.4058583 -1.0083048 -0.14165889 0.25231612 0.58925307 -0.22942649
D01441 -0.7463764 0.46642244 -0.017282993 0.08640911 0.7409382 0.67887086 -0.7877713 0.18862641 -0.36744216 0.44926605 -0.38060188 -0.1065945 -0.14174138 0.6974666 -0.25731617 -0.21312815
D00348 -0.82385147 0.3742823 0.2157243 -0.5825508 0.6565601 0.34067133 -0.48113307 0.8107922 -0.66349185 0.470294 -0.21626805 0.11341417 -0.19327332 0.29015884 0.79766893 -0.5896114
D00930 -0.9744703 -0.20414566 0.34179333 -0.011092618 0.48632106 0.1602433 -0.77433765 1.0274593 -0.2880405 0.5214563 -0.77033365 0.56502235 -0.3806151 -0.1420711 1.1202654 -0.71479094
D01115 -0.901721 -0.3624431 -0.45603845 0.7104022 -0.045208357 0.010499488 -0.89877564 0.007292957 0.16381751 -0.9708116 -0.55998504 -0.59098166 -0.24014072 0.2598618 0.5853494 -0.24367565
D00506 -0.2685167 0.14830862 -0.9245841 -0.610823 -0.17339684 0.9591564 -0.2571686 0.7784718 -0.089264795 -0.3951795 -0.18247469 0.28200534 -0.42446348 0.36068448 0.23968194 -0.5851347
D00956 -0.64871895 -0.16495796 -0.21969527 0.644637 -0.06880257 0.24123496 -0.94788647 0.15982682 0.44588232 -0.6116202 -0.4245305 -0.09706379 -0.32629672 0.3880232 0.07635255 -0.4213612
D00965 -0.6003194 0.31988227 -0.5659415 -0.026583765 -0.50529826 0.91192913 -0.37221605 0.28879836 0.37961602 -0.5485626 -0.18564491 -0.022759845 -0.4522211 0.50238067 -0.333434 -0.56070805
D00246 -1.1280253 -0.37877384 -0.4723628 0.090271495 -0.23962997 0.23195611 -0.26377094 -0.023680521 -0.022908775 -1.0393124 -0.41093743 -1.0554111 -0.28448015 0.07753057 0.6406561 -0.1698156
D00596 -0.3854816 0.39984694 -0.42191708 -0.32540378 0.1111926 0.8710751 -0.45948246 0.56698585 -0.12673964 0.39000088 -0.16866964 -0.0025588716 -0.2533456 0.66722894 -0.015807914 -0.47453743
hsa2101 -0.6790835 0.4732715 -0.09633015 -0.07589054 -0.05651188 0.55951893 -0.23271869 0.18750711 -0.00062366435 0.007170702 0.0123761725 -0.55966914 -0.14609438 0.66431457 0.12593085 -0.21978824
D01689 -1.1047989 -0.5974632 -0.5354245 0.20268613 -0.18011178 0.09823468 -0.32387194 0.14237446 -0.04500235 -1.0850859 -0.6429589 -0.8667547 -0.38039404 -0.17403266 0.9351443 -0.18038389
hsa6258 -0.77837616 0.6771313 0.02516511 -0.5490262 0.7868483 0.3734394 -0.48141325 0.56138265 -0.7925468 0.17659241 0.11203594 -0.034708437 -0.20746122 0.6465847 0.2735503 -0.5721406
hsa2103 -0.75298595 0.6512618 -0.09393419 -0.24064873 -0.07661814 0.6203233 0.007858952 0.19418742 0.014342377 0.08837285 0.03515728 -0.91259956 -0.0806065 0.842086 0.23713246 -0.18195884
hsa9971 -0.47775605 -0.15598065 -0.96593344 -0.15907633 0.3400431 0.4504914 -0.4305714 0.8757739 -0.42155442 -0.15716279 -0.68900657 0.55746466 -0.2448276 0.037945215 0.8395657 -0.2222208
hsa9970 -0.22911051 0.10556413 -1.0717413 -0.6450633 -0.18603459 0.9877125 -0.18911862 0.9055718 -0.13222665 -0.4264086 -0.2759523 0.46639356 -0.45074454 0.2679574 0.3693049 -0.5850745
D00627 -0.34388953 0.4264337 -0.40600953 -0.16743901 0.58891755 0.99204034 -0.748976 0.2849521 -0.26482478 0.43589172 -0.26215237 -0.14047652 -0.30634385 1.0170939 -0.34036148 -0.33806688
D00462 -0.5103249 -0.36190033 -0.47331032 0.39109394 0.15952536 -0.011368253 -0.8317698 0.3165592 0.07848185 -0.5178878 -0.758224 -0.100108944 -0.3238228 0.08266855 0.82805526 -0.18308266
D00586 -0.62617236 0.4608379 -0.15772705 -0.00826537 0.1311282 0.59960085 -0.62597597 0.18285443 -0.27718925 -0.6719436 -0.078152165 0.15108941 -0.54702497 0.4592723 -0.5027414 -0.63824564
D00211 -0.8782853 -0.4586017 -0.5178638 -0.09708466 0.18535046 -0.06962827 -0.3263944 0.30763406 -0.4337644 -0.74950814 -0.34089187 -0.35400546 -0.26521876 -0.05446551 0.7393417 -0.33371744
D00961 -0.63785046 0.3304886 -0.40977794 0.15948373 0.0077868565 0.6113074 -0.5999315 -0.028249767 -0.0677059 -0.5467708 -0.081455685 -0.39878967 -0.39001724 0.68642384 -0.38517255 -0.2981166
D02367 -0.8442238 -0.27163416 -0.29272687 0.68673366 -0.4703481 0.2993101 -0.89515 0.026339816 0.70694226 -0.51651466 -0.42012078 -0.9013585 -0.1617859 0.5632897 0.4659957 -0.3194917
D00962 -0.5081457 0.45725808 -0.3789318 -0.05595177 -0.11830471 0.85966444 -0.42294955 0.23121175 0.103559405 0.21596785 -0.10640048 -0.42245263 -0.20963387 0.8075505 -0.14711227 -0.31938484
hsa6097 -0.71615046 0.46531385 -0.011965374 -0.43378937 0.87804365 0.3263961 -0.48983213 0.56855303 -0.71737635 0.32033402 -0.18507624 -0.030823857 -0.10984382 0.5316314 0.30393118 -0.379669
hsa3174 -0.8317569 0.865302 -0.20244323 -0.7364918 0.04521701 0.3681368 0.00057389494 0.7064517 -0.13967425 0.70407087 -0.25321594 -0.5595807 -0.14960144 0.5222829 0.58740586 -0.35104635
D05341 -0.5964738 0.6290084 -0.3132705 -0.4088039 -0.16914482 0.41424274 -0.19278121 0.54219675 0.084160864 0.55114573 -0.2773008 -0.3990809 -0.12968841 0.500598 0.38013074 -0.29645717
hsa190 -0.8042159 0.72317535 0.0751477 -0.8409822 0.88571185 0.24640456 -0.31564692 0.7249164 -0.7228109 0.29699314 -0.119156554 -0.16713896 -0.20595424 0.5746948 0.654083 -0.6071994
