hsa2099 -0.7348998 0.03637673 -0.29989815 0.027289325 -0.20509218 0.5809601 -0.4072048 -0.37541464 0.7344401 0.36687997 -0.13967206 -0.8823665 -0.07592146 -0.10737106 -0.2153196 -0.14585239
D00094 -1.1643708 0.019738672 0.6810561 0.16655418 0.8224288 0.31057778 -0.3822464 0.28470197 -0.3396026 0.90243816 -0.09120452 -0.21260433 -0.21637078 0.05285807 0.10386214 -0.31081277
hsa5241 -1.015072 -0.54840994 -0.41443884 0.45302963 -0.30775318 0.24997032 -0.42304114 -0.48358288 0.75315005 -0.11319227 -0.40036413 -0.6349656 0.030716913 0.092151426 -0.021730516 0.055027522
D01132 -0.95590746 0.24941938 0.59888595 0.0029568255 0.7656825 0.3410422 -0.4316474 0.1317486 -0.34268412 0.79404354 0.029736461 -0.8309412 -0.19504346 0.0026069821 -0.25976822 -0.040653985
hsa367 -0.7179965 -0.28432935 -0.25391746 0.5922002 0.06438875 0.4001448 -0.8331785 -0.307841 0.6680608 -0.315965 -0.618566 -0.106153816 -0.37796944 0.11349372 -0.27081183 0.19573116
D00066 -0.8279296 -0.4538538 -0.34002066 0.6743524 -0.14881943 0.22289845 -0.58289814 -0.25858548 0.6054881 -0.05613222 -0.4746403 -0.23626049 -0.17106603 0.03690036 -0.06609939 0.035786953
D00075 -0.9934411 -0.5514356 -0.4874831 0.6270095 -0.20476533 0.15930781 -0.57934177 -0.32146478 0.6704617 -0.244455 -0.67036146 -0.3464128 -0.25927597 0.08947602 -0.21071401 0.24134628
D00316 -1.1137594 0.13254309 0.7475716 0.14455895 0.90822625 0.30151826 -0.4985208 0.14442572 -0.35905552 0.819422 0.10364448 -0.5366255 -0.039150845 0.03258771 0.08542564 -0.28438887
D00585 -0.9929889 -0.47977662 -0.39076626 0.58151394 -0.11775821 0.2573293 -0.5715034 -0.5599133 0.7445441 -0.45713007 -0.49641806 -0.66027635 -0.08678008 0.28812578 -0.021049028 0.20404944
hsa2908 -1.6189928 -1.0201963 -0.36258167 0.8123052 -0.24290606 0.058500577 -0.10215209 -0.8237361 0.5458246 -0.45744467 -0.504443 -0.88033414 0.043172576 0.11186975 0.02739997 0.23579729
D00088 -1.2799271 -0.71314853 -0.41692963 0.62672657 -0.19936652 0.12707394 -0.19809432 -0.7111935 0.56300306 -0.29674858 -0.41675797 -0.7678328 -0.008000917 0.11792693 0.017743932 0.11594968
hsa5914 -0.93466777 0.08494016 0.6606109 0.1362768 0.83386976 0.345309 -0.60593414 0.09504293 -0.24330398 0.65837896 0.039779242 -0.48041236 -0.16217175 0.10457091 -0.11218513 -0.22968626
hsa7421 -1.4854369 -0.3559207 0.5143156 0.79652464 0.31131703 0.07193883 -0.40194473 0.74381375 -0.29399288 0.7777902 -0.5369419 0.54370576 -0.479558 -0.33836573 0.2761745 -0.2671902
D00327 -0.7711151 -0.24136639 -0.2994153 0.43004683 -0.057099517 0.33701587 -0.6572129 -0.36412328 0.7238566 -0.09936361 -0.45093778 -0.55118155 -0.17548181 0.15325941 -0.16597895 0.01873191
D00950 -0.95984966 -0.4073616 -0.54196054 0.3643018 -0.34198967 0.36796206 -0.49669108 -0.57311743 0.88108325 -0.011408392 -0.33507493 -0.731333 -0.02932886 0.05555011 -0.16645315 -0.0033206036
D00182 -0.88553876 -0.555724 -0.5273829 0.65119034 -0.29067725 0.34501478 -0.641832 -0.41244674 0.8594415 -0.22490919 -0.5693168 -0.38298583 -0.23680735 0.03905302 -0.25925332 0.080023915
D00105 -0.801939 0.28052798 -0.42436662 -0.19049789 -0.20253623 0.8041387 -0.43484 -0.4288345 0.9169133 0.833837 -0.12197352 -0.98910826 -0.061404463 -0.4449764 -0.058745146 -0.49158186
D00143 -0.9592092 -0.42204803 -0.0053821635 0.78109336 0.18218634 -0.056110706 -0.4039318 0.16553512 -0.05285424 -0.09672764 -0.60361576 0.1600416 -0.34297043 0.013317636 -0.0323481 0.29273802
D00954 -0.8058068 -0.36559877 -0.444802 0.43077102 -0.24590929 0.40373328 -0.5531855 -0.481687 0.8165762 0.021557115 -0.32850388 -0.6300445 -0.03023031 0.08186302 -0.09977982 -0.055080403
hsa5916 -1.0920298 -0.054477878 0.6509275 0.33752534 0.7526498 0.175531 -0.39589864 0.26843378 -0.38439852 0.71390873 -0.09302923 -0.19667193 -0.16429082 0.021513008 0.023662915 -0.16814683
hsa2100 -0.7048701 0.34256744 -0.20249267 -0.19240044 -0.0033002077 0.7829567 -0.39761996 -0.36193153 0.66311884 0.66012686 -0.044835854 -0.9936555 -0.016886692 -0.18462348 -0.07644174 -0.40134934
D00067 -0.6381439 0.2665912 -0.45200363 -0.107398584 -0.2507028 0.98012984 -0.6875494 -0.3613773 1.0235647 0.578051 -0.1419792 -0.9262029 -0.2454123 -0.31973946 -0.43012413 -0.47594953
hsa5915 -0.9517236 0.13619813 0.63836944 0.19519776 0.78689253 0.3160454 -0.51582193 0.27517045 -0.3598561 0.8289782 -0.07595116 -0.37031305 -0.22171465 -0.044264752 -0.17422023 -0.10304517
hsa5468 -0.5236746 0.3123414 0.18026087 0.15893534 0.30053213 0.5907439 -0.6040745 0.35054645 0.075605825 0.92145956 -0.21764587 -0.58846027 -0.46379998 -0.05214535 -1.078871 0.069826454
hsa4306 -1.057774 -0.46400425 -0.3141239 0.79316777 0.08337468 0.081859045 -0.7855941 -0.43713906 0.6157373 -0.5667268 -0.51079804 -0.592831 -0.09573863 0.46956018 0.16321078 0.17007026
D00951 -0.993327 -0.5627889 -0.38242513 0.6070656 0.017267983 0.018227337 -0.6236594 -0.49011403 0.51159316 -0.24610147 -0.41336828 -0.5043395 -0.016966926 0.35388574 -0.09552373 0.12291427
D00299 -1.4493141 -0.40262145 0.6017303 0.74941874 0.36175907 0.118415706 -0.5177176 0.631375 -0.18744645 0.9003383 -0.48590502 0.40039346 -0.36969376 -0.21100086 0.2735013 -0.33054522
D01387 -1.5197667 -0.95682436 -0.3561093 0.6678944 -0.20595174 0.16481696 -0.028104642 -0.86759216 0.51963407 -0.4054254 -0.39657694 -0.8474911 0.09975533 0.013519471 0.034135085 0.15336163
D00040 -0.91841114 -0.4505811 0.06209289 0.9252912 -0.020916637 0.21241377 -0.42164946 0.41588807 0.15816306 0.3090943 -0.54827154 0.50127906 -0.30253413 -0.26275784 -0.0136379115 -0.022833267
D00188 -1.3870636 -0.4346752 0.50043327 0.74128634 0.22285254 0.08681093 -0.4328077 0.667804 -0.14392787 0.84366363 -0.43905348 0.47676727 -0.31181756 -0.37614548 0.30477765 -0.3731599
D00129 -1.3008603 -0.42730042 0.46023718 0.88240814 0.28025964 0.10874367 -0.50360227 0.70100445 -0.18037441 0.72595894 -0.58582175 0.65406907 -0.47485876 -0.340173 0.09107086 -0.17615451
D04066 -0.76673186 0.16083793 -0.42575213 -0.14004074 -0.12918346 0.7317988 -0.4843255 -0.49583825 0.92011034 0.5862224 -0.18237671 -0.9756583 -0.02499189 -0.26233286 -0.065904126 -0.3438292
hsa6256 -1.2966137 0.11124151 0.5416299 -0.02090235 0.8116302 0.17269434 -0.18339647 0.07842407 -0.43166426 0.6197753 -0.06393687 -0.75606406 -0.05301651 0.1485591 0.34608287 -0.11233165
D00565 -0.6179667 0.19352093 0.5041431 0.20970531 0.5149995 0.4326778 -0.9146797 0.033385735 -0.07291356 0.25035852 0.124954104 -0.6278147 -0.37832618 0.15593567 -0.73318446 -0.055639703
D00554 -0.7277002 0.10186634 -0.5268933 -0.08602562 -0.34970966 0.8424502 -0.5173066 -0.56747997 1.0127152 0.50614166 -0.15941925 -0.96905 -0.07357926 -0.3542274 -0.29380807 -0.4448132
D01294 -0.7785562 -0.33682024 -0.4625556 0.3874778 -0.22404552 0.31367975 -0.5381909 -0.36470547 0.78118277 -0.014476177 -0.41079366 -0.6278343 -0.030577464 0.13066505 -0.17641924 0.06448047
hsa8856 -1.0587105 -0.19940242 0.4013099 0.913786 0.5617712 0.23225437 -0.69794846 0.43263024 -0.39508426 0.011951087 -0.40966243 0.4113672 -0.6121733 -0.043264538 -0.4372382 0.09551003
D02217 -0.49692637 0.31460705 0.06423376 0.031584546 0.09152857 0.76315427 -0.4698504 -0.049047172 0.45663854 0.6869047 -0.03332638 -0.6324693 -0.21000566 -0.12131838 -0.5189028 -0.26125616
D00690 -1.3713932 -0.8850207 -0.26779723 0.6843946 -0.24381283 0.13566956 -0.043526806 -0.7097489 0.45497286 -0.23371299 -0.3573277 -0.7379585 0.05603136 0.017676355 0.08801426 0.10092998
D01689 -1.6522955 -1.0291239 -0.40548578 0.8052361 -0.34947488 0.17556515 0.01817769 -0.90636146 0.6218899 -0.48226815 -0.4764701 -0.9572404 0.016519317 0.013831849 0.19216026 0.19100904
hsa6257 -1.1065074 0.14664637 0.6139356 -0.016368544 0.787507 0.17352039 -0.301312 0.1476669 -0.38166922 0.7786385 -0.027611744 -0.70513195 0.0071317223 -0.014697995 0.20983778 -0.09655514
D00930 -1.545339 -0.4952153 0.5669212 0.87494403 0.3801856 0.14212593 -0.48837423 0.6431132 -0.12142959 0.81148833 -0.53225625 0.63112706 -0.44942498 -0.26745367 0.36930215 -0.40889773
D00187 -1.4512573 -0.33868867 0.7720417 0.6780728 0.53250784 0.18405291 -0.5117702 0.7070349 -0.2756896 1.1207491 -0.386209 0.4916739 -0.37698343 -0.34713528 0.24747798 -0.49217573
D00443 -0.8774129 -0.3482376 -0.3111297 0.7547767 0.021887966 0.03745473 -0.7005644 -0.19187129 0.5016346 -0.4310882 -0.5764478 -0.4531609 -0.1859224 0.30852023 -0.0043415274 0.252979
D00163 -1.0820811 -0.32819214 0.03683811 0.70430446 0.006589302 0.0829365 -0.21518706 0.44517455 -0.13120824 0.41497934 -0.7918313 0.19323361 -0.5019573 -0.27803952 0.101041965 0.2818932
D01217 -0.98385054 -0.6021462 -0.19661702 0.70114714 0.18014942 -0.073398426 -0.6071647 -0.3664813 0.43641907 -0.35053372 -0.4165142 -0.23955734 0.04249943 0.36857048 0.2013403 0.032242153
D02367 -0.8624715 -0.3989791 -0.3127023 0.35157114 -0.19303398 0.32559454 -0.4754608 -0.43342423 0.70041734 0.00011058198 -0.2208172 -0.7682377 -0.0005741393 0.107097484 -0.034539614 -0.07509913
D01115 -0.9878712 -0.3937237 -0.2771743 0.6867447 0.089311376 -0.011230385 -0.75053465 -0.3862243 0.4953106 -0.47781298 -0.37934703 -0.6846204 -0.0212582 0.45414975 0.18561879 0.114883944
hsa6095 -0.85767436 0.00827244 0.32854697 0.7297668 0.45845768 0.46224073 -0.5623405 0.51795685 -0.1309841 0.5337116 -0.3774762 0.25397107 -0.41215733 -0.08790423 -0.47223896 0.0661583
D00246 -1.8454027 -1.2133331 -0.34631738 0.8433528 -0.35239202 0.132449 0.124477625 -0.9846509 0.5583675 -0.527947 -0.50521076 -0.89454603 0.02369425 0.023812467 0.13362496 0.26216933
D00596 -0.55143315 0.3741994 0.17902999 0.053822726 0.17141534 0.42434853 -0.5827995 0.32373494 0.10732603 0.72627014 -0.19275159 -0.9643946 -0.41375092 -0.070359506 -1.0984169 0.13218622
D00312 -0.63328326 0.26334882 -0.32390457 -0.161097 -0.14203627 0.75836146 -0.6094462 -0.41542897 0.822058 0.5583336 -0.09507397 -0.95295894 -0.10470451 -0.20700099 -0.2489853 -0.40240076
D01161 -0.806426 0.23953542 -0.40958396 -0.21050943 -0.2212159 0.65131015 -0.35268736 -0.38104418 0.7404396 0.70062 -0.2025615 -0.9773906 -0.07007594 -0.42810994 -0.030274963 -0.32763132
D00348 -1.2305608 0.001215335 0.81986207 0.23586509 0.8314981 0.3174839 -0.49450305 0.45604065 -0.4257461 0.9730544 -0.1467123 -0.04432093 -0.2555916 -0.112873934 0.18335319 -0.28585744
hsa6096 -0.94327694 0.18836418 0.47700673 0.13798389 0.7576125 0.4283367 -0.41794375 0.14242294 -0.26718438 0.66007686 -0.04499034 -0.43074283 -0.28613663 0.11116706 -0.34102032 -0.062371768
hsa3174 -1.3424888 0.5492102 0.08214109 -0.34637743 0.07597664 0.24376443 0.044146545 0.38434324 -0.061687317 1.0129883 -0.48759493 -1.4324145 -0.11229084 -0.5821435 0.28566933 0.1863182
hsa2104 -0.9992031 0.4109658 0.18192832 -0.057366412 0.3255696 0.42536986 -0.09545113 -0.11655656 0.06225796 0.4278896 -0.11911771 -1.2536843 0.12793662 0.06240713 0.2778798 -0.02567838
D00462 -0.7766921 -0.40809685 -0.23889075 0.68234515 -0.18314356 0.17659517 -0.48109636 0.05039976 0.37841025 -0.018132253 -0.78667605 0.17707275 -0.47846764 -0.22383845 -0.13620694 0.2663055
hsa6258 -1.0363656 -0.012760198 0.6449456 0.3221864 0.9454422 0.15759683 -0.6043805 0.07921545 -0.40558085 0.5005109 0.10785674 -0.41777018 -0.0673781 0.32294974 -0.027686235 -0.22322297
D00962 -0.5694919 0.3449054 0.027474657 -0.034027297 0.080489814 0.5754369 -0.5815679 0.07019843 0.35062614 0.74897325 -0.088649526 -0.9898426 -0.32602173 -0.09607263 -0.7698358 -0.049396668
D01441 -0.7341228 0.22902316 0.35995314 0.45846272 0.5293401 0.63798803 -0.6598659 0.33072934 -0.08544844 0.43829343 -0.1999215 -0.004830026 -0.4227072 0.017525325 -0.72888577 0.004624195
D05341 -1.0223006 0.44244912 -0.05298781 -0.16719656 -0.17625305 0.16516897 -0.13314445 0.6029205 -0.033125546 0.93813056 -0.648444 -0.94140714 -0.38313994 -0.6532036 -0.15627551 0.2958002
D00956 -0.83370227 -0.40475878 -0.4541085 0.57861525 -0.18600726 0.3279704 -0.513855 -0.16987756 0.62986016 -0.0950897 -0.64585066 -0.09926625 -0.31407237 0.03129724 -0.21413735 0.22987276
D00730 -0.91260993 0.065704465 0.6172098 0.63639075 0.6465707 0.45148808 -0.9071934 0.22424345 -0.38369665 0.012252814 0.076096654 -0.1088676 -0.5672727 0.08845823 -0.71510077 -0.17381269
D00577 -0.55805737 0.2999204 0.236264 0.12477585 0.20299873 0.42193887 -0.62788254 -0.037978265 0.16735792 0.46193865 0.101987116 -0.8494382 -0.33898 0.03888045 -0.7127277 -0.03618631
D00898 -0.5536174 0.18480556 0.2610067 0.037042867 0.27981848 0.38368502 -0.6117366 -0.016262565 0.13333718 0.4185398 0.10851558 -0.92191106 -0.23064536 0.119043835 -0.6183618 -0.007292186
D00627 -0.48805293 0.43195692 0.17188118 0.2363327 0.2829393 0.76446426 -0.73067635 0.40969738 0.26195115 0.9844881 -0.2922465 -0.5016964 -0.5971983 -0.10918843 -1.2350181 0.012069741
hsa5465 -0.7156275 0.20638666 0.66852635 0.13267893 0.6954046 0.3295874 -0.79360265 0.21220335 -0.30121055 0.66245395 0.0848765 -0.5788406 -0.37373537 0.1715072 -0.64199156 -0.12513205
hsa2101 -0.8849249 0.25368783 -0.08075779 0.02093767 0.06535926 0.39811122 -0.26036814 -0.21163075 0.4305882 0.29055294 -0.20540555 -1.1459956 0.12738164 0.026651409 0.20504355 -0.0066709407
D00965 -0.51482695 0.17072871 -0.33363152 0.20355064 -0.00029648448 0.7644402 -0.999013 -0.26105568 0.71469426 -0.02944513 -0.32994804 -0.49653196 -0.4417982 -0.006629832 -0.6207891 -0.21245207
hsa6097 -1.2627556 0.061689798 0.7190606 0.2640342 0.9436834 0.35909283 -0.3929949 0.3050045 -0.4872188 0.7647069 -0.10399235 -0.0815793 -0.2647807 0.14272782 -0.1378495 -0.18334702
hsa2103 -1.1132151 0.55215234 0.21957831 -0.19387694 0.27613235 0.54844916 -0.008104203 -0.08552864 0.21577987 0.69209003 -0.20293003 -1.556363 0.22560117 -0.12296106 0.39856234 -0.09307582
D00961 -0.5834181 0.011331111 0.09309217 0.46460372 0.37232804 0.35044324 -0.7993066 -0.15285021 0.12289439 -0.19857255 -0.18442014 -0.43828228 -0.36817235 0.27427962 -0.67662644 0.21246089
hsa9971 -1.2639039 -0.3335205 0.27826855 0.8114033 0.3696839 0.103587784 -0.26411036 0.3625319 -0.4079837 0.4601415 -0.6626349 0.2678806 -0.46615773 -0.07186929 0.09994823 0.258276
hsa190 -1.5779924 0.103508756 0.85888785 0.0168196 1.208013 0.4436159 -0.17442952 0.27510095 -0.59915954 0.8610658 -0.051062327 -0.43482387 -0.35307676 0.4823394 0.17564033 -0.29277736
D00586 -0.55324626 0.10644282 0.04265505 0.3263878 0.29238012 0.50112337 -0.79731905 -0.20979154 0.28614587 -0.20494647 -0.3473337 -0.3871502 -0.37368196 0.08538916 -0.52818346 0.06921493
D00279 -0.6525875 0.23673648 0.48586956 0.1375725 0.5899421 0.49471393 -0.7315929 0.1040251 -0.1566542 0.48934016 0.06738681 -0.53665775 -0.38580516 0.16903475 -0.6261152 -0.12075475
D00506 -0.47505453 0.40549806 0.012980341 0.0993589 0.1229932 0.9994411 -0.98876965 0.22536786 0.2989373 0.19457419 -0.13201033 -0.502883 -0.6376878 -0.096776895 -0.964063 -0.3130993
D00211 -1.550639 -0.7477941 -0.5852383 0.6277007 -0.17151561 0.05893584 -0.32518083 -0.9791941 0.5193712 -0.20766893 -0.39967373 -0.8977734 0.25345463 0.2528024 -0.15250614 -0.06870041
hsa9970 -1.3803438 -0.30187753 0.34182018 0.9449214 0.39833748 0.20216747 -0.41825515 0.50602 -0.40004086 0.4651092 -0.55636513 0.6561505 -0.58148074 -0.2695478 0.019727958 -0.11240538
