hsa2099 -0.36237592 -0.036659505 -0.22404933 0.33648935 -0.7491969 0.49639225 -0.26639923 -0.20304435 0.68345153 0.17749846 -0.13190065 -0.8808724 -0.13231422 0.41223463 -0.32230407 0.05951393
D00094 -0.43964437 0.4357432 -0.42439875 -0.24515274 0.42176998 0.46964735 -0.029342506 0.1125139 -0.33706132 0.37763107 -0.39570495 -0.9072195 -0.44288364 1.1289661 -0.15612519 0.06280232
hsa5241 -0.6164136 -0.4162611 -0.2644176 0.54980695 -0.34898558 0.050545152 -0.7233821 -0.12765248 0.5841824 -0.4531916 -0.2858063 -0.8852027 0.016114384 0.18886097 -0.2839439 0.0782456
D01132 -0.28731716 0.40445885 -0.36738196 -0.005159353 0.57822484 0.68519044 -0.34197652 0.0731012 -0.43589744 0.2022273 -0.19901858 -0.66107756 -0.46876594 1.0014623 -0.51123995 0.13378847
hsa367 -0.37683326 0.018604504 -0.59400535 0.5130715 -0.17978294 0.4487271 -0.5607918 0.19330157 0.34730706 -0.744454 -0.64843994 -0.2574198 -0.47731787 -0.27767333 -0.48321167 0.011071626
D00577 -0.2570427 0.21298043 -0.23448342 0.4051369 -0.55180055 0.52590376 -0.021786287 -0.19063775 0.26107034 0.2553898 -0.18677759 -0.777025 -0.29708865 0.5934536 -0.40744156 0.14012104
D00066 -0.7345586 -0.49549454 -0.44211394 0.58957314 -0.27766687 0.043371156 -0.75391614 0.057122685 0.53613293 -0.5115522 -0.5136479 -0.7473712 -0.08834973 -0.107888594 0.0022963826 0.006421404
D00075 -0.6657435 -0.34391442 -0.40751478 0.5208336 -0.30310112 0.07604505 -0.64327496 0.08995499 0.58654463 -0.37856057 -0.5246772 -0.6729493 -0.09350654 -0.06334436 -0.062006876 0.02937922
D00585 -0.73748314 -0.49760577 -0.60994893 0.4639593 -0.23594084 0.09844301 -0.56021094 -0.16896245 0.44261774 -0.73342526 -0.35930836 -0.6722992 -0.19857025 -0.020355474 -0.27490732 0.016658971
D00088 -0.8552919 -0.6966727 -0.48522574 0.4205622 -0.040335074 -0.23067349 -0.5959092 -0.25483647 0.38462317 -0.7807043 -0.31190762 -0.9510214 -0.12989976 -0.00046687067 -0.12987846 0.0664953
D00316 -0.45693448 0.5091164 -0.3618986 -0.06715436 0.6103169 0.46041533 -0.135957 0.057574682 -0.4603671 0.29762352 -0.268354 -0.7788427 -0.46817845 1.181416 -0.33917135 0.059857503
hsa2908 -1.037935 -0.91656977 -0.39189255 0.39658293 -0.023318348 -0.21465415 -0.5919908 -0.34687072 0.43315873 -0.87135386 -0.31254375 -1.2067044 -0.14323688 0.04064016 -0.2041731 0.14135136
hsa5914 -0.4271352 0.50114524 -0.42432585 -0.12024528 0.7068461 0.5533412 -0.17970145 0.04987958 -0.5802053 0.28646526 -0.28609848 -0.8196788 -0.52767193 1.2368838 -0.36871234 0.05541888
D00950 -0.7901052 -0.5407361 -0.45774958 0.7328379 -0.65661776 0.12503825 -0.8144763 -0.1502558 0.87563217 -0.6200136 -0.37780258 -0.93346894 -0.08825967 0.018479815 -0.33458415 0.065465696
hsa5915 -0.40478012 0.35154226 -0.53694624 -0.1097271 0.6256597 0.7027716 -0.25537825 0.0062377662 -0.5245481 0.34270805 -0.20294155 -0.7485831 -0.486106 1.1646656 -0.4725225 0.122808024
D00327 -0.6280237 -0.3919372 -0.3770744 0.48626086 -0.36442122 0.058033414 -0.5233022 -0.09572015 0.57286197 -0.4707774 -0.41540915 -0.8965646 -0.15282111 -0.00021003792 -0.19742543 0.071122795
hsa7421 -1.1090385 0.006477508 -0.8253634 0.098452255 0.44267714 0.56255573 -0.17497164 0.65166783 -0.67587686 0.09346864 -1.0655645 -0.17429347 -0.7451243 0.5198213 0.25072575 -0.11742197
D00954 -0.52269256 -0.46994433 -0.37608707 0.61726654 -0.44988763 0.11710396 -0.7057982 -0.096810095 0.6757601 -0.39582685 -0.34360945 -0.7916008 -0.03610064 0.108502544 -0.24514714 0.056800816
hsa8856 -0.85412896 -0.20788364 -0.97645605 -0.044168882 0.5984159 0.19975603 -0.18134224 0.0012066504 -0.56406426 -0.3226486 -0.35074222 -0.37248382 -0.49599308 0.5023948 -0.10155696 -0.114727326
D00143 -0.61188227 -0.26348507 -0.48165968 0.284943 0.31913003 0.11404759 -0.5789769 0.2933121 -0.077489555 -0.4351153 -0.5243563 -0.4650905 -0.27107283 0.07194564 0.0881594 0.08015422
hsa2100 -0.26241654 0.117495015 -0.11382556 0.34106562 -0.6915006 0.6373969 -0.26819682 -0.13888064 0.5757234 0.43340498 -0.22034027 -0.9804104 -0.20581906 0.5738193 -0.28623852 0.11553604
D00182 -0.7031078 -0.6558527 -0.4096549 0.68713903 -0.45848563 0.03531172 -0.7687868 -0.16065235 0.7765377 -0.7561365 -0.3792358 -0.9079201 -0.10956346 -0.10054449 -0.30725795 0.06297716
hsa5916 -0.49393052 0.41524872 -0.56719995 -0.08061195 0.6124718 0.52459836 -0.10972928 -0.013851175 -0.5422755 0.2173796 -0.25707743 -0.70730084 -0.5089218 1.171222 -0.37002453 0.076649584
D00565 -0.0052302405 0.517806 -0.4421732 0.08752514 -0.070912346 0.8162114 -0.32236 -0.14973716 0.033216942 0.05172499 -0.016968979 -0.6511599 -0.55988383 0.7295968 -0.97902745 0.010192956
hsa5465 -0.04567872 0.40087292 -0.54498553 -0.06512117 0.192469 0.7701124 -0.3384708 -0.20822202 -0.15190254 0.07576639 -0.01947559 -0.6917593 -0.6122674 0.90427005 -0.9366157 -0.013977851
hsa4306 -0.75625896 -0.531024 -0.45392764 0.6284713 -0.111485004 -0.19847408 -0.7732593 -0.17832425 0.47260752 -0.81725246 -0.33685493 -0.99749476 -0.11030782 0.032809038 -0.18113975 0.14139979
hsa5468 0.14561486 0.111319825 -0.7273266 -0.10119805 -0.07217024 0.89575595 -0.28751838 -0.18162225 0.0975742 0.271762 -0.103353694 -0.6691979 -0.49493992 0.7497079 -0.83667624 0.013836579
D00951 -0.66731894 -0.45388466 -0.51403064 0.5193897 -0.2611065 0.0011196308 -0.7210432 -0.10459714 0.51107514 -0.57244384 -0.37411672 -0.6890567 -0.09485934 -0.00031725108 -0.20692061 0.047237795
D00105 -0.48499426 0.17905842 -0.2565212 0.43111765 -1.0659639 0.71226525 -0.35055834 -0.29279715 1.0124494 0.33443168 -0.051352296 -1.0529836 -0.19009459 0.44041872 -0.46922863 -0.112152845
D00312 -0.6328094 0.06035684 -0.42989808 0.4528859 -1.1010594 0.69260454 -0.2823515 -0.13997614 0.93842405 0.13324586 -0.3123823 -0.8242511 -0.2648014 0.20397516 -0.33342025 -0.10812361
hsa6257 -0.2965641 0.5251915 -0.3495624 -0.0025560241 0.16859595 0.5490013 -0.0006164976 -0.04455796 -0.25928226 0.42045045 -0.23352899 -0.9095231 -0.4007115 1.1460006 -0.3190587 0.19150192
D00299 -0.92255396 0.07103184 -0.54321206 0.03881424 0.53180027 0.4988482 -0.3358454 0.71896744 -0.6033585 0.20464574 -1.0641422 -0.55489504 -0.68484646 0.7101408 0.19263275 0.009753455
D01294 -0.48271278 -0.34930742 -0.38352603 0.5821956 -0.5632095 0.18796311 -0.66037416 -0.14673276 0.7386027 -0.34875128 -0.28069293 -0.86961806 -0.014705931 0.19287962 -0.3188825 0.06239112
D02217 -0.057908364 0.23399821 -0.22167721 0.17784911 -0.49528113 0.8616411 -0.30206996 -0.10313961 0.47118413 0.39847735 -0.11292067 -0.8176552 -0.25843364 0.66161406 -0.5623266 0.047876097
hsa6256 -0.30269414 0.45929748 -0.20155022 0.043133035 0.095921844 0.52992404 0.021317735 0.0083323615 -0.2727268 0.48389545 -0.30104938 -0.99260813 -0.41082743 1.1273422 -0.21818566 0.19679841
hsa2104 -0.31118238 0.36906487 -0.11082563 0.4142465 -0.48711038 0.6145149 0.25937343 -0.25740245 0.02629589 0.4816811 -0.18205617 -0.9440384 -0.32334465 0.9708861 -0.28669247 0.23174831
D00188 -1.1013471 -0.20560282 -0.59964645 0.19406182 0.5498678 0.3681582 -0.5681428 0.85416216 -0.546931 0.03462002 -1.1494386 -0.47950047 -0.6295455 0.4351575 0.3899929 -0.04259895
D00690 -0.97615236 -0.8676515 -0.3584287 0.50277495 -0.16408242 -0.16674145 -0.5846974 -0.30091393 0.4679835 -0.72854054 -0.3866204 -1.2613614 -0.07770718 0.04396508 -0.10000963 0.14493306
D00246 -1.1989149 -1.0631542 -0.44279933 0.38593385 0.05750239 -0.23313734 -0.53144133 -0.47238386 0.30809185 -1.030919 -0.3483459 -1.3946717 -0.2512597 0.059444964 -0.23112558 0.23204403
D00187 -1.270593 0.001515093 -0.68621933 0.14019404 0.6205416 0.7546523 -0.41525233 0.91686904 -0.7824765 0.29480413 -1.3734473 -0.44517088 -0.86990505 0.729299 0.3526192 -0.086509526
D00067 -0.60188276 0.3012743 -0.3699452 0.33830795 -1.1042494 0.82597387 -0.117270805 -0.040090498 0.905583 0.3152079 -0.34274092 -0.88512653 -0.34923235 0.34404418 -0.2523644 -0.15151906
D04066 -0.57926947 0.02955689 -0.30391973 0.40441546 -1.0442963 0.6782698 -0.2448094 -0.23665226 0.9660955 0.28210074 -0.2628639 -0.9715125 -0.1982059 0.29619408 -0.29125285 -0.04646761
D02367 -0.5497197 -0.5509159 -0.26509205 0.47043166 -0.4340207 0.17544566 -0.73669326 -0.03634132 0.63542134 -0.265947 -0.29260162 -0.84919214 -0.027866185 0.1597464 -0.2009543 -0.0024947932
D00279 -0.15193988 0.48082656 -0.5467896 -0.11014484 0.27956444 0.7745466 -0.30507568 -0.1833116 -0.21864195 0.08323589 0.007694657 -0.57552665 -0.59540564 0.93822306 -0.7902347 -0.07788473
hsa6095 -0.3561071 0.2779765 -0.26136538 -0.011363427 0.6979107 0.8406811 -0.5908547 0.5041812 -0.42808223 0.19127913 -0.39977774 -0.6006997 -0.41827723 0.76602376 -0.24130274 0.25745073
D00040 -0.6065289 -0.09215055 -0.19744147 0.23059906 0.5645621 0.4376402 -0.66592884 0.7633776 -0.35793996 -0.04163978 -0.76513284 -0.5931334 -0.36478826 0.32389754 0.254166 0.29327163
D00462 -0.62881875 -0.31179962 -0.64635044 0.5562053 -0.024447393 0.19042853 -0.6933373 0.33393174 0.22154827 -0.7981455 -0.8791795 -0.37727648 -0.43060896 -0.34925187 0.013477732 0.17554492
D00554 -0.49777964 0.14730342 -0.18914843 0.437852 -1.1782907 0.6826241 -0.1531898 -0.283452 0.98862237 0.34072942 -0.21511008 -1.1672896 -0.15915868 0.47968256 -0.312542 -0.03523549
D01161 -0.45010138 0.13629243 -0.2787051 0.3836046 -1.1251521 0.69374835 -0.27725473 -0.13788915 0.96005756 0.38934106 -0.30458766 -1.065038 -0.19434345 0.40870047 -0.291867 -0.0066738334
hsa6096 -0.3404901 0.39154473 -0.36801818 -0.071938425 0.5060287 0.67325526 -0.21195911 0.15000564 -0.3893265 0.26772287 -0.30454922 -0.74132514 -0.41780713 0.9709851 -0.30380347 0.22927988
D01217 -0.6731389 -0.34118104 -0.52511925 0.71584165 -0.31533316 0.07685351 -0.8051933 0.09056946 0.59034944 -0.57608205 -0.57714576 -0.68832046 -0.1208825 -0.032231074 -0.08739272 0.028701864
D01387 -1.2538719 -1.0373076 -0.6926134 0.29405683 0.231593 -0.18578051 -0.44329086 -0.34875208 0.14646034 -0.97195226 -0.35786387 -1.0962582 -0.25360042 -0.015935287 -0.15643132 0.08647319
D00348 -0.57713276 0.5022256 -0.4191475 -0.17931888 0.57178265 0.7032351 -0.14356896 0.39468166 -0.61665314 0.45282313 -0.66227055 -0.8073726 -0.64443976 1.1796054 -0.095532395 0.0582375
D01689 -1.0578061 -0.9251649 -0.44579116 0.37548175 0.049809285 -0.16145413 -0.4721961 -0.29087877 0.3011741 -0.7866691 -0.33106476 -1.185845 -0.19082388 0.039539356 -0.13526087 0.15591462
D00443 -0.7138695 -0.43545413 -0.53276914 0.5741044 -0.007450075 -0.1306506 -0.68240136 0.06296982 0.28698254 -0.6839918 -0.48862875 -0.7513321 -0.13096392 0.014036227 -0.02063225 0.099023126
D01115 -0.79867935 -0.52579695 -0.41941258 0.6175386 -0.11719758 -0.28320763 -0.77673477 -0.13674107 0.43878 -0.7596738 -0.32190764 -1.0046577 -0.017083483 0.069548935 -0.06612047 0.13822493
D00930 -1.0815395 -0.06449404 -0.5805271 0.095663294 0.6546114 0.53370225 -0.3978735 0.84225726 -0.6618068 0.13541344 -1.1455587 -0.46645337 -0.7653587 0.58924204 0.3047124 -0.0354504
D00730 -0.45942014 0.13797882 -0.73246074 -0.0285298 0.18504283 0.5211268 -0.059842583 -0.22388552 -0.33829442 -0.0369685 -0.03030769 -0.49529597 -0.51173556 0.7554491 -0.5837525 -0.11657634
D00129 -1.0680604 -0.113088064 -0.5029162 0.15375747 0.72170967 0.47090626 -0.575893 0.8633473 -0.6410561 0.023379097 -1.0924137 -0.40762705 -0.6776553 0.4369751 0.29135376 -0.0048227897
hsa2101 -0.28191814 0.26360214 -0.078358956 0.53067774 -0.2801809 0.47765696 -0.032602362 -0.16892429 0.040842608 0.22162426 -0.16252977 -0.7507515 -0.21506351 0.77951956 -0.2996781 0.2943255
D00965 -0.41817674 0.17000405 -0.7033657 0.35638234 -0.75011414 0.6973881 -0.30799225 0.018779779 0.67283607 -0.33769268 -0.4648716 -0.29332417 -0.46098903 -0.11379636 -0.52441573 -0.19503957
hsa6258 -0.3017613 0.3969729 -0.47504982 -0.13644113 0.48991883 0.5666651 -0.16593805 0.060318105 -0.39245024 0.3225186 -0.24299966 -0.7640724 -0.4426955 1.0920758 -0.40436018 0.067402184
hsa2103 -0.14788873 0.2461843 -0.12318021 0.4706039 -0.37413195 0.5062198 0.123216145 -0.28642064 0.12195004 0.2890662 -0.21068963 -1.0275301 -0.24094343 0.9285122 -0.34270063 0.3267711
hsa6097 -0.40267357 0.2376407 -0.35192946 -0.20534495 0.70358086 0.570065 -0.31610176 0.3274462 -0.5018617 0.13062364 -0.35376474 -0.7635481 -0.43657026 0.9341682 -0.2511984 0.23611668
D00956 -0.58132285 -0.35993072 -0.4944515 0.7157891 -0.38385987 0.1986154 -0.77784824 0.06869943 0.66771543 -0.6404608 -0.54349667 -0.5962671 -0.17391363 -0.14026403 -0.2930585 0.110287756
D00898 -0.045648873 0.09523428 -0.20349467 0.22830184 -0.37429833 0.5682069 -0.33151835 -0.19344749 0.31914124 0.15193814 0.054362867 -0.90257215 -0.24697968 0.60790366 -0.7298621 0.12774575
D00506 -0.3928478 0.31002602 -1.2642328 -0.12890425 -0.18250185 0.8695464 -0.12477731 -0.07425262 -0.07320746 -0.12131139 -0.25868383 -0.032371797 -0.63256824 0.43942544 -0.47959822 -0.25930914
D01441 -0.038067933 0.22517225 -0.17515948 0.1293905 0.0075116307 0.8140754 -0.51710135 0.11873863 0.14706191 0.20670624 -0.18003629 -0.60332936 -0.28030044 0.5680363 -0.5291067 0.18819724
D00627 0.2393846 0.095998585 -0.59959984 -0.062138896 -0.048311595 0.88930917 -0.31298867 -0.16477872 0.20166565 0.24564824 -0.15316096 -0.71786237 -0.44367138 0.6996027 -0.8008687 0.13356623
hsa9970 -0.8868934 0.20292488 -1.470984 -0.027918348 0.09710329 0.74003005 0.024300687 0.092976026 -0.5483146 -0.05159322 -0.5884923 0.13993183 -0.722029 0.5081671 -0.05724714 -0.14108098
hsa3174 -0.05400677 0.43193546 -0.5654477 -0.26003397 -0.28074804 0.42829674 0.45876685 0.2618951 -0.19382928 0.5673002 -0.77707475 -1.203557 -0.5451747 0.9267917 0.016815249 0.4320501
D00211 -0.76865876 -0.49584854 -0.90819037 0.013902744 0.5613032 -0.09289435 -0.27595642 -0.25621226 -0.32864696 -0.71061516 -0.21225399 -0.617207 -0.33187795 0.2894618 -0.28143382 -0.070719875
D00596 0.07306046 0.24785441 -0.67329645 0.04179359 -0.24861528 0.81431127 -0.19446762 -0.12795286 0.11886708 0.22123523 -0.16754375 -0.62489706 -0.4865906 0.64552593 -0.75656945 0.030512026
D00961 0.18782017 0.66884047 -0.36411795 0.372879 -0.2741936 1.026059 -0.52380025 0.10740736 0.20712885 -0.18931372 -0.30330646 -0.45039597 -0.6833336 0.32342094 -0.9889496 0.017420717
D00586 0.036610574 0.53572917 -0.8049541 0.29660195 -0.24181661 0.9163324 -0.41399738 -0.023921441 0.30754247 -0.5951379 -0.4515531 -0.1778792 -0.708285 -0.067136884 -1.0569183 -0.14556034
D00163 -0.55210614 -0.07522534 -0.40183938 0.40592775 0.32727057 0.3565255 -0.5702234 0.8704145 -0.29163617 -0.2206194 -1.136636 -0.47216812 -0.6084305 0.0960832 0.31714568 0.27168489
D00962 0.29931286 0.06644772 -0.5625212 -0.014058288 -0.38296974 0.75856084 -0.027678024 -0.2861927 0.27000892 0.37468112 -0.11449101 -0.9897047 -0.37261897 0.80513185 -0.7331977 0.22170874
D05341 -0.14467552 0.18135387 -0.41687086 0.009675756 -0.53236634 0.2899914 0.2713668 0.3863891 0.01742816 0.44644105 -0.8789253 -0.9794125 -0.42732146 0.45591664 0.19345601 0.3616619
hsa9971 -0.9652855 0.19575539 -1.1896515 0.06312531 0.4601798 0.5932643 0.15619355 -0.014646098 -0.83396286 0.13102815 -0.67098 -0.08969976 -0.5618166 0.9392236 -0.13821964 0.2744465
hsa190 -0.4180341 0.66804093 -0.5197494 -0.30931437 0.20612234 0.591876 0.06297368 0.2146384 -0.21908307 0.29677033 -0.5239038 -0.9617577 -0.66416013 1.1019629 -0.18467799 0.019923564
