hsa2099 -0.35668647 -0.06289502 0.11712557 0.31663412 -0.40573016 0.6779213 -0.41510996 -0.27300128 0.4303254 0.18765372 -0.071515515 -0.73901284 0.42196545 0.43893543 -0.06756355 -0.00063723465
D00094 -1.1921651 0.4744426 0.4076336 0.13801906 0.22879656 0.93575346 -0.1978383 0.68035775 -0.51464623 0.32283083 -0.42239955 0.05128673 0.08649966 0.25073338 -0.15631986 -0.29726648
hsa5241 -0.5426567 -0.44549125 0.055297676 0.3110962 -0.37339544 0.51779884 -0.7036748 -0.1998243 0.22757232 -0.19310251 -0.19347666 -0.63489026 0.602196 0.44455126 0.09180493 0.013019294
D00577 -0.37561968 0.40090346 0.35357863 0.49487054 -0.20275287 0.9054153 -0.19240019 -0.1629639 0.29729173 0.29911375 0.06971993 -0.7060682 0.18779276 0.32811567 -0.49558777 0.05691819
D01132 -0.8504283 0.558015 0.51801425 0.24936137 0.2558033 0.8697146 -0.12743238 0.46138242 -0.2949732 0.28088042 -0.13110256 -0.37103084 0.2736084 0.39888492 -0.07940866 -0.059739344
hsa367 -0.6130868 -0.15069851 -0.18879777 0.5712517 -0.15169385 0.47756135 -0.7821116 -0.5006708 0.108239286 -0.47863635 -0.64245343 -0.29020426 0.107745595 0.1391617 -0.4053926 0.021048225
D00066 -0.45467755 -0.30791774 -0.020074401 0.33991542 -0.25050724 0.4875948 -0.72337127 -0.24628066 0.32215372 -0.01528113 -0.34459567 -0.5529173 0.44623426 0.34858248 0.06741498 -0.008928412
D00075 -0.8303207 -0.6136955 -0.19202307 0.41387677 -0.43076807 0.46157718 -0.6575985 -0.24842045 0.26171812 -0.42261946 -0.48702103 -0.60890806 0.67077017 0.33709943 0.25201926 0.05018121
D00316 -0.9467603 0.6183443 0.4815079 0.30784193 0.2949246 0.9116846 -0.25401744 0.4835105 -0.31448495 0.33226112 -0.28814822 -0.23384795 0.20194775 0.3290148 -0.2623208 -0.0774792
D00088 -0.91211903 -0.44091463 -0.38008833 0.46179873 -0.72514343 0.6667593 -0.31103125 -0.40643042 0.34478354 -0.71287286 -0.4307232 -0.7351635 0.38636377 0.078308225 -0.033613894 -0.06984725
hsa2908 -1.1050196 -0.5065435 -0.22293948 0.38935935 -0.4716998 0.6453718 -0.22762185 -0.09263214 0.013475925 -0.8315592 -0.40765083 -0.5622164 0.50981826 0.18290022 0.079711154 0.06325707
D00585 -0.7926277 -0.22442245 -0.18870357 0.5750534 -0.2990425 0.60105896 -0.54031163 -0.41674784 0.08821981 -0.7531748 -0.40057603 -0.6007621 0.30882964 0.31528124 -0.30112767 0.0047707637
hsa5914 -0.9992251 0.6656216 0.71288544 0.2323597 0.39759746 0.88585097 -0.2714402 0.6504044 -0.3247186 0.5560328 -0.13401145 -0.24160291 0.23475154 0.33545363 -0.11160576 -0.20712703
hsa7421 -1.3669157 -0.21490361 0.24187832 0.09598026 -0.20487496 0.86515623 -0.6559042 0.8678313 -0.30146757 0.51570827 -0.68705213 0.47797775 -0.05736659 -0.24460644 0.1996813 -0.48245713
hsa8856 -1.059728 -0.15535586 -0.100512035 0.4476445 -0.3678737 0.546343 0.0713141 0.083335586 -0.19794834 -0.34754393 0.004546446 -0.2306163 0.23602636 -0.10317957 -0.1548148 -0.28777736
D00950 -0.54503757 -0.24723127 -0.057437018 0.39602566 -0.44086373 0.6429186 -0.6236342 -0.42324552 0.3801477 -0.19716872 -0.20108937 -0.80530566 0.5277326 0.5144096 -0.08676528 -0.01701522
D00182 -0.5341546 -0.41545054 -0.07511236 0.5309354 -0.46439326 0.6492692 -0.8129179 -0.55926806 0.4692177 -0.374964 -0.29605582 -0.89994246 0.5795712 0.537701 -0.06895415 -0.015562054
hsa2100 -0.3303507 0.20637217 -0.032355983 0.24856381 -0.43933812 0.9458742 -0.10693911 -0.3348378 0.41787025 0.23490302 -0.16269578 -0.6586347 0.15127073 0.22441916 -0.4743159 -0.05666423
hsa5916 -1.004085 0.40764913 0.3927876 0.1808076 0.2019595 0.8860561 -0.17659883 0.58477426 -0.38312688 0.345595 -0.31476304 -0.006782318 0.10276417 0.19126035 -0.083830155 -0.23314972
D01294 -0.39599025 -0.34995553 0.008462691 0.317421 -0.40436164 0.58692497 -0.7404837 -0.35514525 0.43111303 0.05561559 -0.17212805 -0.8574703 0.66145664 0.56895906 0.06533705 -0.013878159
hsa5915 -0.6411196 0.56501466 0.41881123 0.1776864 0.1768457 0.94011295 -0.20210862 0.31619284 -0.10519659 0.5359418 -0.17946945 -0.4218986 0.20554465 0.39933655 -0.29101184 -0.09199363
D00951 -0.82217634 -0.61569047 -0.20328623 0.4174591 -0.43436643 0.458801 -0.6545643 -0.2755668 0.19612625 -0.4924119 -0.2958207 -0.7245993 0.66264147 0.38131034 0.1925832 0.034041226
D00143 -0.8131586 -0.46293107 -0.18410781 0.5073392 -0.38778254 0.39247224 -0.69542223 -0.1575236 0.13921016 -0.24816859 -0.45532718 -0.32333666 0.3508744 0.09664555 0.14846197 -0.037313003
D02367 -0.41296148 -0.22758768 -0.08053607 0.33865634 -0.43790898 0.64809567 -0.6605558 -0.43636692 0.3762753 -0.0802363 -0.27372786 -0.8218158 0.43345866 0.4242089 -0.15017398 -0.09006146
D00188 -1.2413857 -0.40259892 0.31233817 0.10674871 -0.2115819 0.738569 -0.88098145 0.814132 -0.13372636 0.6325954 -0.7377746 0.4146525 0.11491133 -0.19413076 0.36121503 -0.29300684
hsa4306 -1.0638993 -0.25337574 -0.1747584 0.7119639 -0.30728132 0.35702115 -0.623468 -0.3318458 0.16855021 -0.63269466 -0.32560724 -0.67880297 0.40516227 0.21568033 0.16110654 -0.03546153
D00040 -1.0523286 -0.39983502 0.24055003 0.23664956 -0.14075796 0.5131097 -0.90409577 0.6346755 -0.09889049 0.31658047 -0.7777563 0.20634207 0.3197313 -0.08090441 0.47126865 0.07410895
D02217 -0.20706554 0.020806452 -0.03541233 0.3144685 -0.42728916 0.9498178 -0.43945685 -0.52151734 0.54390895 0.16858573 -0.35680702 -0.7808057 0.3028835 0.44471854 -0.4976998 0.06468613
D04066 -0.45755076 0.2246584 -0.07341553 0.22727029 -0.68380034 1.0605795 -0.28975314 -0.5424939 0.8508782 0.46133095 -0.24952549 -1.1581615 0.3761745 0.26966876 -0.27700827 -0.16150185
D00129 -1.3462063 -0.32107615 0.36378196 0.1516156 -0.080129385 0.7410582 -0.9239929 0.8097714 -0.21611147 0.51141024 -0.78267485 0.3076171 0.17325993 -0.09003937 0.3484096 -0.2057479
hsa6257 -0.81384146 0.64236313 0.3754129 0.21199307 0.13775945 0.82493424 -0.110445425 0.27817595 -0.101172246 0.31784767 -0.21634084 -0.38854447 0.19052744 0.24653442 -0.16100824 -0.11793567
D01161 -0.45467207 -0.12949537 -0.15587509 0.1913593 -0.7705283 0.9295376 -0.48342833 -0.4366059 0.7276928 0.40926912 -0.32809854 -0.8898357 0.36249295 0.20305714 -0.11960441 -0.1461056
hsa6256 -0.8720796 0.96079075 0.492591 0.07206533 0.19418004 1.0887007 -0.019994078 0.5141828 -0.19616674 0.68895686 -0.25237143 -0.4355046 0.086461514 0.31033742 -0.2873514 -0.18339309
D01217 -0.73685086 -0.35191903 -0.1482667 0.48364857 -0.33102775 0.47010648 -0.83329445 -0.3161465 0.3041356 -0.21111037 -0.4328848 -0.6380366 0.55457526 0.34275472 0.10856078 -0.059424255
hsa5468 -0.47139588 0.38329825 0.19688652 0.1616012 0.21131244 1.0536678 -0.30245787 0.3223935 -0.46046367 0.47687262 -0.10021011 -0.22382295 -0.14358196 0.48301643 -0.92336065 -0.14782391
D00187 -1.1464876 -0.15491185 0.387144 0.03478469 -0.04670721 0.87251264 -0.7232062 0.7546799 -0.20035237 0.67663693 -0.7246856 0.3871604 0.035690263 -0.12111215 0.23558861 -0.35468346
D00554 -0.40357578 0.4669266 -0.08408262 0.13116163 -0.85903513 1.2438507 -0.22552033 -0.58868384 1.0481459 0.707002 -0.29800627 -1.3547261 0.3294708 0.22203116 -0.3798975 -0.25702626
D01387 -1.1772873 -0.7623216 -0.35314903 0.34772763 -0.7928071 0.727127 -0.12293182 -0.12392338 0.20155255 -0.8506152 -0.3448646 -0.65465486 0.63545865 0.034766052 0.17835172 -0.026375726
D01689 -1.2093972 -0.78781986 -0.42409387 0.4247098 -0.863038 0.81575626 0.07500997 -0.1018641 0.116252795 -1.0552809 -0.4087921 -0.59034497 0.5027462 -0.009553004 0.09251265 0.059235197
D00690 -0.9755324 -0.63357025 -0.3175591 0.39136562 -0.7609096 0.7131578 -0.250483 -0.31756884 0.24765565 -0.7223768 -0.3420466 -0.7475314 0.57744753 0.14708088 0.10575241 -0.039609022
D00279 -0.81809735 0.5811489 0.22956938 0.34399283 0.2104072 0.9654123 -0.25532344 0.08263005 -0.6123726 0.052705586 -0.19677688 -0.14691025 -0.2494441 0.31491002 -0.82957006 -0.31877032
hsa2104 -0.5766981 0.5929119 0.4479153 0.4681502 0.021450482 0.8752912 0.06266372 0.18919727 -0.04463428 0.16392742 0.02685922 -0.623326 0.30223224 0.4734571 -0.18219377 0.17915921
D00730 -1.2584554 0.15878907 0.008346693 0.63928205 -0.27427894 0.84375775 0.24680825 0.20169538 -0.64190096 -0.54118913 0.075208746 -0.040621784 -0.021251341 -0.08197336 -0.74441785 -0.41615558
D00596 -0.32901987 0.57138646 0.117511936 0.33912408 -0.12624681 1.1333884 -0.20689775 0.12596121 -0.16954213 0.4665775 0.030078042 -0.5808935 -0.13307239 0.3706907 -1.2074034 -0.19006066
D00299 -1.4051524 -0.1439302 0.40348965 0.2052231 -0.11851154 0.837427 -0.70515805 0.86040986 -0.42561904 0.54978174 -0.68777084 0.49179265 -0.010692529 -0.11416715 0.08432907 -0.38431975
hsa6095 -0.720692 0.3531741 0.35358435 0.22272827 0.2854444 0.8572879 -0.63047534 0.6059235 -0.27247712 0.51638484 -0.52644473 0.037433855 0.13704924 0.21723856 -0.3264716 0.10009443
hsa2103 -0.4711225 0.5624028 0.3298719 0.5013442 -0.02781365 0.79333043 -0.13622408 -0.0020108782 0.15120816 0.107033215 -0.2836592 -0.55768335 0.2319101 0.30462745 -0.19887383 0.21327536
D00312 -0.3357353 0.36404556 -0.079962894 0.1739895 -0.690558 0.98777336 -0.21855006 -0.54313815 0.84327716 0.513985 -0.23819992 -1.0631139 0.18661335 0.19222714 -0.4412899 -0.21355994
D00067 -0.46114913 0.34092784 -0.12286492 0.20019253 -0.8087412 1.1573111 -0.19648048 -0.53591865 0.92895347 0.49655145 -0.26762936 -1.2162175 0.23942392 0.18747625 -0.42950362 -0.2558503
D00954 -0.4905573 -0.46274447 -0.21010055 0.4512583 -0.5833226 0.64748996 -0.6557075 -0.5420688 0.42421687 -0.32406217 -0.2709492 -0.9417512 0.6012554 0.5123157 -0.054056406 0.00032212737
D00246 -1.1455381 -0.59818226 -0.24558018 0.35247996 -0.7171452 0.8363618 -0.12678462 -0.20644766 0.220544 -0.8957316 -0.34113485 -0.79225737 0.6092504 0.23095457 0.12493775 0.08942683
D01115 -1.1951591 -0.44415972 -0.37257826 0.7368538 -0.4881929 0.38879257 -0.6934018 -0.41472775 0.17686781 -0.85762864 -0.35654974 -0.8481831 0.5775173 0.2808896 0.21093643 -0.047090046
D00962 -0.101672314 0.075616136 -0.029782545 0.3200838 -0.43959352 1.0681181 -0.4610286 -0.40050787 0.4899405 0.35503644 -0.14274392 -1.0369718 0.2564327 0.5816041 -0.78693604 0.023637168
D00327 -0.9228712 -0.6376004 -0.2846602 0.43194038 -0.5434385 0.43182018 -0.4943049 -0.23211473 0.20941713 -0.6353448 -0.44572353 -0.6396668 0.5867679 0.2465813 0.24602203 -0.0042172014
D00105 -0.4976744 0.4287617 -0.1991845 0.1931786 -0.8014294 1.2638485 -0.366204 -0.62339514 0.97552955 0.6715774 -0.3692484 -1.3311948 0.20070812 0.15857051 -0.5814063 -0.30256608
D00930 -1.3154817 -0.07015817 0.53046715 -0.038849827 -0.17813066 0.9537514 -0.6395485 0.9722406 -0.04991641 0.8371914 -0.6564832 0.3072022 0.05796654 -0.17307724 0.3937097 -0.40227026
D00443 -0.99014646 -0.36228693 -0.1865633 0.67792463 -0.36571765 0.33828273 -0.69279855 -0.2528543 0.1809083 -0.44598475 -0.35684374 -0.5665773 0.46605262 0.1789869 0.22702323 -0.09021584
D00163 -0.8840038 -0.4220922 0.0018229915 0.22418174 -0.40991223 0.55580974 -0.62553066 0.37557867 0.052218143 0.27640674 -0.7899081 0.034071468 0.27720666 -0.06310193 0.45968714 -0.0018598151
D00898 -0.321704 0.41631293 0.47328475 0.26281956 -0.052491494 0.9346462 -0.29779455 0.12786949 0.20052654 0.4321367 -0.02058777 -0.72510177 0.24911234 0.45878276 -0.45198876 0.067564994
hsa5465 -0.9185202 0.39401725 0.36862507 0.2873686 0.30435547 1.0577276 -0.54848063 0.26049477 -0.8861965 0.38803133 -0.25189915 0.07591762 -0.3941737 0.41929618 -0.99209005 -0.46971336
hsa6096 -0.72767156 0.4589592 0.42635095 0.16108024 0.18550773 0.934517 -0.250656 0.4690116 -0.31308305 0.56431925 -0.14923857 -0.043077923 0.022176292 0.276084 -0.3849504 -0.14645962
D00961 -0.46392307 0.3521347 0.13146465 0.37079945 -0.019526863 0.83864266 -0.3858047 -0.20635398 0.015028048 0.014080571 -0.28168398 -0.33872294 0.039174892 0.2691758 -0.7005709 -0.0190568
D01441 -0.5431944 0.41953832 0.28867188 0.23803692 0.11251458 0.90783995 -0.3602164 0.20679487 -0.15385489 0.29837424 -0.2744069 -0.16145432 0.0083031375 0.27487642 -0.6417265 -0.011062607
hsa2101 -0.53114057 0.48108548 0.5056632 0.517163 0.04473323 0.8293667 -0.20436454 0.04640646 0.040561926 0.07801932 0.082277514 -0.5622709 0.31234235 0.4901594 -0.28650358 0.13296123
D00348 -1.0841042 0.44872344 0.6021307 0.10949066 0.27911893 0.9291763 -0.39069557 0.76115066 -0.4512056 0.5273418 -0.39163494 0.1262621 0.07461543 0.18302715 -0.09339948 -0.21224232
D00565 -0.7191974 0.27952224 0.1468291 0.49299505 -0.026555296 0.73965627 -0.16390333 -0.074851364 -0.22641559 -0.32906163 -0.04699626 -0.3571446 0.091015436 0.1904909 -0.61180353 -0.12959942
hsa6258 -0.99602395 0.7404145 0.5578059 0.15594386 0.47468513 1.0237422 -0.25147593 0.70569205 -0.51081634 0.5081024 -0.31491894 -0.074303135 0.15367375 0.42215335 -0.28545564 -0.1474724
D00211 -1.369512 -0.47754455 -0.1833365 0.47368017 -0.4541352 0.6036033 0.10070143 0.17344737 -0.3865625 -0.81003654 -0.15805212 -0.14545903 0.42081195 -0.08574106 0.0019693212 -0.21919067
hsa9970 -1.211739 -0.114496715 -0.30490196 0.40207925 -0.3215143 1.2383709 -0.5653185 0.5222299 -0.57911175 0.23522332 -0.65120864 0.5342819 -0.5553084 -0.33248693 -0.75087917 -0.67584294
D00627 -0.23263378 0.33367422 0.17732422 0.16305943 0.10747748 1.038076 -0.3737642 0.0736072 -0.05158169 0.5066255 -0.24173965 -0.31229025 -0.08301449 0.48683006 -0.857556 0.010923708
D00956 -0.5386308 -0.32878533 -0.16612123 0.4488696 -0.47151175 0.68297344 -0.7391103 -0.46690276 0.44681516 -0.15215418 -0.5280795 -0.5566904 0.35145295 0.26857102 -0.17183769 0.007156521
hsa9971 -0.8741212 -0.25629237 -0.08026132 0.22355337 -0.34812185 0.68032426 -0.45812994 0.324917 -0.047383778 0.33878818 -0.7637733 0.14843452 0.093404196 -0.111223 0.24395455 -0.11242884
D00462 -0.5325391 -0.390257 -0.09324502 0.41984004 -0.19153684 0.42513627 -1.0195943 -0.30746928 0.1907932 -0.1969458 -0.8981365 -0.1368473 0.14675108 0.06353497 -0.03527485 0.06849277
D00506 -0.7377096 0.08070557 -0.4121112 0.3936896 -0.269873 1.007252 -0.25406522 0.08610734 -0.5093093 -0.16826174 -0.19454888 0.03976131 -0.5548705 -0.13023847 -1.1793358 -0.5753473
D00965 -0.46807647 0.22767384 -0.34196487 0.48326883 -0.36247897 0.88379914 -0.35698608 -0.64652145 0.23203228 -0.37538207 -0.55457735 -0.25979778 -0.31848687 -0.044044055 -1.1882741 -0.32011673
D00586 -0.61568713 0.4157085 -0.010983344 0.5438267 0.060931537 0.82027435 -0.52039903 -0.5998622 -0.11417082 -0.41800225 -0.56217766 -0.19050467 -0.22106454 0.14854681 -1.1005204 -0.24946845
hsa6097 -0.92832446 0.3389867 0.33007234 0.1877679 0.23240787 0.8519048 -0.20483431 0.58466333 -0.4989203 0.21558884 -0.2958612 0.069025196 0.11139111 0.40443033 -0.31227458 -0.08437213
D05341 -0.5179346 0.9300438 0.117918365 -0.14477426 -0.43568146 1.2418897 0.06146068 0.45310476 0.15202782 1.030962 -0.52902097 -0.81066424 0.076524734 0.110981114 -0.4824768 -0.0026540207
hsa3174 -0.70123464 1.0293577 0.2008977 -0.11476563 -0.21461967 1.2386663 0.11265551 0.4805496 0.07366483 0.8888021 -0.5272524 -0.79005176 0.13827771 0.1923815 -0.3368155 0.00630172
hsa190 -1.1474466 0.8259114 0.58330035 -0.011914205 0.35229924 1.2425712 -0.17163134 0.8700597 -0.43943673 0.6640684 -0.51648825 -0.034996964 0.006199587 0.43411186 -0.15136097 -0.30154112
