hsa154 0.657321 0.4845655 -0.4697542 0.87330425 0.29885253 -0.13243262 -0.49005342 0.51648307 -0.31737125 0.3373411 -0.6276508 -0.8010256 0.82025105 -0.58655345 0.02008058 -0.46479723
hsa150 0.13998011 -0.008347884 -0.43428516 0.5441227 0.03388294 -0.086266086 -0.5004113 0.081851654 -1.0131915 0.044904634 -0.26855817 -0.44446158 0.114639334 -0.15988396 0.2346458 -1.024461
hsa148 0.2201525 0.16129592 -0.13169138 0.5731769 -0.05066167 -0.29315773 -0.41632885 0.09538816 -0.9852033 0.22818789 0.07017266 -1.1388448 0.029774979 -0.82625556 0.23448646 -0.35176218
hsa153 0.49293792 0.29494536 -0.2630267 0.89169246 0.6031556 -0.09582846 -0.57975125 0.4341044 -0.2967773 0.35616347 -0.526828 -1.0924963 0.5503164 -0.5751446 -0.13712992 -0.23684044
D00283 -0.565946 -0.3034378 0.1252673 0.4768505 -0.03562248 0.07543474 -0.5645274 0.23416707 -0.5042687 0.35843334 -0.72576505 -1.011146 -0.30654046 -0.37627858 0.021013437 -0.6334227
hsa1128 -0.15187748 -0.6708079 0.5792892 0.26852617 0.30517545 -0.16500081 -0.8222717 -0.24891183 -0.22333318 0.733097 -0.51167196 -0.8210749 -0.076394916 -0.7278859 0.5597045 -0.030839615
hsa3269 -0.19474164 -0.4688081 0.614251 -0.49611837 -0.12956533 -0.26850373 -0.28007057 0.023327392 -0.298381 0.04411242 -0.65449774 -0.9361509 0.256333 -0.7183602 0.12705187 -0.5568037
hsa147 -0.32113692 0.11775938 -0.09929466 0.7302453 -0.0025438103 -0.48091173 -0.26016548 0.012837949 -1.1824137 0.12570648 -0.051340137 -1.1168022 -0.0465963 -0.872584 0.4005828 -0.7135063
D00454 -0.36127922 -0.21158125 0.4455647 0.34881222 0.18140234 -0.42539746 -0.50800025 0.39119145 -0.49323156 0.8196881 -0.33674303 -0.8288643 0.017604489 -0.6430684 -0.11907657 -0.5716829
hsa151 0.0028719502 -0.028503295 -0.15381792 0.60083264 -0.08034712 -0.011825001 -0.52969795 0.47397852 -1.0620344 -0.18355748 -0.09073484 -0.48216256 -0.040577162 -0.58347106 0.04566991 -0.75035334
D00528 -0.6626613 -0.44298607 -0.061462693 0.26033312 -0.1783371 0.7352641 0.2873915 0.12170194 -1.1553972 0.46262833 -0.50262696 -0.7004017 1.656717 0.18696299 1.1636745 0.51636314
hsa146 -0.15212347 0.09901587 -0.11693494 0.6795139 -0.008542417 -0.15950932 -0.31930697 0.11299171 -1.085978 0.22065893 0.027777953 -0.9732903 -0.063055106 -0.88043135 0.16751668 -0.6801383
D00513 -0.4799372 0.16888705 -0.28126952 0.93367213 0.09070743 0.16216585 -0.519814 0.22782189 -0.52024484 0.29621837 -0.4293503 -1.0314387 0.04719918 -0.5560235 -0.21841462 -0.5402645
hsa1813 -0.35832292 -0.50575674 0.5014536 -0.09799965 -0.12658012 -0.34267977 -0.12810837 1.1189928 -0.7933926 0.48001727 -0.8262804 -0.77045536 -0.26655284 -0.3130222 0.017422644 -0.2577659
hsa3356 -1.0473157 -0.2814423 0.28707522 0.42500842 -0.17278537 -0.06802679 -0.27690917 0.4751177 -0.7405904 0.39879844 -0.46752614 -1.0213876 -0.15711008 -0.47897965 -0.011905176 -0.23447372
hsa1129 -0.01549398 -0.72244 0.79925823 0.38076487 0.3092081 -0.34718716 -0.72378254 -0.50292706 -0.25160506 0.42402324 -0.2355434 -1.0815037 0.23488346 -0.4351072 0.53187317 0.005017643
D02361 -0.15090261 -0.77923095 0.23396692 0.39780882 0.34003556 -0.6430631 -0.38575575 0.11591934 -0.69964963 0.29579437 -0.6079645 -0.89954823 -0.13481295 -0.50667715 0.25256363 -0.31353015
D00726 -0.5720822 -0.28969505 0.18934347 0.56006855 0.07034183 0.66772234 -0.33419675 0.24384321 -0.2868764 0.57168174 -0.7557386 -1.3004502 -0.6137397 -0.45400304 0.26293057 -0.032622695
D00493 -0.48909175 -0.37122715 0.32628074 -0.041848574 0.13395658 -0.23578726 -0.78193563 0.5399232 -0.50585467 0.55976796 -0.2101919 -1.1499896 0.015370295 -0.24996175 -0.03936768 -0.6345343
D00494 0.076300785 -0.9883879 0.19196463 0.07737385 0.016196089 -0.76188123 -0.097333565 0.10745346 -0.4762006 0.20971704 -0.88798714 -1.0189476 0.18484777 -0.68810904 0.602875 -0.20221531
D02354 -0.3760941 -0.5031595 0.78932345 0.34651974 -0.023158504 -0.30148265 -0.35076115 0.097308695 -0.40805733 0.8148677 -0.2823357 -0.74887186 0.07644351 -0.42437404 0.37317485 -0.40743265
hsa152 0.09825912 0.5352306 -0.074602194 0.44062158 0.2495733 -0.21500577 -0.27988857 0.1431019 -1.4211775 -0.15470918 -0.28655517 -0.33810076 -0.1628433 -0.68484443 0.28814736 -1.2137725
hsa1812 -0.19645166 -0.32415283 0.45611268 0.13838358 0.12901475 -0.3920488 -0.41167825 0.45828205 -0.37068233 0.71643513 -0.5105991 -0.66340137 0.042972736 -0.1456273 0.1487694 -0.8040518
hsa155 0.1126356 0.43385294 -0.30665734 1.3032683 0.11427103 0.11200807 -0.51943755 0.8295983 -0.4653569 0.26722163 -0.11106927 -0.6054307 0.54591376 -0.8025249 0.15452693 -0.21697691
hsa3577 -0.07204219 -0.31904674 -0.029132722 -0.12735438 0.12262066 0.23771894 -0.12119353 0.4527037 -0.93270576 -0.68816924 -0.16898216 -1.1239443 1.0172098 -1.03377 0.43935877 0.71630865
D00451 -0.9245088 -0.00927484 -0.013917971 0.8776274 -0.15394047 0.64357084 -0.3644714 0.09902443 -0.36040297 0.6067065 -0.9838717 -1.061592 -0.41921163 -0.54504853 -0.09372815 -0.19122675
hsa1814 -0.4243815 -0.14709407 0.6526672 0.17090105 -0.2739626 -0.19907369 -0.78351325 0.8229574 -0.45402613 0.64791465 -0.37522256 -1.1296126 -0.2044003 -0.38246983 -0.2819587 -0.22992934
D00996 0.6229621 0.5310093 -0.47970563 0.7434835 -0.07744655 0.079559974 -0.26289132 0.34437615 -0.8569594 0.3106166 0.029130474 -0.66666424 0.45906788 -0.8744214 0.32320362 -0.7236316
hsa4988 0.8999954 0.17344804 0.8981806 0.90805715 -0.50039566 -0.3730209 -0.46798962 0.37731025 -0.8661332 -0.6531728 -1.0190414 -0.6434734 -0.27910486 -0.14992197 1.1476661 0.14358482
hsa1131 -0.09415492 -0.8070109 1.1494083 0.43216208 0.19349255 -0.44157904 -0.20925987 -0.23203643 -0.43378046 0.7828918 -0.14454141 -0.7835751 0.56366163 -1.0634778 0.10476566 -0.3851636
D00437 0.29077813 0.21071574 -0.25870487 0.5694693 0.28444022 -0.36125377 -0.34894502 0.5669594 -0.6699041 0.038894057 -0.18556009 -0.7469214 0.7679291 -0.87277544 0.03062952 -0.2604268
hsa3352 -0.9593248 0.07169299 -0.08461906 0.73167455 0.3986915 1.0289661 -0.61073166 0.14892505 -0.32198605 0.114015535 -0.8535992 -1.0301933 -0.4613911 -0.8621591 0.67985404 -0.28182808
hsa3351 -0.901027 0.110264935 -0.07200763 0.46130008 0.17459762 0.8522699 -0.7310869 0.30421394 -0.26953277 0.37835172 -0.7789269 -1.1718808 -0.4826592 -0.54464906 0.2752118 -0.32511187
hsa3358 -0.32387364 -0.6331571 0.27629593 1.1209521 0.035181966 0.30102262 -0.23465878 0.056306615 -0.6643274 0.24674451 -0.5720855 -1.0865167 -0.31670254 -0.2305835 -0.20573269 -0.31583822
hsa3274 0.10575254 -0.525569 -0.7537883 1.2482883 -1.277542 0.37872836 -0.7354071 0.25333458 -0.34042123 0.66079056 -0.4557766 -0.7278354 1.1639831 -0.25067103 0.6363572 -0.35194457
D02149 0.6136932 0.5021114 -0.33563575 0.49261215 0.2202756 -0.01131586 -0.32430717 0.3045676 -0.864495 0.16331318 -0.13851927 -0.5777315 0.16271386 -0.701206 0.3635815 -0.680379
D00560 -0.110109195 -0.16822514 1.1794255 0.29951176 -0.6401829 0.0012303579 -0.30467284 1.1120918 -0.5402112 0.34892312 -0.58023316 -0.74942875 -0.2325802 0.35667354 0.1253932 -0.8483887
D01713 -0.4159962 -0.3099275 -0.25290394 0.5444643 -0.56711507 -0.116874784 -0.45191878 0.41051352 -1.0365443 0.069220036 0.14131947 -0.7393913 0.40904287 -0.5333524 0.14836264 -0.4924106
D00255 0.08660525 0.21831071 -0.44117272 1.1529659 0.03873211 -0.2795536 -0.41907737 0.22007982 -0.80193657 -0.0010246248 -0.26766065 -0.8813387 0.28328344 -0.71088165 0.3322377 -0.50355554
D00136 -0.32214776 0.16813144 0.75013745 -0.20488276 -0.1901288 -0.40708002 -0.44150084 0.31388026 -0.9163063 0.21777749 -0.24114077 -1.0080429 0.067948334 -0.35300052 -0.3075621 -0.3005953
D00180 0.39908767 -0.04796793 1.6402284 -0.04219955 -0.3229431 1.0144181 -0.34079245 -0.5162555 -2.416307 0.51096684 -1.539104 0.4876674 1.287037 0.4904292 0.035612755 -0.041809764
hsa3350 -0.88719356 0.10142364 0.19088875 0.75355214 0.09040791 0.2489717 -0.16853572 0.15824279 -0.82647336 0.4503258 -0.63350224 -0.84909505 -0.30090198 -0.27080905 -0.09946897 -0.34509215
D01973 -0.70145476 0.28096384 0.11241205 0.5435631 0.43957794 0.65474796 -0.46054813 0.07836289 -0.68556076 0.3635429 -0.391577 -0.9852274 -0.0028705946 0.40988696 -0.35552403 -0.5117574
D03621 -0.21978658 -0.97977436 0.9434337 0.16972828 -0.2393861 -0.10865839 -0.16345307 -0.4920113 -0.5586352 0.14666581 -0.29678708 -0.8969248 0.32573375 -0.82598287 0.043122582 -0.13627276
hsa3355 -0.90734273 0.03056743 -0.03835981 0.7578699 0.0060206824 0.64261585 -0.5527855 0.05434823 -0.5287412 0.33573282 -0.7436888 -1.0062232 -0.27399233 -0.3996512 -0.23802005 -0.40210918
D01051 -0.59960854 0.13335215 0.56100535 0.37267813 -0.23778316 -0.4075749 -0.173324 -0.05723726 -0.7957924 0.0972708 -0.31034902 -1.0029767 0.019124523 -1.1362692 0.44814232 -0.13895808
D02340 -0.9228864 -0.6233791 0.23542283 0.10468739 -0.27488014 -0.14241801 -0.756432 0.6450512 -0.9092971 0.32258278 0.1356122 -0.8797275 0.015722977 -0.59390444 0.18649496 -0.056811396
D02671 -0.4838681 -0.27399883 0.59181666 0.08105076 0.21436681 -0.25699484 -0.3623861 0.44546348 -0.5612547 0.6466893 -0.52066875 -0.9673892 -0.0034139324 0.48859447 -0.16443333 -0.3148431
D02070 0.15308575 -0.60605603 0.67910427 0.32248574 0.29873168 -0.8109811 -0.69925356 -0.24812602 -0.33348677 1.2046258 -0.22766015 -0.6017831 0.6585333 -0.6606053 0.40271604 -0.21656387
D01358 -0.46794298 -0.34751785 0.3471181 0.5939072 -0.018983118 -0.17051175 -0.551881 0.12511505 -1.0188534 0.13471615 0.26830125 -0.6241627 0.0061489004 -0.85231906 0.09417724 -0.47772217
hsa134 -0.27668512 -0.39988577 -0.9372498 0.13247882 -0.3001215 0.6537574 -0.0064467425 0.02657933 -1.632236 0.8821054 -0.69944793 -0.04884043 1.2515349 0.18770193 1.5546525 0.39926377
hsa1132 0.063571766 -0.8592049 0.3254761 0.16158287 0.4180435 -0.56205606 -0.49522924 -0.034769177 -0.30408 0.75977355 -0.46465874 -0.92107165 0.22726128 -0.62456465 0.60107434 -0.37989822
D00270 -0.6650932 -0.60127217 0.124030344 -0.108193025 1.0802531 -0.19673368 -0.8526093 0.62471545 -0.40471175 -0.38392514 -0.68270236 -0.5884899 0.51860225 -0.7809241 0.58516496 -0.5656626
D00113 0.017985227 -0.7592423 0.77532834 0.61698717 0.39307582 -0.7112651 -0.64936936 -0.1909411 -0.14136232 1.0342553 -0.38561755 -0.8410119 0.43452635 -0.67431813 0.69964397 -0.05498233
D01390 0.27474156 0.6960129 -0.59432214 0.9203463 0.2205178 0.4013836 -0.17003861 0.6445203 -0.749562 0.59459263 -0.4066032 -0.85529137 0.3177377 -1.0779018 -0.15469441 -0.39980122
hsa2918 1.1133894 -0.3345721 -0.17309852 -0.8805998 0.14925939 0.99022865 -1.5183172 -0.31428507 -0.5456523 1.625032 -1.201095 -0.29500455 0.3801546 -0.30521497 0.7952825 -1.0649475
D00609 0.06429974 0.10913326 0.1110874 0.70756674 -0.009313073 -0.008114317 -0.5959997 -0.1766604 -1.086979 -0.24601783 0.04479542 -0.9260564 -0.43530735 -0.5529162 0.4986067 -0.8895503
D00563 -0.23626319 -0.85464656 0.24224035 0.48848945 0.27919725 0.32549688 -0.15572272 0.11171352 -0.8974157 0.20040044 -0.00875665 -0.6829031 -0.08240134 -0.60556567 0.009480283 -0.61471075
D01164 -0.8434174 -0.4175423 0.44317332 0.65843517 -0.17977633 0.00942309 -0.4237711 0.6798243 -0.64137506 0.6940911 -0.7083087 -1.086001 -0.414221 -0.3425922 -0.29597628 -0.4083436
D00509 -0.14028065 0.32087967 -0.19798635 0.5910841 0.32872984 -0.09318608 -0.26672357 -0.19862266 -1.0584928 -0.1607659 -0.35588944 -0.92321795 -0.02584659 -0.36706874 0.052259423 -1.1066997
D01871 -0.09535862 -0.9350817 0.8319466 0.1352062 0.27024516 -0.24873397 -0.88059574 -0.37448877 -0.4865228 0.82718694 0.09368418 -0.9475827 0.2763081 -0.5075999 0.01389675 -0.48068932
D03858 -0.21764399 -0.20493379 1.3365757 0.3042804 -0.29389068 -0.5211793 -0.1406894 -0.0461025 -0.42568636 0.41384915 -0.428097 -0.64865226 0.16278607 -0.8264248 0.56129175 -0.36586443
D00613 -0.11029307 -0.10682061 -0.039701823 0.7404315 0.30593285 -0.4315838 -0.3455289 0.038723238 -0.7168914 0.24625856 -0.72157747 -0.6868944 0.37685102 0.35601133 -0.003909817 -1.5351436
hsa3360 -0.35238004 0.15065588 -0.054042198 0.74879277 -0.48270908 0.071175 -0.6440203 -0.47338912 -0.28384346 0.54079276 -0.83650875 -1.3161339 -0.20720683 0.17826834 0.029823158 -0.24247588
D02150 0.5341052 0.56421596 -0.49596637 1.0068009 0.11150906 0.088066034 -0.21349946 0.46994573 -0.6440709 0.65678966 -0.22095025 -0.8377222 0.5671265 -0.9091039 0.024390714 -0.24659768
hsa1133 -0.114264086 -0.6468219 0.8718366 0.34739798 0.46901414 -0.579343 -0.4650295 0.015129248 -0.25053346 0.86609644 -0.4726942 -0.7500553 0.32426685 -0.4745278 0.4295876 -0.32369697
hsa185 -1.010514 1.1194563 0.73069894 -0.07782088 -0.035292 0.32524452 -0.8151149 0.021818839 -0.30419642 -0.5484867 -0.66230315 -0.70317876 1.4999031 -1.1303304 0.70726603 0.27123702
D00300 0.10427097 -1.2862606 0.47412473 -0.06580391 -0.25068563 -0.078855984 -0.19170982 -0.14360763 -0.20922366 -0.39594093 -1.0547216 -1.0039796 0.4479117 -0.7330508 0.2946435 -0.7162784
D00790 -0.27057514 -0.5726824 0.14438376 0.05274867 1.1686962 -0.64402664 -0.4340201 0.96934474 -0.48794606 -0.077952415 -0.96188784 -1.0941284 0.042012278 -0.48399407 0.81941104 -0.41144013
D03966 0.8591518 -0.2704449 0.062237173 -1.023303 -0.048876934 0.7342854 -1.4773546 -0.39223558 -1.2364274 1.3615106 -0.7068995 0.08467205 0.19173181 -0.13821043 0.9729859 -0.795065
hsa1816 -0.5390218 -0.13711272 0.4009164 0.5418894 -0.3652923 -0.113581516 -0.30435526 0.37981784 -0.32343492 0.5645785 -0.65956914 -0.97096276 0.045909263 0.25053665 -0.09660762 -0.81957316
D01295 -0.22529133 -0.39193594 1.1564621 0.22799708 -0.44092196 -0.36026508 -0.27507737 0.65987414 -0.21481049 0.6064501 -0.7246339 -0.74795187 -0.06136866 -0.4542046 0.077334374 -0.7298845
D00079 0.5843496 -0.09766525 1.034784 -0.29585892 -0.029326953 1.0384694 -0.7008232 -0.5900036 -2.4107862 0.91438514 -1.2051014 0.5009541 1.4690672 0.3948533 0.007139636 -0.16340256
D00234 0.52652824 -0.65206647 0.5167931 -0.11590803 -0.76317334 -0.018048234 -0.4441074 0.6000527 0.019728065 0.24316679 -0.52272433 -1.1298491 0.22590102 -0.17580004 0.17746785 -0.9811576
hsa135 -0.64894664 -0.91811144 -0.42787462 0.25874338 -0.3580113 0.531847 -0.19820482 0.20961186 -1.1329474 0.5358071 -0.6376401 -0.2892483 1.5669847 0.29917258 1.3957328 0.26183593
hsa4986 0.45365667 0.8307843 0.95800364 0.564619 -0.54761434 -0.27742228 -1.1189541 0.81726897 -0.44258144 -0.3733389 -0.39997467 -0.70609325 0.2855436 -0.14513779 1.3726126 0.6503102
D01603 0.18042463 0.044048067 -0.1677423 0.65432227 -0.097006686 -0.40512195 -0.3904777 0.13243406 -1.2113748 -0.49595147 -0.28426522 -0.76581144 0.06281911 -0.60715634 -0.01918884 -0.7910312
D01022 0.27647913 0.4837868 -0.1587757 0.8405052 -0.058667082 -0.28136578 -0.13793088 0.5034904 -1.2670245 -0.042528257 0.024798222 -0.8893696 -0.030166704 -0.6992278 0.5740325 -0.539096
D01454 0.15747969 0.572548 -0.47519025 1.3832053 0.06810716 -0.28178474 -0.35396504 0.77282125 -0.84478104 0.6315783 -0.31560054 -0.83695114 0.5245974 -0.65729874 -0.2862069 -0.21683513
D00411 -0.59070164 0.19560872 1.3193581 -0.0475571 0.4698228 0.68668467 0.38987377 0.66493493 -0.6949585 -0.19307189 -0.5096742 -1.300289 0.5764753 0.706598 0.5567554 -0.055585302
D02578 0.123438835 -0.3738424 -0.119576946 1.0632069 -0.17593917 0.92517143 0.26661518 0.18774153 -0.52600867 -0.5820722 -1.1209304 -1.1071651 -0.19565427 -0.13138741 0.07931087 0.10587684
D00607 0.14488168 0.4257329 0.05519671 0.6101667 -0.10133363 -0.70967 -0.31648958 0.2944395 -1.381437 -0.05237132 -0.3823628 -0.47268903 -0.18021823 -0.5112423 0.51605856 -0.82493275
D00274 -0.04955986 0.12883209 0.42668897 0.289054 -0.03356012 -0.0694593 -0.8611104 -0.66897315 -0.5045387 0.42865047 -0.39166522 -1.4851696 -0.16506757 0.17203608 -0.03392304 0.20702553
D03274 -0.3287557 0.5501347 0.28466964 0.69441235 0.474419 -0.29743472 -0.40752977 0.7393702 -0.8115948 -0.5891404 -0.41354388 -0.66218024 0.3120146 -0.672699 0.78732073 -1.1217217
hsa8843 -0.3882747 -0.45107186 0.9224199 0.24190366 0.51572734 0.8753264 0.6668951 -0.36045516 -0.7194322 0.835169 -0.3986858 -1.3492872 0.5535277 -0.7575487 0.5465742 1.0280402
hsa6752 0.9750324 0.21121655 1.7596232 0.64879096 -0.15429349 0.5262973 -0.18552966 0.8802304 -0.73284227 -0.52392364 -0.8787736 -0.1443847 0.3836053 0.5282041 1.2422185 -0.19317476
hsa136 -0.32681283 -0.75618774 -0.35189575 0.5695607 -0.4728296 0.5365183 -0.037288416 0.27414614 -0.91461986 0.7236077 -0.59764296 -0.5523511 1.5834285 0.27517143 1.3225813 0.59488124
D02725 0.3188596 0.18799153 1.1831121 0.13796975 0.110229224 1.2482301 -1.185018 -0.4713303 -2.6643405 0.6845827 -1.617116 0.43038058 1.321319 0.13978557 -0.9348896 0.19902706
hsa3357 -0.77728635 -0.17543414 0.1111297 0.8923697 0.14263912 0.37361228 -0.21596698 0.5010917 -0.540507 0.64343923 -0.63953716 -1.1484697 -0.26311174 -0.5675837 -0.35031134 -0.24097386
D00106 0.30580044 -0.29918733 0.9614203 0.13200729 -0.25740662 1.0212402 -0.06417682 -0.32815778 -2.0612638 0.7084746 -0.71155465 0.29304865 1.7385013 0.7470278 0.17677508 -0.34577474
hsa5731 0.16318493 -0.25212 1.0019977 -0.061006233 -0.16255076 1.174679 -0.7507867 -0.62102866 -2.4386706 0.82636166 -1.4200875 0.28500918 1.1010047 0.5957261 -0.48103392 0.009628073
D00227 -0.5035998 -0.80437964 -0.4519068 -0.20454955 -0.50121963 0.16654436 -0.38825738 0.064592145 -1.1580275 0.35853466 -0.7760986 -0.28097957 1.3825027 0.22280341 1.5960206 0.5062234
D00110 -0.108937256 0.14183317 0.99585706 0.44855803 -0.27195832 -0.6705734 -0.9760246 0.41016912 -0.24936089 0.7201034 -0.17382073 -0.6619987 0.09468821 -0.1566613 0.8152068 0.2063512
D02237 -0.045971 0.4491637 -0.24833046 0.48084506 0.118097305 -0.35033858 -0.25340918 0.09531665 -1.315134 -0.12968749 -0.19492657 -0.9485527 -0.08081828 -0.24471627 0.31331286 -0.9253453
D00095 0.7482 0.63219076 -0.26599097 0.67955494 0.4858831 0.17567027 -0.13583162 0.62099016 -0.53683084 0.8736039 -0.21088168 -0.9091679 0.4868707 -1.1219265 0.14106834 -0.44444048
D03881 1.1190655 0.3626155 -0.4441692 0.96142936 0.6427672 -0.020662012 -1.1647536 -0.17951708 -0.14282422 0.07126819 -1.0796369 -0.97687626 0.8144434 -0.4717069 -0.0025672053 -0.60172075
hsa3354 -0.7841796 0.11141601 -0.23543896 0.76836455 0.3753653 0.5306724 -0.28766552 0.083369836 -0.50518143 0.4106453 -0.69968396 -1.0489893 -0.31442842 -0.24953698 0.03445181 -0.24498062
D00665 -0.5680446 0.098204546 0.4097764 -0.9020329 0.58756244 0.29634476 -0.7331559 -0.43686557 -0.2061484 -0.061534632 -1.1735448 -0.79354376 0.41070297 -0.9993441 0.05499915 -0.5553479
D00419 0.19581568 0.15468283 1.7422825 -0.2119698 -0.006939547 0.8382502 -0.7479092 -0.55399895 -2.337819 0.33688322 -1.4038705 0.40928966 1.4174225 -0.05020216 -0.47115064 0.32650673
D01118 -0.25940773 -0.68420255 -0.07302992 0.3413437 0.6193638 -0.8468554 -0.49932736 0.16080381 -0.7713733 -0.15801293 -0.62115335 -0.9277237 0.31582946 -0.98049045 0.55932575 -0.10785172
D05129 -0.7552608 -0.09265127 1.2577955 -1.2501949 0.49816605 0.43095776 -0.20057413 -0.10955562 -0.5708127 -0.14205548 -0.9104502 -0.5713325 0.943207 -0.43565193 0.33005786 -0.17891338
D02721 0.07657636 -0.21589242 0.82455206 -0.36160484 -0.33402354 1.0601561 -0.40179557 -0.62871635 -2.3976178 1.0033859 -1.3776381 0.35928592 1.2909417 0.9110356 0.021746904 -0.23847562
D02147 0.83498967 0.9265009 -0.4702557 1.3100163 -0.18534377 0.038059678 -0.2433455 0.8173399 -0.5842847 0.74423474 -0.49857423 -0.6789462 0.503096 -1.0085576 0.21164754 -0.13012993
D01712 -0.54424864 -0.50986373 -0.7745734 0.37834463 0.19491689 0.8313483 -0.2364922 0.22728646 -1.3466496 0.5312579 -0.60261905 -0.31866065 1.609184 0.36926246 1.7899411 0.59583104
hsa2912 1.2924119 -0.09919692 -0.3512197 -0.79769367 0.10240195 1.475632 -1.6148553 -0.39946926 -1.1445154 1.60882 -1.3239487 0.19759603 0.9921901 -0.1800085 1.0767398 -0.9684837
D00645 0.48659235 -0.22951877 -0.21400364 0.23657577 0.25703526 -0.246832 -0.3856777 -0.06269303 -0.8767942 -0.49322027 -0.70371985 -0.9073793 0.783602 -0.14784269 -0.65719485 -0.50898844
D02884 -0.56319594 -0.71506387 -0.43714437 0.25976357 -0.09644162 0.749821 0.07689846 0.22296955 -1.364473 0.74807465 -0.7135633 -0.6197416 1.2811409 -0.117464386 1.612059 1.0734138
D00632 0.8931645 0.28697535 -0.25184816 1.2272822 0.8953749 -0.17887327 -0.54669 -0.20903991 -0.29580697 0.40296185 -1.2028412 -0.9926049 0.89641577 -0.1354085 0.052839555 -0.8257017
hsa5732 0.13756475 0.12855163 1.7207663 -0.31481856 -0.22597116 0.63894457 -0.5480152 -0.6077839 -2.474871 0.19476071 -1.4419441 0.38695318 1.4378479 0.14113913 -0.239608 0.4759275
hsa59340 -0.045014948 -1.0569015 0.02275351 0.32560113 -0.88583404 -0.023096368 -0.41173476 0.40660605 -0.117709555 0.25755343 -0.7051401 -1.2982546 0.24673608 -0.5420033 0.38689867 -0.79638445
D02250 1.2132145 0.4199765 1.733393 0.8328309 -0.061566018 0.4719889 -0.045994237 1.0944082 -0.5165758 -0.44562948 -0.80488646 -0.75545144 0.61536694 0.11448961 0.66661704 -0.46937403
D02327 -0.22300108 -0.11313622 0.683551 -0.044283114 0.098245494 -0.016042344 -0.9246303 -0.64069664 0.1960413 0.007764918 -1.0825204 -0.8323219 0.46130547 -0.9943725 -0.29855528 -0.16701838
D00336 -0.46553484 0.5859963 0.5030325 -0.2562886 0.27790096 0.07597806 -0.63853484 -0.06648785 -1.1863234 -0.18983601 -0.8530579 -1.1206547 -0.1825369 0.7515685 -0.5688133 0.114305176
D00503 -0.9004717 -0.6954572 0.41533014 -0.0050636367 -0.3211918 -4.66021e-05 -0.66548395 0.63211983 -0.8474214 0.54030734 0.125848 -0.99276465 0.21313554 0.042745423 0.19401447 -0.46594286
D00480 -0.06965532 -0.8737157 0.017354855 0.11761578 0.77408725 -1.0111834 -0.5041365 0.43633324 -0.653993 -0.36216563 -0.8753356 -0.8464053 0.5349102 -0.65563685 0.91251487 -0.36871776
D01024 0.03810963 -0.15493652 -0.26097503 0.45702377 0.29437312 -0.8108733 -0.3793549 -0.329079 -1.1495454 -0.13543338 -0.38249713 -1.39259 0.0038835222 -0.8172452 0.38169482 -0.6150428
D04034 -0.468559 0.3646544 0.14477313 0.68051755 0.4978221 -0.14663309 -0.7482431 0.54633415 -0.93311954 -0.657047 -0.4608424 -0.021121409 0.21817465 -0.8408968 0.5135109 -1.2194096
hsa3362 -0.35012624 -0.16039337 -0.24967887 0.8461186 -0.34037617 0.33680472 -0.598213 0.46860504 -0.23717102 0.6826466 -0.5835883 -1.0888911 -0.05861152 -0.32199794 -0.15312007 -0.4291668
hsa2916 1.184951 -0.07863001 -0.24260816 -0.9022661 0.11041717 1.5590787 -1.9271691 -0.11331031 -0.957148 1.7051992 -1.1361713 -0.1469518 0.53318906 -0.06300587 1.1817198 -0.41138595
D01352 0.5915841 -0.4462047 1.1430352 0.35271895 -0.085074395 1.3694047 -0.38983056 -0.5397363 -2.503704 0.9938068 -1.2676367 0.5648313 1.4991308 0.691703 -0.17314813 -0.0053084884
hsa5733 0.26644608 0.41392332 1.3703773 0.08285366 -0.00030369614 1.0648972 -1.3448353 -0.43480533 -2.5400543 0.38831827 -1.5580534 0.49054012 1.3110383 0.0025099781 -0.7896458 0.3642119
hsa4985 0.6275616 -0.21640366 1.2286196 0.80743235 -0.6044263 0.3052545 -0.6029817 0.94674784 -0.8810115 -0.3667476 -0.7445329 -0.54671854 -0.32195702 0.4427341 0.7921833 0.23344551
D00397 0.49427462 -0.9854408 0.25827223 0.28540885 0.6103474 -0.010164891 -0.57366526 -0.37430948 -0.09421243 0.2491874 -0.7074341 -1.041798 0.39100334 -0.49998692 0.37901336 -0.24185948
D00521 0.654449 -0.15339093 1.6005068 0.28575116 -0.6278997 -0.21268818 0.07105139 0.76112056 -0.18068737 -0.14717941 -1.0505687 -0.8447507 0.06045902 -0.33994368 0.46045658 -0.6063126
D00432 0.74090534 0.6207498 -0.6050211 1.2224467 -0.08473429 -0.15180483 -0.58231133 0.6893917 -0.80680174 0.40458715 -0.45868212 -0.86922735 0.3603854 -0.32259223 -0.09607764 0.40534416
D00426 -0.36687964 0.055491317 0.14593339 0.14180554 -0.43814942 -0.3444897 -0.4812677 0.39544064 -0.75636494 0.24936958 0.23133327 -1.4739227 0.18823604 -0.31590772 0.396482 -0.46713787
D02359 0.97358394 -0.024315702 -0.25082454 0.45781773 1.0516906 0.042978358 -0.76744914 -0.24846248 0.062558345 0.26025712 -1.4565465 -0.5410273 0.7453941 -0.016342696 0.2748465 -0.5529243
D00059 0.3682352 0.11733485 0.061861545 -0.45160496 0.699142 0.30352765 0.48604003 0.6610615 -0.86198074 1.0537857 -0.53656185 -0.29104015 0.08922345 -0.59588575 0.07918178 -0.867845
D01964 0.7459378 0.3182476 1.0008168 0.49945343 0.37534127 1.4178339 -1.3308284 -0.38479868 -2.2921338 0.87263113 -1.6956301 0.6180292 1.1429574 -0.1254131 -1.2087944 -0.10359468
D01020 0.20551246 0.4752781 -0.20353127 0.3889744 0.1452148 -0.33155522 0.003445515 0.27362493 -1.2010006 0.7738066 0.03822434 -1.4000434 0.37328276 -1.0836498 -0.26878232 -0.4081432
hsa222545 1.275903 0.31387925 0.24185999 -0.7918064 0.3080971 1.0432509 0.05196359 -0.24755126 -1.4206204 1.4218806 -1.1895474 0.55083275 0.81182563 -0.31411242 1.055219 -1.2173826
D01236 -0.26483983 0.4284418 1.1549444 1.3400174 0.101177715 0.15410502 -1.0508343 1.0713121 -0.69040364 -0.50874907 -0.20211485 -0.20684332 0.094256006 -0.58101624 0.6146569 -1.2232865
D00371 -0.74930495 -0.9938588 -0.64749503 0.23802574 -0.04004818 0.35786372 -0.024320247 0.2151252 -0.96192837 0.3263547 -0.7440429 -0.67717355 1.7017035 -0.30218118 1.7904984 0.40562248
D04979 -0.5013739 -0.82668525 0.5527123 -0.2884558 0.34846097 -0.03810233 -0.8784479 0.2219409 -0.74492717 0.43032512 0.1368473 -0.6429939 0.36949828 -0.6405708 -0.14323263 -0.5399902
D05312 0.7391106 0.42204973 1.1317003 0.8745309 -0.6669118 -0.16349891 -0.6518865 0.37920368 -1.0656459 -0.39515707 -0.5394476 -0.47320452 0.11502778 0.033361718 1.3065699 0.6614997
hsa2913 1.0377662 -0.18431763 -0.25025696 -0.97370285 0.00062192813 1.3890733 -1.7950189 -0.21741734 -1.0220869 1.8707443 -1.1105973 0.005996066 0.79125834 -0.36482927 1.1541011 -0.8429554
hsa140 -0.64141256 -0.29310635 -0.7028835 0.27284458 -0.44234174 0.61064494 -0.07099088 0.07108813 -1.191598 0.50908107 -0.44477916 -0.6537546 1.2292559 0.3365384 1.4676582 0.3028908
D00332 -0.14443167 -0.32974398 -0.7250414 -0.07540854 0.14020237 0.43261135 -0.10172079 -0.30459407 -1.6218786 0.6343692 -0.45930803 0.25613233 0.2969864 0.24794692 0.8726326 -0.63401514
D00676 -1.2305424 0.20381312 0.20010462 0.55898345 0.54155236 1.1571352 -0.8953505 -0.09188676 -0.18962446 0.14142182 -1.0002586 -0.9893439 -0.2211969 -0.854264 -0.13878955 -0.32480967
D02066 0.34669802 0.7696392 -0.5052713 1.4549235 0.6365585 0.014031714 -0.74053085 0.8308225 -0.005452011 0.60007435 -1.235981 -0.7824834 0.5271791 -0.6583786 0.35271072 -0.59888065
D02342 0.8123106 0.205276 -0.40589008 0.9250036 0.5606077 0.40431932 -0.7076097 0.46528032 -0.2824221 0.47653264 -0.28173172 -0.7911494 1.4775661 -0.5222859 -0.40728983 -0.30964637
hsa2917 1.0540693 -0.11285993 -0.39775643 -0.957231 0.09158094 1.4830345 -2.1749568 -0.21172446 -0.72012913 2.085345 -1.4492593 -0.6158429 0.76617223 -0.2569959 1.061981 -0.9249701
D00682 0.27431995 -0.48269993 1.2973042 0.022904608 -0.0101275975 1.1592954 -0.4532232 -0.5705947 -2.589758 0.8978417 -1.2648201 0.37503868 1.4250087 0.58882445 -0.30782172 0.017313048
D00442 0.8402874 0.23278132 1.8881508 1.028875 -0.04491942 0.3190487 0.01353774 0.9440479 -0.49060276 -0.42674845 -0.8608576 -0.57568437 0.8229377 0.11338462 0.63996255 -0.16585332
D03879 0.8635783 0.3457762 -0.15436709 1.2365044 1.2074442 -0.12876987 -0.8150733 0.045789663 -0.40090558 0.117915645 -1.2109855 -0.89262444 0.4936345 0.21010016 0.23407814 -0.99618024
D02374 0.20310736 0.60356164 -0.34237674 1.4992456 0.36422887 0.0054155476 -0.55662936 0.68725187 -0.3950137 0.54532623 -0.27788088 -0.93919253 0.8084532 -0.96854085 0.020493787 -0.15475981
D00540 0.2167947 -0.6137395 0.87069243 0.40354905 0.0129587585 -0.84405243 -0.7233819 -0.62810653 -0.48859203 1.1368787 -0.45172077 -0.524586 0.5222689 -0.16068594 0.4501002 0.16462675
D00601 1.1389201 0.34294987 0.112169534 1.212547 0.734057 0.24070756 -1.0147358 0.14334187 -0.105944745 0.3982589 -0.74304694 -0.88171077 1.0754997 -0.5389317 -0.5775936 -0.35161516
hsa64805 -0.28351352 -0.45659497 0.73196495 0.22301568 -0.01225847 0.77010924 0.3399256 -0.20536914 -1.494824 0.1117657 -0.13421644 -0.41491938 1.8860455 0.6946514 0.036048934 -0.24694474
D00483 0.24100585 0.3580305 -0.51728374 1.3974212 0.21486476 0.5232263 -0.02027598 0.57453185 -0.99582887 -0.0042770794 -0.3861519 -1.1517832 0.3077601 -0.44459584 -0.39702976 0.05220124
D00604 -0.22618112 -0.09351399 -0.40344912 0.42258656 0.08166255 0.29778656 -0.31128478 0.2463041 -1.5883296 -0.40837082 -0.21115197 -0.37615606 -0.25590533 -0.9267508 0.14571925 -0.9427292
hsa10800 -0.8682101 0.072824046 0.96990407 -0.6890065 0.698411 0.8732306 0.3100129 0.5593242 -0.7060549 -0.13259964 -0.6340752 -1.1122907 1.1582849 0.3530343 0.8579318 -0.048380822
D00235 0.7167793 0.09772513 -0.40621215 0.8607694 0.12682648 0.21280478 -0.68471193 0.5639121 -0.5267055 0.59638685 0.19858265 -1.0422862 1.3502601 -0.19143441 -0.35174948 -0.08849963
hsa2914 0.9418738 0.02509868 -0.5046991 -0.90122324 0.12190831 1.6504426 -1.968672 -0.22367427 -0.834197 1.9586722 -1.276843 -0.20383254 0.93556595 -0.37142166 1.140626 -0.6906394
hsa1815 -0.37808686 -0.4831095 0.29587066 0.33712715 0.14261256 -0.50076 -0.631658 0.45930782 -0.7236703 0.5458906 -0.52656 -0.68095094 -0.1129809 -0.37997693 -0.053297207 -0.27883485
D02358 0.7069518 0.22087118 -0.66612804 1.3342098 0.59609276 0.52434707 -0.75430095 0.61739373 -0.6737781 0.48857462 -0.059701733 -1.129731 1.2889439 -0.13347846 -0.44026452 -0.35025057
D01745 -0.30646387 -0.24966371 0.5716842 -0.009754438 -0.3155012 -0.1894232 -0.45039868 1.1384327 -0.5916938 0.5185238 -0.30576766 -0.91259617 -0.046975244 0.051476512 0.025075851 -1.0592026
D00232 -0.028995445 -0.7180278 0.8744621 0.6274268 0.24060301 -0.8254783 -0.5398684 -0.27635658 -0.43326518 1.1457822 -0.19588616 -0.7809766 0.46481577 -0.5142509 0.362255 0.07037689
D02614 0.9402864 0.06283634 -0.30522376 1.2811666 0.6586166 0.056459803 -0.43443853 -0.15430154 -0.28320435 -0.08174382 -1.2915671 -0.95304763 0.18023542 -0.10635519 0.20525575 -0.57738495
hsa57105 -0.73366195 -0.05368329 1.4233837 -0.43594345 0.22345768 0.89009154 0.50704867 0.20961738 -0.7594561 0.09671365 -0.5495003 -1.0358579 1.1262258 0.1998299 0.56433123 0.17633516
D02338 0.7910417 0.1996432 -0.38772193 1.2172171 0.5323975 0.124325484 -0.72908294 0.68816835 -0.61856604 0.6245364 -0.0041451873 -0.77699286 1.0705996 -0.41318214 -0.33178306 -0.49134436
D02076 0.37515223 0.60906684 -0.2151011 0.12716214 0.25850365 -0.025197776 -0.892499 0.18989497 -0.8550904 -0.17022802 -0.3793738 -0.4425251 -0.19273627 -0.49203408 0.18696867 -0.62271315
hsa5739 0.24055728 -0.042666417 1.4592499 -0.6369006 -0.14342283 0.89961493 -0.36322403 -0.59979874 -2.4206736 0.42956707 -1.8562821 0.13016139 1.4179326 0.49517226 -0.29838642 -0.2276384
D03442 1.3439274 0.21965516 1.350767 1.0044359 0.6854027 1.0221956 -1.1011957 1.4571606 -0.3725878 -0.18486892 -0.3448575 -0.29684436 0.6574355 -0.5998286 0.34235415 -0.1877088
D05341 1.0042968 0.13613743 1.1436712 -0.17885415 -0.09747551 1.2640922 0.010050462 -0.1149254 -1.5854622 0.646893 -1.2335745 0.67688984 0.9729255 0.5747345 0.9341493 -0.82726675
hsa11255 0.25086096 -1.1107101 0.26976028 0.09980471 -1.0374087 -0.24308085 -0.21844374 0.3065175 -0.19776148 0.27234572 -0.6889876 -1.1753544 0.4511213 -0.586058 0.38692215 -0.6161377
D00838 0.73451865 0.7981934 1.130151 0.63720554 -0.5087055 -0.13323312 -1.0323068 0.26614982 -0.9583786 -0.5473951 -0.6979312 -0.85206383 -0.4608378 0.014391618 1.138548 0.7356869
D00356 0.6468969 0.3751879 1.3861121 0.31700602 0.14757834 1.2586474 -1.2394768 -0.43292692 -2.4746666 0.77554303 -1.5517755 0.7111638 1.2486475 -0.078966476 -1.1894479 -0.1319498
D02279 0.8309961 0.011996552 0.25296888 -0.34444064 0.26244336 0.89281654 0.35709143 -0.41294232 -1.5606041 1.1843405 -0.87914693 0.6728628 0.7916478 -0.08323967 1.05928 -1.0389564
D03187 0.31737557 -0.064862 1.5965879 -0.14576928 -0.32559782 0.30123 -0.848299 -0.6423601 -2.410078 0.4098696 -1.3391008 0.51618284 1.3441678 0.070033364 -0.10212367 0.6511219
D00635 0.90340227 0.38776326 0.2542587 0.90046287 0.64688987 0.34545743 -1.3298323 0.41288894 0.23817515 0.07985155 -0.6495902 -0.7488028 0.7683279 -0.933143 -0.4195752 -0.16461273
D00306 0.031696253 0.45781758 -0.45874697 1.1467276 -0.24338885 -0.06876605 -0.30115774 0.48378026 -1.5387819 0.8837172 -0.5296225 -1.3075017 -0.42422193 0.24567498 0.7113268 1.1891065
D00646 0.053036813 -0.8730594 0.13129273 0.3905904 1.0754086 -0.35426468 -0.8499545 0.0026466493 -0.37807155 0.58509165 -0.6432107 -1.1078702 0.014347801 -0.35240638 0.61023647 -0.38295934
D01227 -0.47931537 0.5324071 0.1890814 -0.11720734 -0.47134942 0.42430207 -1.3570275 0.29953158 -0.09915824 -0.7648332 -1.0552692 -0.5857993 0.051519055 -0.8408794 1.8868041 0.2419659
D00241 0.18493834 -0.098859996 0.18390273 -0.8734734 1.1941752 0.7464459 0.19598046 -0.34455988 -1.129706 0.79387885 -1.3594105 -0.15792023 0.35970327 -0.50511533 0.04939901 -0.40200678
D00673 0.032776695 -0.7610512 -0.4310864 1.128654 -1.7457489 0.9683845 -1.1191946 0.16231216 -0.19655384 0.887091 -0.70897835 -0.7067836 1.0916708 -0.6091679 0.6515643 -0.1294003
D00498 0.6018177 0.5881247 0.32053024 1.0652498 -0.36906806 -0.39489296 -0.35159814 0.85661685 -1.1127516 -0.11657176 -0.69735193 -0.6360448 -0.3670458 -0.21919978 0.8757113 0.67429763
D04006 -0.5555987 -0.6831261 -0.276328 0.6482893 -0.42845368 0.95480984 0.17126006 0.37718812 -1.2820083 0.72948176 -0.8575301 -0.6211261 1.6148419 -0.06681805 1.8474457 1.0952934
hsa887 1.2574666 0.21867931 1.059868 1.49185 0.44725618 1.3023653 -1.0331304 1.7445174 -0.5577113 -0.072544515 -0.15438394 0.0061919675 0.30076966 -0.44876987 0.55578244 0.07975482
D01324 -0.44036156 -0.85515267 0.7137167 -0.5708961 0.013101297 -0.22661366 -1.1018518 -0.108702704 -0.6072047 0.950994 -0.17617127 -0.70763695 0.23065133 -0.5335275 0.03305436 -0.5666316
hsa7201 1.2166561 0.15189405 1.052641 -0.006166309 0.27285513 0.8693612 -1.3249075 1.2757046 -0.85074824 -0.048819736 -0.26194012 -0.3503671 -0.17039749 -0.29994568 0.6967797 0.6948123
D01891 0.44305947 0.36458984 1.3886483 0.25190517 0.02023196 0.91535497 -1.22108 -0.48739114 -2.4439316 0.33851576 -1.552404 0.53328264 1.2028682 0.05181366 -0.881359 0.3415557
D00837 1.0354656 0.71819025 0.3040892 0.11156375 -0.16395883 -0.40052092 -0.85029453 0.44122493 -1.1748505 -0.2662516 -0.34848988 -0.5754921 -0.3233957 -0.19306968 0.9958318 -0.12042496
hsa6751 0.3839306 0.39030087 1.7057341 0.8431411 -0.13897052 0.328513 -0.2540298 0.9402904 -0.53307116 -0.7818296 -0.6104 -0.71689177 0.6431243 0.1420003 0.7346577 -0.055427186
D05938 -0.019535804 0.100865975 1.2241794 0.69393414 -0.64280814 -0.12820409 -0.45569423 -0.60980374 -0.74589545 -0.18815252 -0.23102272 -0.7677286 -0.4554175 -0.76880497 0.79660934 -0.22486813
D01126 0.7503137 0.24646619 0.3972625 -0.7498105 0.6492984 1.0127882 0.21869577 -0.043018453 -1.2915115 1.1567775 -1.1721998 0.2444784 0.48832774 -0.35155597 0.73892266 -1.0967404
hsa3361 -0.8896439 -0.109330475 -0.12236135 1.0347441 0.1643773 0.6289291 -0.6221302 0.2133894 -0.23259015 0.6235495 -1.1419849 -0.9125845 -0.58495027 -0.47025204 0.14124623 -0.4833132
hsa6755 0.7265811 0.2595172 1.5603298 1.0710528 -0.5500894 0.947676 0.05964125 1.0707315 -0.84718925 -0.8325851 -1.0351293 -0.7612661 0.37579298 0.3269846 0.73305976 -0.6386427
D02234 0.26347643 0.026037704 0.24264248 0.83946544 -0.20017418 -0.33034393 -0.42030865 0.41023773 -0.71292037 -0.17747235 -0.16077738 -1.0051237 -0.33801126 -0.71191925 0.8258062 -1.0620766
hsa5737 0.63213634 0.36256924 1.170241 0.15267293 0.3238374 1.1597694 -1.3181853 -0.422737 -2.2653265 0.71793 -1.7768823 0.29767856 0.9100994 -0.090676695 -1.2620372 -0.13070732
D00410 0.34569657 -1.0796545 0.17094484 0.12439884 0.35426244 0.560366 0.4041731 -0.17173454 -0.389014 -0.33049187 -0.44760036 -1.173797 0.543653 -1.1938779 0.5415353 -0.0034768016
D00606 0.012143837 -0.13943827 -0.4110495 0.79454774 -0.16619958 0.6022177 0.08269867 0.165528 -1.610516 -0.6547899 -0.66177374 -0.5521016 -0.27324688 -0.6001736 0.118341565 -1.2556707
D02910 0.21181321 -0.50232834 -0.34732983 0.47580373 0.84730875 -0.41864434 -0.59173185 0.5372357 -0.49048764 0.06008174 -0.45907176 -1.3551403 0.263889 -0.8330297 0.37730223 -0.3448242
D04716 0.79939246 -0.69392157 0.33915588 0.35958746 -0.10995513 -0.76477104 -0.54863584 0.13160853 -0.8626088 -0.7663137 -1.0533432 -0.7400432 0.14916842 -0.32976782 0.6193932 -0.06482084
D02826 -1.081437 -0.6295847 -0.009687336 0.33871958 0.27461427 0.6896902 -0.9948636 0.0765626 -1.0251238 0.2823413 -0.34979743 -1.0881732 -0.7029465 -0.6102278 -0.015705043 -0.46008638
D01925 0.9205868 -0.2252445 0.6352413 -0.26429215 0.18686356 0.8979052 -0.8499858 1.3090515 -1.2129525 0.39271542 -0.52430326 -0.4971173 -0.6219041 -0.19747594 0.50958925 1.2085412
D00687 0.52753955 0.65418494 0.5221544 1.0677253 0.7476356 0.18210436 -0.21004485 0.8092979 -0.49976328 -0.67554945 -0.7261109 -0.56534374 0.65191096 -0.52793974 0.4372131 -0.7798049
D01242 -0.4439084 -0.8082455 0.14839138 -0.5118039 0.0605159 -1.1661879 -0.73604494 -0.043852925 -0.7755349 -0.31893408 -0.8912108 -0.8267018 0.6864789 -0.6350544 0.59795743 -0.50130737
D04625 0.6170078 0.6576067 -0.6175672 0.96762437 0.104949 0.021637361 -0.38405824 0.57937217 -0.9726554 0.7632932 -0.087633 -0.8667348 0.48828351 -1.203259 -0.117392704 -0.49112982
hsa6915 0.10280187 0.36668116 0.75343716 -0.64567924 0.85747254 0.50939095 -0.6705985 -0.4222263 -1.4328552 -0.0857428 -1.4112197 -0.63294864 0.39372697 0.5392025 -0.99371666 -0.09528425
D05246 -0.71693295 1.0990001 0.845434 -0.44931152 -0.003180833 0.44370028 -0.8413133 0.08642088 -0.1839577 -0.42433032 -0.95877266 -0.3154328 1.0848515 -1.319449 1.004309 -0.2875833
D01965 0.23256755 -0.07876699 0.046908636 0.75496316 0.2114633 -0.66829807 -0.6097675 -0.13894174 -0.6386741 0.095952325 0.005733913 -1.5532143 0.066885695 -0.558323 0.6370559 -0.42388672
D01692 -0.050675213 0.15048252 0.11711616 0.65011907 0.08275525 0.049307138 -0.89519054 0.088724956 -1.1925712 0.6245895 0.00782205 -1.5791466 -0.97728044 -0.040568803 0.46162087 0.118556865
D00627 -0.833903 1.069804 0.35825375 0.15320931 0.2574472 0.03595943 -0.7219015 0.75194645 -0.40988904 -0.73794717 -0.6756393 -0.55859333 1.1303986 -1.2982755 1.0357044 -0.7085371
D03642 0.6005004 -0.16379957 -0.067509584 -0.6230292 1.0009542 0.38337117 -0.54890925 -0.4003494 -0.8695517 -0.2285491 -1.5001459 -0.59612465 0.59824705 -0.093224585 -0.96819216 -0.17707756
D02357 -0.8242102 0.007551843 0.11801261 0.22576572 -0.15779229 -0.37781432 -0.39525273 0.7516133 -1.2274405 1.0996338 -0.8666233 -1.1362469 -0.73403376 -0.5243604 0.21667737 0.57409966
D03490 0.83768153 0.104418114 -0.5280966 0.9645433 0.6194707 0.3283515 -1.0694622 0.77171105 -0.30970585 0.3474586 -0.2556384 -0.9767707 1.249362 -0.29801393 -0.36892375 -0.48986822
D00318 0.16323932 -1.0677044 -0.60552096 0.84877324 -1.4064716 0.103820205 -0.56274706 0.5695598 -0.1808363 0.5430152 -0.6522493 -0.98426306 0.96198654 -0.52029943 0.6335783 -0.5323162
hsa6753 0.7773117 0.37839338 2.013819 0.9826037 -0.10172479 0.67878836 -0.19647309 0.96267176 -0.6982302 -0.4506407 -0.79576737 -0.704037 0.5282728 0.40848005 0.5159206 -0.3828361
D00520 -0.78986424 -1.1267288 0.35371214 -0.46225804 -0.08173963 -0.37983742 -0.50246924 0.022830104 -0.4656879 -0.3553624 -0.9405405 -0.3484065 0.84085375 -0.23344268 1.1607531 -0.31148607
D05740 -0.76385033 0.4428871 -0.4437757 0.58231926 -0.020401713 1.0497386 -1.215876 0.63755167 0.12372629 -0.083998196 -1.1585782 -1.1202551 -0.23852268 -0.719833 0.93896 -0.19939163
D00524 -0.16888675 -0.65611154 0.65317035 0.548276 0.6829111 -0.016895698 0.070761584 -0.58249235 -0.3513453 1.2361284 -0.33089507 -1.3414898 0.4972177 -0.5502535 0.3315048 0.40593272
hsa3363 -1.1576619 0.33808306 0.07514937 0.8885329 0.20394944 0.1888004 -0.51955634 0.064435735 -0.6676821 0.19993041 -0.5985963 -1.3632822 -0.27568573 -0.7880786 -0.14932902 -0.74418455
D06396 0.38356367 0.42693436 0.72121346 0.279964 -0.017110154 0.6738856 -1.0579178 -0.028173072 -0.9813831 0.08597927 -0.37631807 -1.280264 -0.95497197 0.44588596 0.05869775 0.6137247
hsa5028 -0.5947948 -0.19070575 0.8066516 -0.10870503 0.1699829 1.0215119 0.6496407 -0.06027209 -0.65750647 0.4823725 -0.416465 -1.1062877 1.6430545 -0.12284171 1.0326698 0.41160113
D00965 0.24680325 0.51881325 -0.3225361 0.2752665 -0.16159648 -0.32949817 0.23110808 0.24352042 -1.5330845 0.30046865 -0.13834311 -1.0804598 0.39982605 -1.6198217 0.536154 0.32160652
D01717 0.36486113 0.07106407 0.96587324 -1.3454934 -0.25334093 -0.16427915 -1.057977 0.17532912 -0.64103526 0.23368472 -0.36837825 -1.0295815 -0.11607589 -0.82055527 0.13063878 -0.17905404
D01269 -0.047239333 -0.5081771 0.7747508 -0.79598975 -0.076145746 0.0026693863 -1.2432139 -0.5453704 -0.41167307 1.1843497 -0.5694823 -0.50372165 -0.4104535 -0.7390945 0.6494371 -0.37825027
hsa10161 -0.93473107 0.2643698 0.5772016 -0.14203931 -0.08742146 0.83527106 -0.09514193 0.199766 -0.9458262 -0.13226773 -0.034439582 -0.82727313 1.7041872 0.11054389 0.72064805 0.39415756
D00715 0.1839274 -0.32903156 0.9022893 0.6573403 -0.05362756 -0.85193163 -0.74613404 -0.5670331 -0.33943737 1.4462901 -0.26889464 -0.78869975 0.4069039 -0.46107903 0.5487733 0.2108213
D00394 -0.27756006 -0.7723672 -0.32588252 0.18098053 0.34557125 -0.8421741 -0.22906886 0.39721754 -0.67390805 -0.27929482 -0.8178682 -0.8893478 0.9538561 -0.94108295 0.52350557 0.29889056
D03415 0.13451964 0.75147533 -0.13055985 0.9821415 0.33865103 -0.14788018 -0.7029503 0.68377775 -0.23519878 -0.19668446 -0.566952 -0.4062297 1.1251538 -0.8704186 0.29664323 -0.6587766
D00769 0.016554149 -0.6277984 0.6304233 0.43214235 0.31506824 0.07457953 0.00021296274 -0.6328574 -1.4633622 -0.10473338 -0.1910875 -0.28630736 1.8693353 0.454582 -0.1856766 -0.4091236
D00422 0.057386108 -0.86375076 -0.38368723 1.0520762 -1.6638061 0.72402805 -1.0491513 0.36858127 -0.094836965 1.0093049 -1.037274 -0.61534065 0.99530256 -0.41131014 0.7609715 0.015583515
D02588 1.0247754 -0.33069488 0.74534774 0.09432274 0.23463957 0.9285675 -1.5364115 1.1553411 -1.1995279 0.082210414 0.002321578 -0.46655938 -0.69161284 -0.2232314 0.5657311 0.7002249
D00598 0.9907465 0.22152758 -0.66922987 0.96827245 0.30054343 0.21196342 -0.82116616 0.62119347 -0.5648122 0.5889683 -0.26001972 -0.9947429 1.1460367 -0.55404407 -0.45354274 -0.35705402
D01782 0.104172416 -0.6568709 0.7815238 -0.15359794 0.0324009 -0.27101174 -0.9627175 0.17026962 -0.45983124 0.10085734 -0.24286573 -1.0363858 0.45655105 -0.9617522 -0.84761924 -0.2337709
D01103 0.22960545 -0.31497777 0.96020305 0.2306831 -0.17677036 -0.6027652 -0.8544303 -0.43032855 -0.17489219 1.0785671 -0.6042304 -0.3813581 -0.0357768 -0.70391583 0.8250343 -0.060849898
D01441 -0.53337264 0.53796077 0.7272884 -0.0929102 -0.06987388 0.23599926 -0.013645778 1.2606931 -0.5143493 -0.098011896 -0.80655193 -1.4365038 0.12851727 0.24594931 0.61433977 -1.0771545
D03654 0.15099502 -0.4765745 2.0244944 0.3319006 -0.066555165 -0.8289227 -0.09273526 0.25162518 -0.6274041 0.51244354 -0.7904965 -0.5367497 0.15629399 -1.0331463 0.48149937 -0.7023908
D02278 1.11381 0.18000259 0.30988458 -0.6171435 0.20161144 1.1220953 -0.089295834 -0.3466395 -1.8013368 1.3122029 -1.0671471 0.54930776 0.8567234 -0.18477203 0.9138658 -0.97531044
D03210 -0.78654987 0.62829614 0.52217793 0.023330359 -0.21892972 -0.03986012 -0.9641767 -0.13768472 -0.75467217 0.04956972 0.5439746 -1.747695 1.0072036 0.07326154 0.30525106 0.45576537
D00675 -1.2279663 0.06917642 -0.12567376 0.0464371 0.9727125 0.9421932 -0.54394764 0.44624537 -0.14912233 0.043119714 -1.1844194 -1.1731417 -0.07524158 -0.49828646 0.6472706 -0.45612195
D00225 -0.6880315 -0.74145824 0.29303488 0.035735708 -0.07347724 -0.1086717 -0.44903475 0.8597815 -0.9765501 -0.15457633 0.23067217 -1.2177751 0.54300684 -0.7785253 -0.0675543 -0.11574058
D00415 -0.6126059 -0.42525297 0.23134103 0.6074925 0.25851253 1.2359761 -0.45955828 -0.07625261 -0.21904306 0.24733302 -0.8392475 -1.0143526 -0.7538419 -0.57308996 0.53278303 -0.23556885
D00666 -0.058472987 0.102896295 0.48363075 -0.8871887 -0.11750716 -0.16569857 -0.6078216 -0.56258535 -0.1974971 0.1941383 -1.433863 -1.0133796 -0.1500679 -1.0250254 0.080688894 -0.39397702
D02082 -1.0483572 0.56024003 0.852404 -0.71367157 0.16466142 0.5569048 -0.89085495 -0.34538606 -0.12490434 -0.1936989 -1.125635 -0.57679796 0.8722686 -0.91284424 0.4718209 -0.37214422
D01462 -0.8695116 0.14576338 0.5071614 -0.48841655 -0.3288225 -0.44373336 -0.3708963 0.5824113 -1.1753068 0.7279425 -1.3927515 -0.82370234 -0.9123183 -0.69807374 0.22571257 0.24937294
D00049 0.14803168 -0.40922755 0.18775521 -0.23873933 1.0967501 1.1919762 1.057818 -0.21393673 -0.8448669 0.7374347 -0.4140611 -0.99282247 0.46552604 -1.192004 0.7994663 -0.09794379
D00465 -0.04511087 -0.51907706 0.756658 0.58079857 0.3515113 -0.52626824 -0.6341012 -0.74468255 -0.4468546 1.1401212 -0.47119433 -0.8020382 0.24014086 -0.72443 0.5482001 0.002587813
hsa5029 -0.32847834 -0.23061642 0.02890414 -0.075821325 -0.40016523 1.0145055 0.56974894 0.18695831 -1.3765737 0.29001805 -0.6885092 -0.8933603 2.151048 -0.09816035 1.7315422 0.7588152
D01652 -0.75004005 -0.6660296 0.5863141 -0.35993135 -0.083348125 0.6839961 0.027272861 1.0535599 -1.0625302 0.13796803 0.44718722 -1.2941493 0.86977744 -0.08483957 -0.14621486 -0.40886348
D05113 0.84427017 0.3934976 0.6570969 0.92074347 -0.5627132 -0.48286214 -0.6514195 0.17057894 -1.5995907 -0.4970659 -0.6669782 -0.62696886 -0.37067434 0.019045733 0.78294444 0.42634684
hsa2915 1.321487 -0.18275811 -0.43952012 -0.7639402 0.12904249 1.7804887 -1.7647005 -0.37085992 -0.9267762 1.6669753 -1.4553031 0.06698398 1.1251647 -0.5020973 1.3728238 -0.86785954
D00523 -1.2080542 0.7288992 0.87405056 0.17156129 -0.4573223 -0.05319728 -0.5623094 -0.018995577 -0.1787409 -0.06738017 -0.66374415 -0.7293156 1.0103289 -1.644438 0.92920667 0.29019937
D01346 0.8609935 -0.6856094 -0.009941116 -0.6801408 0.45833677 0.4669245 -1.0213794 -0.25227937 -0.17642105 1.048593 -1.2796255 -0.6118626 0.38948974 -0.1129366 -0.10488342 -0.82589334
D00779 0.097649835 -0.49557212 1.1803902 0.49959773 -0.06645693 -0.8044243 -0.76888126 -0.5493563 -0.42224193 0.6756301 -0.4349667 -0.71579206 -0.096721515 -0.5573987 0.8456652 0.30079037
D00301 1.041468 0.27920526 0.97389346 0.8407144 -0.48972434 -0.8935145 -0.58608544 0.26156926 -0.39074785 0.12631005 -0.8184417 -0.80343795 -0.3179642 -0.5876785 1.0797079 -0.26609755
hsa6010 0.9319293 0.24160497 1.4815415 0.48767248 -0.4542141 1.2579951 0.033275727 0.03830813 -1.4487511 0.29696766 -1.4308684 0.2998463 0.6132758 0.7634939 1.3682389 -0.8567102
D01332 -0.5332811 -0.28640702 0.7380291 -1.0570421 -0.10681312 -0.2908099 -0.7279904 0.15490073 -0.79509383 0.4924983 -1.0028173 -0.7366302 -0.23682912 -0.84311223 0.1480318 -0.33180442
hsa5724 -1.0137405 -0.10366469 0.65246356 -0.84272546 -0.45078 1.1164678 0.0039938376 0.91771525 -1.1616151 0.04920862 0.25476247 -0.958246 1.4371508 -0.13575274 0.0996362 -0.22452113
hsa2911 1.1279937 -0.17303753 -0.5432348 -0.66204476 0.009609054 1.7090758 -1.8332374 -0.32239425 -1.1096636 1.661783 -1.4342546 0.0029111519 1.2194206 -0.33628565 1.3579619 -0.73349035
D01297 -0.34237543 -0.80558825 0.42118695 0.41536677 0.34454295 0.20965579 -1.1352756 0.54092544 -0.87093604 0.25166687 0.30081585 -0.7233296 -0.56830794 -0.46680337 0.27628028 -0.0009209616
D00380 -0.021970587 -0.32195258 -0.46412757 -0.05219625 0.23819533 0.25177342 -0.13867623 0.36865452 -1.0066507 -0.95470905 -0.894427 -1.3670219 0.72476876 -0.40205157 -0.53580624 0.7072188
D02349 0.544665 0.42750084 -0.5108195 1.3282629 -0.04022773 -0.61972797 -0.25050575 0.80823416 -1.0943669 0.64472824 -0.25980562 -0.3143098 0.7291642 -0.42565027 0.052196056 -0.76025915
D00542 -0.20091951 0.022921234 -0.16767569 -0.02146062 0.016371708 0.03323049 0.305227 0.46841803 -1.6162215 -0.6355657 -0.54050815 -0.86685264 0.64363956 -1.2369075 0.12032476 0.5261907
hsa5031 -0.46721584 -0.07561211 0.2391743 0.031733107 -0.120577864 1.065617 0.56178844 0.05317973 -1.1562265 0.44727397 -0.4971968 -1.0519127 2.0882313 0.08899343 1.8147291 0.5603135
D00400 -0.9125169 0.7505623 0.91154945 -0.2506599 -0.13599074 0.2685167 -1.1262639 -0.28054693 0.17868023 -0.40487164 -1.0190114 -0.6896281 1.3195038 -1.582891 0.68181115 -0.080120794
hsa338442 -0.24707137 -0.25188416 0.7453971 -0.20655525 0.73591757 1.3711498 0.9522711 -0.15501079 -0.7466086 0.9578126 -0.59655684 -1.1601056 0.81895304 -0.6507065 0.92097956 0.6283908
D00987 -0.7042948 0.28376606 0.59453005 -0.21285269 -0.15210797 -0.36613587 -0.21244442 0.97850674 -1.3942832 0.48402497 -1.2434838 -1.0457714 -0.8177475 0.0126530705 -0.13488077 0.4045813
D00440 0.064112514 -0.589512 -0.59869653 1.0003508 -1.8118668 0.7665177 -0.96238726 0.14105874 -0.2277431 0.7301501 -0.75237685 -0.6193287 1.2903849 -0.7186369 0.72444254 -0.12203387
D00780 -0.4864106 -0.12617187 0.4298433 -0.26292583 -0.112988725 -0.5263467 -0.056470748 1.1335546 -1.61675 0.818887 -0.88726133 -0.6272374 -0.81802624 -0.6207953 0.2185876 0.11668042
D03365 -0.3961458 -0.80744016 0.9224034 0.32728982 0.614494 0.5331909 0.34270617 -0.34262297 -0.7114513 0.9085862 -0.21423693 -1.1808116 -0.15064147 -0.71275276 0.7036081 0.5756109
D02007 1.3836623 0.12086726 -0.21257564 -0.46413514 0.13911647 0.6507111 -1.4822183 0.6813216 -1.4831017 0.17671593 -0.34537166 -0.2952647 -0.81183565 -0.042930905 0.9889278 -0.03313002
D00139 -0.86043054 -0.8694673 0.111404635 0.2710912 0.5993591 -0.13966568 0.05348721 1.1849625 -0.6851429 -0.61508554 -0.2600759 -1.0684663 0.8627539 -0.9254141 0.9552401 0.10891104
D03165 -0.44854 -0.06084316 0.6994778 -0.087572716 -0.12752637 -0.10063902 -0.5350844 1.1593239 -1.3144658 0.8082721 -1.0656261 -0.7670299 -1.0091962 -0.41792485 0.13633834 0.56635773
D00514 -0.14828789 -1.2450093 -0.4089191 0.3741542 0.30292436 0.08385977 0.26519635 0.1142285 -0.55636907 -0.091868706 -0.57557935 -0.88632464 0.538514 -0.6402036 1.1007371 -0.55869836
D01828 -0.44841674 0.08074213 0.28407887 -0.89072555 1.3283503 0.73743474 0.10427865 0.5046725 -0.5347487 0.13147092 -0.94264114 -0.95970714 0.18968034 0.031964812 0.5473702 -0.5958617
D00688 0.96731246 0.86925054 -0.64022243 1.0140957 0.3203757 -0.0026725754 -0.7236649 0.83380866 -0.32986632 0.8315637 -1.3126026 -0.4966228 0.36951333 -0.8561892 0.18544656 -0.36477873
D01994 -0.011708602 0.62470967 0.39207402 0.30539754 -0.22730052 -0.027735043 -0.8482089 -1.1314324 -0.08836352 0.49364907 -1.5536839 -1.4793077 -0.32490286 -0.38595527 -0.028420238 -0.07923977
D00574 -0.6487274 0.13189417 0.33788082 0.39331302 -0.19408795 -0.072844565 0.39334735 0.1112215 -0.88549644 -0.053127192 -0.31451234 -1.0660594 1.0081831 -1.6716243 0.8757372 1.1127979
D04040 -1.0354778 0.8877156 0.72024447 -0.5538434 -0.050291408 0.69338524 -0.94014955 -0.16173133 -0.11550932 -0.36647347 -1.0597962 -0.63856685 1.1657487 -1.1088557 0.7347798 -0.16421992
D00684 0.9179266 0.40912232 -0.21054222 1.3174919 0.32356253 -0.7570546 -0.46268472 0.94470465 -0.31828925 0.7045438 -1.1845003 -0.62794626 0.46174794 -0.6004075 0.44726166 -0.6981864
hsa9934 -0.7116418 -0.59695107 0.6130769 -0.1401071 -0.2999736 1.2947125 0.342134 0.1738275 -1.5902313 0.35860226 -0.35217416 -0.543982 2.010428 0.6135219 0.7578395 0.329965
hsa1268 -0.47300762 0.32467207 -0.60288584 1.2056254 -0.40260634 0.2532567 -0.051351275 0.35202706 -1.719385 0.8912634 -0.4602174 -1.3983899 -0.16396669 0.3573147 1.4475443 0.9406298
D01071 0.3076088 -0.61775553 0.3598371 0.13106528 -0.22724393 0.38831994 -0.22400387 0.6656864 -1.1841857 -0.40383038 -0.2561292 -0.868548 0.3033597 -0.90845966 0.61159295 1.8074226
hsa554 0.18078265 0.4871533 1.2297899 1.2251507 0.05163757 0.55664986 -1.0950768 1.3047065 -0.7937331 -0.43665072 -0.41660106 0.37844965 0.15080105 -0.67576337 0.9105639 -0.963516
hsa1234 -0.56271195 0.74681616 0.6501215 -0.2534333 -0.14550003 0.047653325 -0.62725943 0.05186271 -0.9130679 -0.4274209 0.087721 -1.6713716 1.4292393 0.15242462 0.83825725 0.88390553
hsa5030 -0.6772571 -0.30735213 -0.017907213 -0.34246618 -0.19337502 1.0028157 0.4287577 0.261947 -1.2758728 0.31630817 -0.55553293 -1.0566792 2.223042 -0.22342958 1.7395922 0.58910054
D00559 -0.37346032 -0.14404584 0.5315511 -0.2811786 -0.02718931 0.2230674 -0.62380517 0.7004481 -1.201249 0.5598814 0.05379046 -1.1688523 -0.13843146 -1.0128214 -0.56440413 0.22703452
hsa2846 -0.7847415 -0.27298868 0.87000525 -0.31897187 0.14659384 0.9585613 0.59167045 0.18954602 -1.0525749 0.41957915 -0.31400785 -1.0007175 1.412498 -0.19376822 0.96548104 0.6828068
D00499 -0.38235608 -0.30245474 0.17249334 0.20997383 0.056489997 0.54800093 0.43033803 0.057673067 -1.1940342 0.51894015 -0.54914755 -1.3626083 0.7116944 -1.2521384 0.6081282 1.452373
D00295 0.31916532 -0.7673754 -0.7095782 1.1958318 -1.6388583 0.43983066 -0.6774939 0.4617539 -0.29659566 0.62625796 -0.8073111 -0.56583095 1.1090628 -0.4299921 0.71374166 -0.36423647
hsa1910 -0.039854273 0.3993245 0.3635712 -0.2486959 -0.8514358 0.26520488 -1.2327908 0.42638913 -0.6105577 -0.906602 -1.0730445 -0.7162003 0.13816306 -0.75833184 1.6897826 0.20554124
D03503 0.276285 -0.80758494 -0.63494486 1.3668227 -1.7217984 0.8670747 -0.72646284 0.2638255 -0.33945063 0.80681306 -0.8068956 -0.56048816 1.182486 -0.59112006 0.96742725 -0.3003247
hsa886 1.5236573 0.37501854 1.4957284 0.91105205 0.47708172 1.2353103 -1.2399567 1.6017311 -0.57296425 -0.19300772 -0.548527 -0.22202684 0.68403345 -0.30788276 0.6805888 -0.11763094
D00683 0.8159024 1.0578805 -0.4512701 1.1997718 0.3659328 -0.13767713 -0.66510195 1.0444703 -0.2045663 0.657902 -1.3826792 -0.5215499 0.45177862 -0.82300293 0.23505868 -0.46997964
D06056 -0.18628 -0.43261853 -0.5749786 1.0488508 -0.28476703 1.2652346 -0.29918268 0.18519044 -0.96730834 -0.13199902 -1.0158458 -0.9959361 -0.52171075 -0.4776873 -0.5305182 -0.313235
D00674 -1.0050939 0.21729419 0.30888402 0.7804931 0.07502104 0.86030746 -0.81415766 -0.26543525 -0.8502252 0.23931107 -0.83111686 -1.1190349 -0.51805365 0.26614136 -0.53782654 -0.27362663
D00094 0.35742393 -0.23280726 0.4354075 -0.31803074 -0.22177145 0.7069447 -0.2575231 -0.28647274 -2.4898856 0.91920596 -1.0221107 0.39866054 1.1679082 1.2996867 0.42090738 -0.45250335
D00364 -0.93638045 0.06722012 0.584741 0.072775625 -0.23729637 -0.05413922 -1.1742274 0.43429422 -1.0163273 0.4315554 0.58153605 -1.396418 0.28004035 -0.16011141 0.020615943 -0.14542954
hsa1241 -0.12637128 0.40937588 1.7029157 0.24073541 0.29910848 0.8992337 0.32586032 1.160222 -0.8063512 -0.52581304 -0.49854633 -1.1583645 0.31452048 0.7941008 0.83262616 -0.053557105
D00281 -0.6809384 0.08635796 -0.5690774 0.32875666 -0.20273402 0.8602515 -0.8354021 0.33851576 -1.715055 -0.28770775 -0.26116854 -0.43648466 -0.20881337 -0.57586974 0.12607826 -1.6745048
hsa9283 -0.24241975 0.89949226 1.0052534 -0.2503215 -0.57404727 0.38822594 -0.2676645 1.4278817 -0.51968795 -0.8242557 -0.9507476 -1.0149567 -0.0013866089 0.063621655 1.0711683 -0.9413847
D01699 0.14803866 -0.5768369 2.2164025 0.18204212 -0.00970396 -0.6977494 -0.17784373 0.7278609 -0.57257205 0.5812748 -0.90461314 -0.42185888 0.45464426 -0.74885577 0.4119418 -0.5559369
hsa56413 -0.13486373 0.4404534 1.7994277 0.34734195 0.33376104 0.9136539 0.14660993 1.1571738 -0.9138014 -0.3578625 -0.40162566 -1.2837417 0.47803903 0.85849494 0.6317553 0.08809614
D00522 -0.9404451 0.9812539 0.7679206 -0.29608917 -0.13509236 0.5941626 -0.81013113 0.118535765 -0.2852448 -0.5866858 -0.84603906 -0.5990808 1.5402398 -1.2741568 0.828975 -0.6076642
D01386 0.86125445 0.38845012 -0.40217713 1.0379337 0.051347155 -0.5165861 -0.46832722 0.1293151 -0.7095394 1.202389 -0.29760686 -0.6376212 0.75270027 -1.0822659 -0.21104836 -0.29039052
D00775 -0.23221907 0.590809 -0.21330483 -0.42188302 0.4216644 -0.031848222 0.2624527 0.7787029 -1.7066456 0.66059726 -0.2611034 -1.1338866 0.26017937 -1.4088371 -0.15885167 0.3056714
D04375 -0.24504125 -0.05599287 -0.670988 0.76469094 -0.11191201 0.5336081 -0.10406426 0.1336303 -1.699859 -0.3760117 -0.5092359 -0.6159382 -0.33501083 -0.5578998 0.09623578 -1.1239933
hsa4543 0.5192085 -0.08120519 0.8095099 1.4138869 -0.57774097 1.1903589 0.046859127 0.37163344 -0.83077997 -0.9383096 -1.4670006 -0.6704559 -0.558315 0.6472451 0.42288664 -0.13752188
D00443 0.81902295 0.06577023 1.1317393 0.7352941 -0.83153385 -0.7252083 -0.3841971 0.12291823 -1.8912517 -0.28476626 -0.42317477 -0.3977631 0.21141008 -0.07691929 0.6624166 1.3025415
D02566 -0.8471003 -0.75327027 0.43323702 -0.2846797 0.65991443 0.205385 -1.3442221 0.17386651 -0.95411533 0.05528031 0.07516242 -0.45046008 0.14517456 -0.81619877 -0.009902025 -0.8613168
hsa23620 0.7328864 0.18304639 1.4117848 -1.2866185 -0.5577179 -0.36968926 -1.5108163 0.3596641 -0.3958659 -0.10682345 -0.34950927 -0.92865956 0.0462919 -0.9752594 0.6010751 -0.06534782
D05792 1.0220889 0.5417268 0.22144602 1.5062933 1.1869729 0.25941873 -0.41744778 -0.032060657 -0.5339356 -0.3735148 -1.5093687 -0.6799936 0.761972 -0.052319713 0.5824025 -1.0365897
D00954 0.5552243 -0.10225756 0.51752657 0.8509433 -0.4567386 -0.6296127 -0.40652514 -0.409398 -1.5625962 0.07079184 -0.15665 -0.41641045 0.012584481 -0.3822132 0.2951898 0.6098147
D00525 -0.08666889 -0.56080854 0.47810563 0.6970559 0.39111358 0.3347045 -0.44483823 -0.0047631008 -0.51856166 0.67987525 -0.59215724 -0.61831075 -1.0646517 -0.38781855 1.0062274 0.51060355
hsa5032 -0.60438377 -0.3190189 0.16895862 0.17703424 -0.33340478 0.65215254 0.40046668 0.18095195 -1.2058562 0.12771656 -0.632996 -0.81998676 1.7884922 0.16456388 1.5137695 0.7329675
hsa1909 -0.02993681 0.4940665 0.6220812 -0.5261276 -0.7487513 0.014613764 -1.1360214 0.54245996 -0.79489994 -1.168007 -1.3064663 -0.69429284 -0.03859022 -0.8805268 2.0265067 0.08948474
hsa9052 0.047523707 -0.17298017 1.1145375 0.8373777 0.16666426 0.9026809 -1.4166069 0.636001 -2.6731668 0.8635439 -1.9592452 -2.088413 1.4251527 -0.96297354 1.3865302 -0.40398222
hsa552 -0.12488213 0.24771899 1.5549743 1.2868642 -0.0545785 0.3530639 -0.9112724 1.2557466 -0.88245267 -0.5939485 -0.30654487 -0.08113281 0.05448286 -0.48300135 0.6968792 -0.8853557
D03880 1.2148844 0.46915764 -0.22300608 1.3692651 1.1351851 -0.09434513 -0.852746 -0.2944356 -0.28313145 0.6808754 -1.3168153 -0.85864764 0.6374093 -0.3164612 0.12267714 -0.84851784
hsa5729 -0.54374343 0.4841725 1.3728535 -1.0859287 0.40161115 0.7639008 -0.4023602 -0.20652835 -1.2645379 -0.39775717 -1.2688272 -0.05839458 1.1629037 -0.31278062 -0.14562035 0.230447
D00765 0.4511897 -0.4079131 1.7059909 0.42853445 -0.56518286 -0.8479771 -0.6963411 -0.6841312 -2.0030556 0.41571927 -0.64480615 0.06794528 0.81022054 0.14175075 0.06061282 0.9219322
D00845 0.029415661 0.3719507 1.290924 0.24270396 -0.26020905 0.00015154091 -0.8495458 -1.3987476 -0.21819815 0.060215183 -1.4707073 -0.9201331 -0.4775574 -0.6887058 0.33669254 -0.079579204
D00760 0.5628739 -0.24279438 0.5945991 0.37617436 0.12652864 -0.5856117 -0.8681515 -0.32715786 -0.16270159 0.03117743 -0.26811323 -1.0299289 0.053923756 -0.73817986 1.2484322 0.08211366
D02356 0.6541623 -0.09845618 0.052658956 0.60773015 0.9468884 -0.6960961 -0.680625 -0.09836856 -0.37349534 -0.16608116 -0.9017822 -1.0265164 0.11393775 -0.66561335 0.67146707 -0.5799577
hsa2550 0.52656996 0.2938628 -0.35720953 -1.4082923 1.3039703 1.5163305 -0.43718874 -0.23630902 -0.90662223 1.0701774 -1.2427615 -0.47224054 0.8163512 -0.34299976 0.758583 -0.34389085
