hsa154 0.66650426 -0.54792124 -0.43420088 0.8341423 -0.3209449 0.18030296 0.5282507 -0.5288757 -0.089200534 -0.23903833 -0.17094858 0.21749431 0.16275074 0.13238136 -0.49830073 -1.2531472
hsa148 0.10147426 -0.45791438 -0.56337696 1.094005 -0.6207315 0.11153259 -0.2959933 -0.8038024 -0.38826486 0.16043213 -0.08537073 -0.19402887 -0.22594626 0.39271787 0.09692116 -0.5000651
D00283 0.1347347 -0.092634745 -0.12245581 1.0849342 -0.2536683 0.39721602 -0.19352832 -0.8331176 -0.3734604 0.48148862 -0.11065118 -0.65535045 0.064610854 -0.16498843 -0.34931427 -0.9979839
hsa153 0.95046014 -0.8164007 -0.46105605 0.91567117 -0.2895844 -0.058762886 0.2672163 -0.48700923 -0.12724958 -0.3406948 -0.03427217 0.13785318 0.32578105 0.074642226 -0.6837533 -0.8630213
hsa3269 0.4994517 -0.14450885 -0.5025195 0.21723838 -0.08822537 0.11571583 -0.73800725 -0.21742505 0.08662009 0.6500758 -0.5063656 -0.56317914 0.7914065 -0.4524684 -0.06597679 -0.6929178
hsa150 0.39909697 -1.1029338 -0.69376993 1.0285196 -0.2558626 0.19093737 -0.21331728 -0.76621044 -0.29082948 0.14811414 0.5098245 -0.16010731 -0.4451847 -0.1784532 0.5063279 -0.7816486
D00454 0.22541554 -0.6321771 0.13540493 1.0800518 -0.11332854 0.005321003 -0.26708004 -0.4825551 -0.047859397 0.5984245 -0.06102653 -0.35802263 0.2925438 -0.2030607 -0.23804182 -0.7082719
hsa1128 0.5125554 -0.6738765 0.027768001 0.67260104 -0.43675423 -0.26852238 -0.60202056 -1.0645535 -0.32824105 0.594671 -0.42899683 -0.6408607 0.20123412 -0.22653209 -0.33586717 -0.08057701
hsa146 0.19643004 -0.5554332 -0.872723 1.0463309 -0.47869068 -0.14977893 -0.2361237 -0.69089484 -0.6206731 0.12787738 0.0656473 -0.26918408 -0.31157774 0.23735292 0.18159768 -0.884684
hsa151 0.34679133 -0.515587 -0.59279466 0.8755196 -0.19174476 0.15874267 -0.3493239 -0.76219904 -0.37263924 -0.13603142 0.40774217 -0.08070322 -0.19025657 -0.1775 0.4683138 -0.8517069
hsa147 0.2852559 -0.5264055 -0.6257141 1.2375307 -0.34496108 -0.20953168 -0.25207442 -0.883027 -0.60971856 0.4953256 0.06428244 -0.24693342 -0.356689 0.29680306 0.24463609 -0.94389236
D00528 0.08277799 -0.5809295 -0.82169473 0.43281 -0.595639 0.9581281 0.5206389 -0.18000768 -0.6668711 0.8546242 0.19848447 -0.13336828 1.9669399 -0.22752532 0.7717984 0.6391632
D00513 0.23115416 -0.5358677 -0.17672293 0.89876854 -0.34238032 0.5049796 0.29946133 -0.6889887 -0.5155632 0.043527547 0.0347948 -0.43263832 0.09522851 0.35569748 -0.6836427 -1.0236318
hsa1813 0.48572862 0.039324682 -0.14393944 1.0742385 -0.06511661 0.31426758 -0.14549443 0.011368928 -0.58285826 0.9482872 -0.45900223 -0.23120686 -0.15546516 -0.81824434 -0.13987459 -0.2671403
hsa1129 0.20418727 -0.23293889 0.14961255 0.8862201 -0.69423693 -0.6217537 -0.49903315 -1.1084074 -0.37672725 0.616692 -0.3565239 -0.20475832 0.52812916 -0.05755579 -0.22052503 -0.10235376
hsa3356 0.01110171 -0.1704334 -0.20993702 1.248773 -0.12687242 0.28905663 -0.15311617 -0.8286 -0.52046794 0.58366454 -0.21187729 -0.32449892 -0.15865958 0.027564531 -0.11793708 -0.73744243
D02361 0.5437855 -0.4121468 -0.16431515 1.103848 -0.2320117 -0.57268727 -0.07883431 -0.67612815 -0.34983742 0.8014892 -0.4161186 -0.85392505 -0.009668991 -0.26831588 0.25260583 -0.52947116
D00493 0.014037164 -0.27710763 -0.08776092 1.0278935 0.119952746 0.3451428 -0.39248115 -0.29514748 -0.26066077 0.99797606 -0.49645665 -0.22048827 0.09798363 -0.3026883 -0.2887249 -0.8513111
D02354 0.2105953 -0.48913443 0.31982225 1.0294815 -0.3616314 0.05171839 -0.21091804 -0.45491588 -0.2193061 1.0271971 -0.36094603 -0.47972298 -0.007456098 -0.4013425 0.06483621 -0.76060903
D00494 0.5106653 -0.66018677 -0.4330295 0.8869454 -0.2897955 -0.20973694 -0.3122359 -0.8181249 0.16517451 0.8524829 -0.39948744 -0.8675399 0.11441977 -0.3610143 -0.05748561 -0.3963706
D00726 0.19032034 -0.30696905 -0.023383008 0.928946 -0.11301405 0.5626786 0.1984434 -0.8617559 -0.7581971 0.04588813 -0.3155381 -0.88733447 0.07367762 -0.271486 -0.592101 -0.47603506
hsa1812 0.22559124 -0.5332996 -0.06193361 0.845996 -0.045461413 0.05341701 -0.062530026 -0.06517434 -0.4250565 0.72834486 -0.30394414 -0.16818999 -0.105470344 -0.8231974 -0.31270757 -0.7006969
D00270 0.3191842 -0.6396969 -0.7245409 0.67770046 0.022669945 0.114957705 -0.23503363 -0.080404684 -0.18401326 0.567288 -0.26611522 -0.8094107 0.215673 -0.5313183 0.421276 -0.5306395
hsa3577 -0.5198372 -1.0745758 -1.2482129 0.7458596 -0.05895718 0.61821073 0.045111943 -0.17622218 -0.3090817 0.058454357 -0.4100595 -0.14325105 0.8855599 0.13379063 0.52656114 0.47698948
hsa155 0.5350361 -0.8152312 -0.34714136 0.8275273 -0.6960597 0.21660805 0.24539116 -0.118892714 -0.31526765 -0.26000518 0.18581428 -0.0784798 0.21274927 0.35256702 -0.42606393 -1.2798375
hsa152 0.3252349 -0.48043546 -0.72668916 1.129698 -0.4370944 0.39007097 -0.13532186 -0.9306037 -0.7462545 -0.2530217 0.27038613 -0.15670794 -0.6017886 -0.19451004 0.73561525 -1.006246
hsa4988 0.7759054 -0.54121697 0.027631707 0.51735264 -1.4037994 0.19127238 -0.77313447 -0.08150177 -0.9699414 -0.36086443 -1.3031242 -0.029115766 -0.12587658 -0.87196153 0.56060874 -0.052273024
hsa1131 0.31986165 -0.43881187 0.15870404 1.1499003 -0.6275506 -0.61148643 -0.2969238 -0.8299233 0.16102253 0.5731083 -0.58013314 -0.2701578 0.49915135 -0.6725533 -0.37398893 -0.47413483
hsa1814 -0.12718904 -0.8637457 0.3205222 0.6846077 0.030974802 0.5801047 -0.21702561 -0.056419715 -0.694579 0.85024756 -0.55546045 -0.35398978 -0.033701543 -0.6184177 -0.38058707 -0.7643477
D02149 0.6723471 -0.7205057 -0.4918851 0.8379007 -0.4399549 -0.28939873 0.19632277 -0.64559615 -0.3685613 -0.082675315 0.22209881 -0.07239294 -0.37648126 -0.50829136 -0.0146472 -0.9384717
hsa3352 -0.15153436 -0.18927833 -0.30480495 0.553056 -0.11713153 0.902026 0.10601354 -1.0444154 -0.7167302 -0.028206239 -0.30562153 -0.7219686 0.049697377 0.029262442 -0.3169161 -1.1817371
D00451 0.4604391 0.06859911 0.1839939 0.8205106 -0.28539282 0.7637199 0.36929488 -0.89138776 -0.7069909 0.10782131 -0.47233707 -0.9499454 0.16625565 0.17552993 -0.6443753 -0.888841
hsa3358 0.27760452 -0.67920107 0.27946022 1.1574767 -0.078358226 0.5904051 0.0154641755 -0.94628686 -0.32925385 0.2655426 -0.33560094 -0.8461234 -0.012049039 0.027533723 -0.026520114 -0.7196157
D00255 0.6042712 -0.82271516 -0.7337517 1.3674641 -0.22650702 -0.28583655 0.2082239 -0.353642 -0.09792066 -0.03359361 -0.18312398 -0.22241077 0.098224536 0.27173033 0.10949892 -0.8291505
D01973 -0.17543465 0.13365623 0.18827978 1.4196883 0.22047539 0.4238221 0.23575598 -1.0145636 -0.7316288 0.21502343 -0.3675478 -0.66198224 0.3729751 0.051970996 0.055262405 -1.0676094
D00775 0.43971086 -1.3841356 -1.1709626 -0.38141015 -0.071475565 0.7452225 0.101498276 -1.3459219 -0.5536225 1.1734711 -0.4129114 1.1038915 -0.5702252 -0.13931496 -0.15582532 -0.63355565
D01713 0.25558367 -0.12299033 -0.6542485 0.65043145 -0.71671027 0.2958764 -0.43068624 -0.6620559 -0.12779012 0.8171269 0.44364902 -0.42206874 -0.10801647 0.005504128 0.08583808 -0.9123826
hsa185 0.06784607 0.25822458 -1.3307555 0.3566754 -0.89895505 0.048734345 -0.75399387 -0.61241454 -0.7466418 -0.7219969 -0.3679536 0.111176096 1.4994245 -0.5949648 0.8083935 -0.5514206
D03621 0.39142293 -0.5603669 -0.22464065 0.77264035 -0.66585875 -0.2621057 -0.868893 -1.0004139 0.26917934 0.17001651 -0.7986816 -0.45177954 0.2853836 -0.75472003 -0.34645358 -0.25428003
hsa3351 -0.13105789 -0.18113157 -0.05811507 0.50400627 -0.06264695 0.7436644 0.13314518 -1.3406798 -0.6640557 0.06909941 -0.38291943 -0.49945396 0.13405304 -0.0871882 -0.44987455 -1.2002769
D00437 -0.086477555 -0.9921275 -0.8648193 1.0165238 -0.47345102 0.061274398 -0.1474787 -0.20740084 -0.1767108 -0.11126099 -0.099331565 0.11471377 0.022273991 0.097825535 0.0004327302 -0.41373032
D02671 0.2923923 -0.42477986 0.4021882 1.0930396 0.19683205 0.35963073 -0.25615993 -0.22850822 -0.45540026 0.93322307 -0.3538225 -0.22451194 0.1559629 -0.22976008 -0.007599205 -0.71565896
hsa1816 0.4184741 -0.2071336 -0.40613186 1.441602 -0.04726417 0.39934307 -0.15589775 -0.10467287 -0.1160523 0.7755058 -0.22615376 -0.4857476 0.13625988 -0.6463857 -0.3958623 -0.7601492
D01871 0.250361 -0.4750346 0.16201362 0.9492197 -0.43505743 0.10513196 -0.47021446 -0.99642706 0.25592926 1.0266701 -0.7430887 -0.445328 0.3534565 0.07928541 -0.39794984 -0.4082752
hsa3355 0.10458717 0.09831417 0.011576253 0.797339 -0.11785296 0.78276414 0.3547184 -1.0384761 -0.60605365 0.017298434 -0.4068513 -0.792775 0.09156865 -0.047485266 -0.25539556 -1.0855149
D01051 -0.85589117 -0.036201328 -0.74459636 1.3614825 -0.53022385 -0.06399213 -0.28938296 -0.6749621 -0.58529234 0.2684216 -0.29032087 -0.04553495 0.18000233 -0.23808481 -0.11160447 -0.63012415
D02070 0.52409214 -1.2559649 0.43652916 0.82461566 -0.8755334 -0.8172945 -0.2909707 -0.9840944 -0.095770575 0.59978443 -0.38760573 -0.23934627 0.2150493 -0.37446302 -0.288839 -0.33462194
D00560 0.05257877 -0.41263276 0.0858295 1.0238752 -0.47439343 0.40886694 -0.5474464 0.37063992 -0.61808395 0.7002754 -0.7808778 0.26553878 -0.15473348 -0.91646564 -0.24899285 -0.63912106
D00113 0.37640667 -0.79631114 0.3815668 0.9386079 -0.56380796 -0.55468875 -0.4011918 -0.94966954 -0.23826604 0.6726512 -0.45816624 -0.33856606 0.2748891 -0.73000365 -0.16781941 -0.12934895
D00503 -0.2630477 -0.41020158 -0.2991924 0.6900889 -0.13103405 0.2296343 -0.56274116 -0.01362908 -0.80650127 1.087931 -0.36235356 -0.17741069 0.113163486 -0.40642944 -0.2870356 -0.65609384
D01358 0.2022784 -0.49538422 -0.16948281 1.0517861 -0.41683087 0.7919132 -0.76654315 -0.8816241 0.37978983 0.5249378 -0.18176067 -0.23707162 0.09041998 0.4119338 0.4678908 -0.42296708
D00180 0.93599683 -0.21791913 0.15300916 -0.21152002 -0.5054315 0.68285465 0.43534636 -1.0138605 -2.0164685 0.6326529 -0.13504124 1.4824672 2.0127344 -0.5297017 0.66548544 0.04608338
hsa3360 0.4364007 -0.023926662 -0.28850064 0.830096 -0.54305667 0.72657186 -0.2014472 -0.7204641 -0.99669796 -0.21319586 -0.092128545 -0.65087473 0.20662656 0.41317242 -1.061253 -0.4172443
hsa3274 0.85743195 -0.00858543 -0.74256283 0.7578993 -1.0533278 0.68983305 0.23543921 -0.33569455 0.5307639 0.6748129 0.5276836 -0.3289024 0.4410536 -0.18067011 -0.32849127 -0.46698612
hsa3350 -0.2196288 -0.14083403 -0.14918724 1.2700928 -0.38439488 0.7147123 0.079543516 -0.867464 -0.61366165 0.2980167 -0.004972821 -0.50080436 -0.26116607 -0.18888393 -0.17284718 -1.0434121
D03858 -0.2155968 -0.13774976 -0.0894286 1.0422008 -0.9126535 -0.42424434 -0.8812514 -0.7057802 -0.20143281 0.44799173 -1.2017385 -0.023740947 0.66177547 -0.680082 -0.25561604 -0.21953595
D00411 0.14416705 -0.15968695 0.5013522 1.3065051 0.4706152 0.8051054 -0.08439427 0.050327882 -1.1371462 0.46847472 -0.27202663 -0.5828957 1.2329314 -0.9983757 1.0183853 -0.365526
D02356 0.495685 -0.78276455 -0.41896603 1.032215 -0.07852453 -0.5905824 -0.24017456 -1.0922816 -0.23617725 0.23057282 -0.07137858 -0.2530063 0.08526414 0.2634705 0.27011755 -0.34586084
hsa1132 0.42506686 -0.53953683 0.20074463 0.8547055 -0.51615554 -0.2964231 -0.10879358 -0.901592 0.02704536 0.72425497 -0.5165114 -0.748566 0.32337114 -0.108120725 -0.06347196 -0.45886117
D00274 0.25788304 0.12389984 -0.2649645 1.1167846 -0.4078504 0.015205244 -0.8397913 -0.9623078 -1.014355 0.2002091 -0.097428545 -0.42981067 0.4429428 0.5391473 -0.66649956 -0.017136972
D02150 0.6479111 -1.0314726 -0.17539856 0.75470906 -0.9988781 0.16674659 1.0591776 -0.7105043 -0.23854972 -0.0051225973 -0.04437469 0.27779087 -0.13279995 0.019985314 -0.44965523 -1.2394971
D01164 -0.1768045 -0.42283875 -0.004711185 1.2441658 0.010962055 0.7367251 -0.017062312 -0.2559939 -0.5277039 1.0396423 -0.52018005 -0.3403864 -0.21601157 -0.44741544 -0.31062725 -0.7436061
hsa135 0.54480654 -1.0449389 -1.0047218 0.22929533 -1.7107811 1.0565042 0.575023 -0.22309852 -0.29128638 0.9789834 0.15627253 -0.28342476 1.70376 0.29986063 0.7732478 0.38778752
D00563 0.47012863 -0.6410859 -0.2029061 1.2445004 -0.20118997 0.1921663 -0.5031352 -1.2449229 -0.17579487 0.1323931 0.5185503 -0.22571674 -0.26835647 -0.29372764 0.18330063 -0.2778321
hsa1133 0.50339484 -0.7641371 0.10588511 1.0754379 -0.4006094 -0.41056943 -0.5143739 -0.85935235 -0.08832275 0.9950308 -0.30571586 -0.57247305 0.09589742 -0.15939842 -0.16337925 -0.5725956
D01295 0.07865567 -0.09565472 0.0022267392 0.99896955 -0.32456684 0.1687099 -0.26198983 0.029962154 -0.26857904 0.89323795 -0.66153353 -0.25312352 0.3318922 -1.0201623 -0.54427403 -0.6146955
D00079 0.71600515 -0.39220047 0.38712886 -0.14238288 -0.61054754 0.6823358 0.23628335 -0.77730525 -2.1713018 0.64959025 -0.062736854 1.6425455 1.5866674 -0.23358357 0.38228998 -0.08301991
D01603 0.5437183 -0.5601886 -1.2207859 0.79276365 -0.36800754 -0.04037214 -0.10097727 -0.7383094 -0.35791704 0.26013747 -0.027819779 -0.7180147 -0.4499756 -0.07812968 0.39866355 -0.80395496
D01022 0.36704522 -0.6163638 -0.73733217 1.096907 -0.67709076 -0.044755943 0.0379971 -0.6304827 -0.7028989 0.05591382 0.3265346 -0.32900468 -0.40791836 0.2428243 0.2858941 -0.7054866
D00227 0.61991495 -1.0388097 -0.89285415 -0.12699784 -1.6769145 0.69820493 0.3606469 -0.19433345 -0.2749155 1.2811441 -0.0065387604 -0.26795346 1.7636907 0.40450397 1.1432226 0.1232882
D00509 0.47547674 -0.56729597 -0.7343824 1.0439073 0.19679812 -0.0009937383 -0.094821855 -1.0464566 -0.4659509 0.015768003 0.115819044 -0.43487984 -0.25540048 0.14635323 0.533476 -0.9764485
D00609 0.33054322 -0.46318254 -0.5505741 1.2408652 -0.5661342 0.12970486 -0.63522 -0.92487943 -0.5376249 -0.23339452 0.094464034 -0.0025263103 -0.43865877 0.110713676 0.24414323 -0.38981733
hsa134 0.38812816 -0.9445225 -1.2602736 0.2528786 -1.5450784 0.8405604 0.5476719 -0.22137341 -0.33675486 1.1181937 0.42891288 -0.07968035 1.569987 0.3593559 0.8391056 0.28119883
D01352 0.5993921 -0.3594434 0.087854326 -0.12947288 -0.44523507 0.84617627 0.43643382 -0.58807045 -2.3055048 0.69174063 -0.02764618 1.6733866 1.7973053 -0.19293447 0.47031856 -0.17785048
D00300 0.6936402 -0.71021795 -1.1656352 0.24241191 -0.6220141 0.2541885 -0.15807104 -0.9251815 0.35150653 0.42765555 -0.72020316 -1.221724 0.07673564 -0.66899216 0.5268473 -0.44179147
D00281 0.39514324 -0.69573385 -0.7631919 1.0127097 0.012106074 0.18965429 -0.2344451 -1.1177421 -0.63231945 0.14918223 0.47175896 -0.35612607 -0.4008764 -0.1484101 0.48923612 -1.1343199
D01712 0.5082383 -1.0392447 -1.1679868 0.2977126 -1.5676974 0.82135195 0.79784334 -0.37537038 -0.43961522 0.9133094 0.19837177 -0.06581578 1.9637387 0.3449002 0.89750284 0.36276564
D02884 0.13247594 -1.1277165 -1.1424667 0.25445446 -1.8326814 0.76523215 0.83693343 -0.69453865 -0.27827173 1.0479664 0.33752638 -0.37534016 1.8355826 0.16762234 0.67683786 0.19265273
hsa5731 0.7067285 -0.21973215 -0.091779985 0.05587685 -0.038367555 0.66793615 0.5198889 -0.85785735 -2.4124713 0.6996865 -0.033257607 1.7723796 1.9785678 -0.14203016 0.22308083 -0.051399477
D00480 0.37125573 -0.9165263 -0.8551847 0.8566667 -0.17413482 -0.5708813 -0.3143218 -0.004338161 -0.26914597 0.72428834 -0.564216 -0.78141147 0.3696192 -0.43096578 0.19879726 -0.4016206
D03879 1.3509066 -0.5047963 -0.56493896 1.2152379 0.077923656 0.13771364 0.5616899 -0.69643366 -0.008561002 -0.7772862 -0.47758436 0.2468299 0.21926433 0.06859991 -0.37575877 -1.145281
D00095 0.6790252 -0.6979858 -0.5179122 0.68066865 -0.73567533 -0.14475939 1.0900064 -0.40151647 -0.14352486 0.035949845 0.07271692 0.38108683 -0.121498615 -0.24699478 -0.076157615 -0.9178525
D05129 0.31790766 0.35690656 -0.47947183 0.026256585 0.3465535 0.112156294 -0.312562 -0.268942 -0.6709741 0.59315693 -0.13747577 -0.21882704 1.6692755 -0.91417027 0.26257896 -0.7062596
D00419 0.9770827 0.24255836 0.46470192 0.3294008 -0.48461902 0.105532 0.35535303 -1.2318417 -1.9916173 0.49468005 -0.29927987 1.4082009 2.5825024 -0.4913504 -0.24724579 0.058432918
hsa4986 0.61575836 -0.91696143 -0.059814442 0.4969174 -0.8818923 -0.12404491 -1.0450493 0.15170175 -1.3060207 -0.4535322 -0.5711394 -0.094648786 0.41391736 -0.99695307 0.5029217 -0.05959242
D00613 0.60857606 -0.33619106 -0.5561615 1.4586843 0.20095418 0.15445691 -0.08196877 -0.5185594 -0.24143523 0.2161493 -0.044338588 -0.287708 -0.28763962 -0.53160673 0.04147005 -0.8457167
D02578 0.67606443 -0.9211399 0.02875611 0.9605339 0.25048104 1.0446199 0.63152426 -0.8146863 -0.48366293 -0.6121074 -0.6425312 -0.7172158 0.2253447 0.19906165 -0.006554903 -0.5800334
D02566 0.56885254 -0.4671596 -0.62747616 0.58747077 -0.65710145 0.5403551 -0.5795429 -0.9125918 0.7690867 0.9776234 -0.19503456 -0.610509 -0.008396712 -0.14937623 -0.034506273 -0.91700864
D00371 0.216107 -0.9311165 -0.9866258 0.43533885 -1.2819474 0.9388036 0.86383927 -0.62354845 -0.3533258 0.9417175 0.3553606 -0.40926623 1.4865733 0.21242175 1.2516047 0.21644446
hsa3357 0.02288062 -0.24104261 0.12865987 1.1233717 -0.16460833 0.6298598 0.17489544 -0.73638207 -0.68763715 0.25960696 -0.24653186 -0.6870481 0.0902363 -0.08974926 -0.4402982 -0.9703465
D00483 0.6477472 -1.1111352 -0.30026767 0.89724165 -0.49240395 0.4737998 0.8601481 -0.3872834 -0.1363776 -0.5776147 -0.090981506 -0.30765066 0.39667094 0.37899107 -0.4411114 -1.0246439
hsa136 0.6189906 -0.9419255 -1.1122806 0.60662705 -1.5040098 0.94148177 0.8571335 -0.1614901 -0.6037399 1.1102636 0.5476835 -0.20288542 1.6983461 0.29998186 0.8728237 0.45772317
hsa8843 -0.41162202 -0.8318942 -0.18751375 0.5910016 -0.20012794 0.10869472 0.73762596 -1.2986107 -0.59278136 0.5849386 -0.0057320734 -0.67919755 0.62889755 -0.8125616 -0.5386345 0.40300652
D04034 0.3327577 -0.4536227 -0.6852878 1.114038 -0.62415254 0.13789709 -0.4945794 -0.24069458 0.13117759 -0.4265028 0.3874718 0.16587329 0.09950092 -0.4105579 0.8851351 -1.1703719
D00110 0.3157033 -1.3466825 0.25991526 0.8427165 -0.29960373 -0.3882959 -0.6970148 -0.29918092 -0.65110517 0.42117313 -0.41156396 -0.16499807 -0.04528449 -0.68922323 -0.03258507 -0.10806057
hsa5739 0.6991056 -0.14072497 -0.20657618 -0.12985231 -0.0148619665 0.85874987 0.35850078 -0.8092595 -2.2244518 0.6019173 -0.19256781 1.8411736 1.7577739 -0.44618842 0.40973023 -0.15549564
D02340 0.1039501 -0.55178386 -0.60748553 0.93953675 -0.076439284 0.826326 -0.6335596 -0.699222 -0.03878645 1.1605784 -0.31950682 -0.5339997 0.0074028964 0.3852797 -0.013546432 -0.66300935
hsa2918 0.9369247 -1.1261322 -1.221703 -0.43198547 0.094387114 0.74539185 0.11627304 -1.037969 -0.7028943 1.0002534 -0.7764697 1.6328748 -0.1356313 -0.116924316 0.31795165 -0.27986374
D02725 0.805505 -0.13480215 0.34085667 0.5072237 -0.40305403 0.49890134 0.60816604 -1.0010045 -2.3946342 0.545038 -0.26007563 1.9217538 2.0042613 0.048216578 -0.27483645 -0.396724
D00432 1.192393 -0.4847822 -0.4047355 1.0892544 -1.0908291 0.08010959 0.7676618 0.06811015 -0.58088243 -0.2423612 0.24764568 -0.0213807 0.14986801 0.47347906 -0.43413234 -0.8346202
D01454 0.6565201 -1.0154735 -0.41304228 0.92292005 -0.8773228 0.14660364 0.7586699 -0.333978 -0.40475303 -0.24056892 0.13007602 0.08235204 -0.054507572 0.51736987 -0.35645965 -1.1130604
D00790 0.015630018 -0.47981724 -0.4381797 0.98412514 0.17710666 -0.24384402 0.22755113 -0.45155686 0.039828602 0.56599426 -0.3822912 -0.14482501 0.16022874 -0.84061235 0.44889888 -1.0624154
D02147 0.65019155 -0.8201047 -0.5711051 0.99924827 -1.1721791 0.18220441 1.10721 -0.23389344 -0.6291997 0.05664713 0.1369523 0.35817623 -0.29158914 0.32463357 -0.5385072 -1.3354983
D00607 0.35022587 -0.35781994 -0.7284807 1.079819 -0.4910124 -0.08546198 -0.3495998 -0.700014 -0.807992 0.059386946 0.11227699 -0.30233097 -0.55473304 -0.087142006 0.4825043 -0.8208434
hsa3354 -0.100343764 -0.007042006 -0.05459632 1.2758152 0.05943198 0.6457458 0.17503552 -1.0558653 -0.61642957 0.35909188 -0.0937011 -0.78126544 0.25955436 -0.1897127 -0.46805346 -1.0123347
D02237 0.22411065 -0.4705159 -0.58854043 1.0272858 -0.5850714 -0.1189124 -0.07105176 -0.6778873 -0.6448396 0.31266218 0.17389928 -0.13447252 -0.6138981 0.064216405 0.6675564 -0.9476538
D00336 0.32340896 0.4113885 -0.18599953 1.0076993 0.72537106 0.52007264 -0.2546071 -0.40858003 -1.3893049 0.47626138 -0.31724113 0.020322615 0.5383102 0.3135373 0.00023084786 0.03426114
hsa5733 0.9783473 0.20269342 0.43950412 0.69933075 -0.26864725 0.18033068 0.48243666 -1.2177281 -2.2058537 0.36490518 -0.30733258 1.4768531 2.126728 -0.16224113 -0.55293053 -0.45043027
D01236 0.5042028 -0.15763338 0.40498698 1.4765326 -0.7533053 0.7880506 -0.7543798 -0.3817991 0.3435606 0.059607603 -0.38279384 1.0714471 -0.11039637 -0.30646133 1.1815053 -1.1197939
D00059 0.60799265 -0.45154935 -0.47281462 0.123004235 0.3115156 0.045847014 0.76050144 -0.67185867 -0.18184282 0.74958897 0.019373696 0.2529357 -0.259983 -1.3039949 0.08417713 -0.75742555
D04979 0.123205 -0.47078502 -0.015446487 0.90810245 -0.005152688 0.3769727 -0.9345698 -0.96996474 0.05093495 0.92734504 -0.3100639 -0.7077558 0.22777662 0.025210075 0.2944863 -0.5299057
D02374 0.47934225 -0.87978226 -0.43298674 1.185783 -0.6826424 -0.08794227 0.3715954 -0.3659489 -0.28931168 -0.3016313 0.29245287 0.25981575 0.60522985 0.23059356 -0.924744 -1.0276364
D00426 -0.22814517 -0.16001996 -0.75997907 1.1357372 -0.14621618 -0.21427621 -0.39144334 -0.44716164 -0.7804957 0.83726245 -0.6542751 0.14394857 -0.48905873 0.35949984 0.10486573 -0.94488317
D02250 0.5008013 -0.6996222 0.7651936 1.2085124 -0.77517855 0.8994927 -0.16053452 0.35040715 -0.3482771 -0.55378985 -1.1357569 0.56003743 0.7208391 -0.91584134 0.5070594 -0.8273493
D03881 1.4993836 -0.3636605 -1.094357 1.1287304 -0.44492897 0.2729182 0.23475315 -0.39718485 -0.1207713 -0.86554116 -0.2521537 0.3213455 0.017714912 -0.27516046 -0.50735897 -0.645213
D00106 0.42484543 -0.31364787 0.0019394063 -0.2741553 -0.7155122 0.77168936 0.51829815 -0.7047516 -1.9402063 0.89970005 0.10615949 1.1145875 2.0222063 -0.06112561 0.71778226 0.16365474
D03966 1.1267047 -1.1160198 -0.76542795 -0.8505357 0.033187777 0.7630833 -0.67287 -1.2500582 -0.72035706 0.896356 -0.73709184 1.5062401 0.08974407 -0.55558294 0.20693617 -0.13057823
D02721 0.53642 -0.60254735 -0.18415609 -0.40429935 -0.35692784 0.7471952 0.28957447 -0.80709654 -2.0402882 0.9364844 -0.056155596 1.8235376 1.8448664 -0.41910046 0.345032 0.030919647
D00241 0.6241533 0.046442747 -0.9255209 -0.43027347 0.8014741 0.40930748 0.6259096 -1.4695958 -0.4120994 0.5316354 -0.32670245 0.16159068 0.9687432 -1.4027262 0.49379212 -0.79727226
hsa5732 0.97640693 0.29808715 0.45613855 0.070685595 -0.2194201 0.2603619 0.4470966 -1.3362423 -1.9751228 0.64650863 -0.23078421 1.247503 2.2914295 -0.64817315 0.22387713 -0.03236051
D01118 0.49601045 -1.1004728 -0.91982144 0.8517461 -0.30226317 -0.54193 -0.21903585 -0.16814342 -0.075282015 0.5760501 -0.50966847 -0.72401184 0.33882228 0.17624626 0.18072739 -0.45488784
D02342 1.1905515 -1.0943264 -0.7473422 0.72165394 -0.45127156 -0.10246687 0.27771688 -0.51702875 -0.10991672 -0.42365944 0.18330869 0.48659265 0.63593817 -0.024173586 -1.100984 -1.0760978
D00645 0.73142225 -0.47892746 -1.1567056 0.8265673 0.4875353 -0.463623 0.28188217 -0.36913395 -0.648967 -0.03199672 -0.6217299 -0.335009 0.16875826 0.13487919 -0.15200141 -0.7244744
D01891 1.0060388 0.07665564 0.6309829 0.73010606 -0.7119507 0.08732164 0.46011576 -1.2407733 -2.3226182 0.449055 -0.40819034 1.8593482 2.1814885 -0.048419457 -0.6319635 -0.4830059
D02066 0.6930742 -0.21993072 -0.80481744 0.3553012 -0.61804634 0.18406093 0.56461346 -0.15999773 -0.6234524 -0.51471597 -0.33391973 0.01670583 0.23784871 0.3188482 -0.65774745 -1.8088334
D00521 0.14200653 -0.12880959 0.12015915 0.811949 -0.7770567 0.057178363 -0.3722807 0.359546 -0.010671604 0.5667732 -1.5452031 0.2184998 0.52249986 -0.9354183 -0.12314005 -0.85459375
D00665 0.57317966 0.07998016 -1.0686969 -0.34090012 0.6341518 0.46669266 -0.4779759 -0.8473137 -0.36757264 -0.019290816 -0.44420388 -0.46016708 0.9262444 -0.9636499 0.3297102 -0.8506665
D04006 0.39076236 -1.0735561 -1.0888815 0.47315726 -1.742371 0.98411953 1.0649236 -0.30690667 -0.65600115 1.1600074 0.42702368 -0.03515183 1.929162 0.25225636 0.7759753 0.21247377
hsa1815 0.33773547 -0.5402862 0.32849106 0.9170484 -0.15677951 -0.0024137963 -0.1851238 -0.42448068 -0.5107035 0.99323744 -0.3701204 -0.7098 -0.09552788 -0.3025651 -0.01290831 -0.87407714
D00604 0.15221249 -0.9383093 -0.7575811 1.029208 -0.00039481424 0.49445915 -0.45963028 -1.2713516 -0.61998606 0.18341002 0.5283756 -0.22777584 -0.5648307 0.017760664 0.51111 -1.00634
D01020 0.314355 -1.1112736 -0.8353279 0.37638256 -0.5601171 -0.005053023 0.1910952 -0.98945695 -0.49009445 0.24573922 -0.09806501 0.3430905 -0.4081508 0.75025964 -0.5804981 -0.62265104
D01024 0.56301486 -0.520365 -1.1923969 1.0116152 -0.21270977 -0.6500396 -0.24256961 -0.6839909 -0.59280926 0.37937042 -0.17789882 -0.49068606 -0.16486295 0.33391678 0.22233595 -0.701636
hsa59340 0.4591176 -0.007994492 -0.64920795 0.47226346 -1.116524 0.7191615 -0.028404415 -0.866595 0.61596256 0.60507244 -0.4840251 -1.0369451 0.066882126 -0.6355719 -0.04706817 -0.7698821
D00136 0.08481863 0.15942422 -0.35005242 1.2948731 0.17209665 0.041499726 -1.2414579 -0.12184012 -0.9588404 0.6389686 -0.5615458 0.122591384 0.5149604 0.21302354 -0.6025721 -0.5179851
hsa3362 0.17011374 -0.19698188 -0.09725377 0.7764555 -0.3018204 0.6851287 0.22061208 -0.75341415 -0.3799409 0.2956052 -0.057097577 -0.73127943 0.2472278 0.083277255 -0.64886826 -1.086056
D03187 0.94786096 0.005030323 0.52497494 0.04166282 -0.6215888 -0.23084357 0.011226391 -1.4595289 -1.9592291 0.76129836 -0.3430876 1.3638343 2.0768602 -0.363598 0.008540973 0.14102577
D00394 0.19246988 -1.1275595 -1.2327988 1.1445031 0.07986099 -0.20578787 -0.013038107 0.14110194 -0.03229189 0.51068944 -0.39299205 -0.5731746 0.5849518 -0.12752968 0.27469096 0.13647762
D00235 0.8900281 -1.0391557 -0.76185703 0.7495497 -0.1575167 0.2474987 0.0031139068 -0.5316224 -0.20288308 -0.14472911 0.46697906 0.5719746 0.39273614 0.32854313 -1.0710294 -1.0461621
hsa140 0.8220524 -0.53509784 -0.8387358 -0.07149137 -1.2231818 1.0294212 0.41341114 -0.32806614 -0.5942894 1.0793743 0.2477786 -0.15897042 1.4488248 0.29367298 0.8267816 0.39947525
D01965 0.16506049 -0.4198374 -0.71797854 0.7515831 -0.590258 -0.6375556 -0.3593261 -0.84387434 -0.721517 0.49270737 0.10982804 -0.46226978 -0.032819897 0.52710587 0.2768865 -0.8198555
D05341 1.0779511 -0.45690444 0.77064246 -0.47817662 -0.7328015 1.1113077 0.35308245 -0.7314442 -1.8488469 0.33849677 -0.6307789 1.2903612 0.70076203 -0.5098108 0.9353044 -0.24487863
D02358 1.213147 -1.063205 -0.5368558 1.0931125 -0.45928848 0.17336692 0.17613135 -0.470947 0.029312447 -0.23250416 0.7080743 0.47758234 0.8528789 0.15732922 -1.2533551 -1.0943835
D01390 0.27279288 -1.1646816 -0.53094167 0.6761791 -0.82365113 0.3265929 1.3298934 -0.7829748 -0.4537551 0.0037482502 -0.09884173 0.59236574 -0.2249198 0.26843897 -0.6612654 -1.0123026
D00996 0.5958532 -1.1191782 -0.05329927 0.6489638 -0.75666374 -0.2731971 1.2399948 -0.82041544 -0.23697878 0.5149941 0.096868865 0.43657297 -0.25859338 -0.4424538 -0.20420945 -1.2523903
hsa57105 0.060083147 -0.12201243 0.09170185 0.52273566 0.17705664 0.59554505 0.50123405 -0.13356625 -0.7853712 0.6758507 0.035126608 -0.5804393 1.6367316 -0.87331605 0.7452514 -0.30371097
D00540 0.4945292 -0.68312204 0.4554145 0.44444636 -0.8082436 -0.7103171 -0.6884721 -1.1179134 -0.5494845 0.8538618 -0.56753486 0.0025116992 0.5187083 -0.07154488 -0.3856847 -0.03128252
hsa11255 0.8482215 -0.64732933 -0.8638598 0.5322479 -1.2290018 0.26702964 -0.08440653 -0.92171526 0.876122 0.9131282 -0.51821697 -0.8595702 0.0922263 -0.5009722 -0.029937582 -0.39387667
D00837 0.99649817 -0.75167805 -0.40811238 0.45102587 -1.0743619 0.009671293 -0.6407478 -0.2232342 -1.2206913 -0.69883716 -0.24115196 0.16220343 -0.40570366 -0.57367396 0.42790058 -0.20105842
D00524 0.015594866 -0.83145815 0.20473981 0.7847872 -0.5841745 -0.4902591 0.08281198 -1.0517585 -0.4209492 0.3108978 0.0111502325 -0.236473 0.85735846 -0.5799184 -0.7204009 0.31811082
hsa4985 0.5228922 -0.9201322 0.3022153 0.7993258 -0.8624803 0.8087959 -0.99220926 0.30204627 -1.0429692 -0.19839202 -1.0887071 0.050903764 -0.13914588 -0.9840828 0.32360783 -0.18953404
D02359 1.6789398 -0.13103473 -1.0549959 0.99306977 0.18725523 0.22061524 0.79603285 -0.5290468 0.32493332 -0.3056458 -0.72940165 0.5970314 0.41569132 0.107594326 0.13253962 -0.74331033
D00498 1.1665062 0.024788143 -0.22702381 0.83457655 -1.1951418 0.06994653 -0.2018962 0.07477709 -1.1944203 -0.20079644 -0.6863835 -0.4142774 -0.1393147 -0.27189225 0.32559836 0.071106225
hsa6915 0.60320365 0.49531975 -0.47287923 0.3974795 0.8844761 0.67441493 0.2425516 -0.6352598 -1.5629132 0.26462728 -0.54074204 0.9597104 0.87835264 0.27154192 -0.00031962586 -0.07686264
D03415 0.5531924 -0.74652195 -1.053314 1.0774777 -0.8323325 -0.16919017 -0.348122 -0.12745 0.099354 -0.88227296 0.24597289 0.5827502 0.6630794 -0.084368005 0.49788246 -1.6830575
hsa10800 0.053583708 0.22945619 -0.12618393 0.47446895 0.4154414 0.7722756 0.057300758 -0.15396483 -0.8505525 0.5735667 -0.29970798 -0.43077216 1.8556976 -0.8954921 0.93227017 -0.3937537
D03442 0.9795488 -1.2928813 0.2737053 1.1426953 -0.7950412 1.5535899 -0.2447254 0.54228014 -0.15044995 -0.6568506 -0.78565294 1.0578814 0.9402327 -0.57256716 -0.061343547 -1.1260605
D00598 1.5225778 -0.9254484 -0.84756166 1.0890836 -0.17438646 0.19857349 0.23613238 -0.35379502 -0.3233098 -0.28658152 0.60306233 0.31874478 0.66379935 0.11655938 -0.98081946 -0.97028995
D01717 0.63603294 -0.3979298 -0.5704428 0.15771249 -0.012696221 0.07437524 -1.5888069 -0.24074632 -0.28737873 0.541221 -0.6484462 -0.23167081 0.6031655 -0.2403752 -0.72532165 -0.85132605
D01745 -0.10260456 -0.3442334 -0.022073578 1.3266705 -0.008545118 0.2938428 -0.37625134 0.11246288 -0.5341291 1.0915912 -0.89565724 0.30148855 -0.2131324 -0.55981463 -0.24652179 -1.0247146
hsa7201 0.9207503 -1.1871166 -0.33130747 0.5938588 -0.3979171 1.2648455 -1.6424278 0.005453405 -0.8942966 -0.15609774 -0.48024097 0.57993174 0.06763548 -0.5089485 -0.22558284 0.26928613
D01227 -0.3677395 -1.0478432 -0.18341963 -0.40567392 -0.87752116 -0.13665861 -0.74207675 -0.65883917 -0.8366714 -0.1672856 -0.6079933 -0.72537047 0.8601778 -0.52345586 0.968105 -1.3175755
hsa6752 0.60674775 -0.6881086 0.7057927 0.80178213 -0.84302557 1.1862793 -0.62264085 0.22739798 -0.8386022 -0.39376736 -0.8880487 0.26760837 0.5341948 -0.7508793 0.8742473 -0.21843877
hsa2916 0.94500726 -1.4496464 -1.287382 -0.6779462 -0.23965773 0.95156133 -0.12486061 -1.2678839 -0.5666277 1.2874864 -0.77396506 1.4696543 -0.2763559 -0.197656 -0.012345141 -0.42286056
hsa6755 0.6167447 -0.66702724 0.7468559 0.8604958 -1.0803397 1.2554286 -0.30009684 0.24145678 -0.8104788 -0.5167966 -1.0423554 0.3193121 0.7582967 -0.69255257 0.9141102 -0.4276063
D00838 0.86544657 -0.36250427 -0.32491136 0.40741268 -0.8228903 0.22898167 -0.8370479 0.012784615 -1.7101108 -0.66886246 -0.6689448 -0.32288858 0.30392405 -0.5049673 0.19062497 0.20429797
D05938 0.3077124 -0.07196953 0.028930552 0.94112086 -1.3813456 0.19106686 -0.9570279 -0.49238086 -0.64132756 -0.11062385 -1.223331 -0.42911664 -0.22556165 -0.68780315 0.28272256 -0.06930297
D03642 0.8622241 0.044486243 -1.0122485 0.22648893 1.1916739 0.4560197 0.47080472 -0.68314946 -0.99033874 -0.056881398 -0.82213616 0.4753867 0.65487635 -0.03561958 0.1445782 -0.5051371
D04716 0.8185049 -0.56518865 -0.71831584 0.40252304 -0.49653867 -0.22547027 0.00819331 -0.13060918 -0.94852275 -0.06508487 -0.96296793 -0.8845825 -0.25499588 -0.6714886 0.6038471 -0.20821488
D00676 -0.1790318 0.07543622 -0.3169873 0.15000837 0.018914917 0.89570665 -0.08073045 -1.3959782 -0.50422907 -0.24782674 -0.8546583 -0.8190176 0.5054614 -0.38157812 -0.16554016 -1.2089214
D02076 0.9316431 -0.81547666 -0.93262947 0.778008 -0.035419594 0.31403607 -0.7606957 -0.7492989 -0.7378499 -0.6426155 0.31313744 0.0036632582 -0.4436497 -0.4162375 0.3774892 -0.8085185
D04040 0.06809825 0.27562925 -1.4465771 0.09455322 -0.28199998 0.08924439 -0.46726367 -0.66980684 -0.4536816 -0.13242859 -0.5777648 -0.054652497 1.3748598 -1.3191327 0.571713 -0.550304
D02614 1.5234455 -0.8375582 -0.5373388 1.4369164 0.16340081 0.16244473 0.5237042 -0.7544581 0.09449445 -0.8293882 -0.5808109 0.30422446 0.28584966 0.1616642 0.13002111 -0.7171835
D03274 -0.01209655 -0.015559502 -0.38811436 1.1547985 -0.51914364 0.14325485 -0.26410925 0.07071675 0.16279696 0.1637393 -0.021948628 0.31880948 0.41119263 -1.1463487 1.4537591 -1.6207433
D05246 -0.092181765 0.103588715 -1.2743448 0.12345109 -0.8697581 -0.01778387 -0.53535545 -1.0979347 -0.34616688 -0.56072205 -0.5800819 0.044689015 1.5095721 -0.7866505 0.7502589 -1.0554492
D05113 1.0164491 -0.16293493 -0.19277054 0.46602303 -1.5620619 -0.1818435 -0.8769011 -0.5496968 -1.6383338 -0.45507652 -0.74415237 -0.069700465 -0.06610005 -0.22411941 0.48680472 -0.0352312
hsa2912 1.1034065 -1.536024 -0.88248223 -0.6051935 -0.2979347 0.95581627 -0.2757215 -1.0675106 -0.57349914 1.1086445 -0.66594535 1.3938042 -0.4545445 -0.36612153 0.11602656 -0.21877322
D04625 0.547202 -1.0632929 -0.2514212 0.64263546 -0.9277775 -0.18369383 1.3436805 -0.66624457 -0.29344818 0.30162266 0.064845935 0.5093564 0.00070639886 -0.022651395 -0.54255706 -1.3663712
hsa2914 1.0028207 -1.4909275 -1.3354067 -0.6194503 -0.15630671 0.862332 0.29273948 -1.2190576 -0.4267333 1.1171961 -0.7124868 1.3591281 -0.32979292 -0.15057239 0.025298433 -0.5626595
D03490 1.426018 -0.8946815 -0.8386922 0.90754193 -0.4417159 0.03957872 0.17974003 -0.31411076 -0.20302355 -0.31369793 0.6602699 0.27832288 0.7852324 0.053475495 -0.9688666 -1.1970705
D00635 0.9530001 -0.736683 -0.8169685 0.8506937 -0.4900473 0.56357044 0.21868435 -0.31174716 0.44692138 -1.0718415 -0.3336792 0.13858835 0.8448802 -0.57570004 -0.6309364 -1.1754012
D00682 0.5574154 -0.303799 0.07499956 -0.07215676 -0.4061443 0.67425424 0.3616077 -0.78678536 -2.3361316 0.6110721 -0.12249098 1.5513886 1.8328074 -0.20174192 0.3917726 -0.13653769
D00687 0.8131334 -0.7723687 -0.21380232 1.6190234 -0.40486377 0.28785846 0.1427337 0.30285844 0.0773264 -0.7193346 -0.04711878 0.50845736 0.5611706 -0.30622432 0.48402685 -1.1926024
hsa222545 1.4401616 -0.8454907 0.17633222 -0.60961926 0.23960726 1.2390208 0.6648728 -1.6276379 -0.781381 1.2869127 -0.39544687 1.2311807 -0.25082323 -0.40313485 0.743636 -0.9398624
D00606 0.3147131 -0.79150486 -0.6303044 0.9789453 -0.25555956 0.6291505 -0.16053644 -1.0378376 -0.5941454 -0.33015952 0.38365892 -0.3045336 -0.58938825 0.00574773 0.8414239 -0.8804761
D00601 1.2557478 -0.8486714 -0.7139631 1.2563429 -0.36496893 0.5046168 0.54923016 -0.27636915 0.18025921 -0.77887386 -0.26077446 0.16910562 0.61909854 -0.15256368 -0.8189709 -1.2016945
D00410 0.061018437 -1.2435604 -0.8465746 0.55911523 0.032074653 0.5066319 0.3496696 -1.0196676 0.30294248 -0.23746265 -1.0387214 -0.61219716 0.40010554 -0.22213325 0.46620414 0.13241735
D00232 0.26000997 -0.6718517 0.46934676 0.9361043 -0.73858345 -0.48103896 -0.4900123 -1.0910419 -0.1569221 0.69123524 -0.23677513 -0.18283549 0.53805333 -0.5361482 -0.5658143 0.15622248
D02826 -0.2020679 -0.5408691 -0.45452997 0.41060248 0.16644564 1.196667 -0.2109633 -1.4241917 -0.7200127 0.33274195 0.065788 -0.5925914 -0.29940462 0.07705937 -0.36148334 -1.1642255
hsa10161 -0.30067563 -0.12170138 -0.7824828 0.3020057 -0.36931202 0.8213344 -0.14657515 -0.3124683 -0.8205591 0.82813495 -0.05716539 -0.5720795 1.8968076 -0.2773679 1.0322622 0.30977908
D00715 0.6475188 -1.0245774 0.37469804 0.77146614 -0.7061276 -0.8153266 -0.5757947 -0.9474809 -0.258636 0.62340206 -0.5516281 -0.001984406 0.37212446 -0.3271505 -0.41449904 0.10815921
D00666 1.3627664 0.33464935 -0.86168903 0.111713484 0.079254076 0.25947756 -0.97929144 -0.24362424 -0.40871271 0.3645458 -0.89559007 -0.9117604 0.76393044 -0.5613212 -0.4946258 -0.666046
D00318 0.8480305 -0.30686137 -0.9414299 0.6808655 -1.7091848 0.7288878 0.057969842 -0.8330912 0.9303626 1.0422463 0.17227484 -0.8442554 0.24592459 -0.71526206 -0.27521035 -0.5832376
D00234 -0.2724442 -0.18186197 -0.6339209 1.1903477 0.019421285 0.20656545 -0.4850508 -0.16436848 -0.105510086 0.81401247 -1.7062172 0.82506216 -0.1986391 -0.34746236 0.20179616 -1.0267887
hsa64805 -0.057149407 -0.31931704 -0.28111076 -0.14439721 -0.7979201 0.98809314 0.31713325 -0.2274638 -1.533419 1.1535857 0.25859562 0.35829398 2.0333521 -0.1343109 0.92184633 0.27219024
D01269 0.6328198 -0.5320904 0.026002167 -0.07692127 -0.15414377 -0.012961396 -1.2743601 -0.8872522 -0.44679257 1.0718833 -1.1291466 -0.19354108 0.17086242 -0.16034113 -0.080853775 -0.09041989
D02910 0.3203935 -0.57190794 -0.80520827 0.84563965 -0.35431883 -0.38988099 0.087707914 -0.48533714 -0.060164385 0.21933573 -0.10474807 -0.7428976 0.4386346 -0.13495249 -0.113295496 -0.8117558
D02327 0.60163426 0.17793448 -1.0932816 -0.32023233 -0.17452057 0.57056767 -0.43963227 -1.1294427 0.082532 -0.36244532 -0.9823127 -0.9801944 0.9245968 -0.7363189 -0.1827357 -0.7894026
hsa3361 -0.038025983 -0.5146951 0.22141112 0.63737196 -0.27725354 0.7330618 0.42799225 -1.0372363 -0.6658346 0.35386664 -0.2643767 -0.83335835 0.21941933 -0.24870874 -0.91948473 -1.1931659
D00301 0.23729336 -0.41589016 0.0952112 0.75486404 -1.572014 -0.62296504 -0.34624663 -0.43228394 -0.71214664 -0.210055 -1.2507061 0.5972749 -0.16862597 -0.7801432 0.41591075 -0.6163417
hsa2846 -0.012519665 -0.41623524 -0.45350277 0.17973329 -0.028094776 0.67083496 0.9288643 -0.9885471 -0.60629296 0.9647815 0.10027254 -0.3676653 1.8622888 -0.8586087 0.67897815 0.55756986
D00094 0.9734757 -1.08006 -0.7082625 -0.6895389 -0.82060415 0.9233948 0.20275864 -1.2515255 -1.8455254 1.1635631 0.29818347 2.1117535 1.8990064 -0.14009617 0.81156516 0.2231999
D00306 1.4685397 0.1204046 -0.29126137 1.3455497 -1.1643931 0.47097096 0.53197104 0.19197188 -1.1661273 0.37840223 -0.18786749 -0.8810458 0.09369727 0.55189115 0.15387763 0.62531084
D01925 0.8944817 -0.49798188 -0.54691976 1.0674047 -0.425636 1.7053646 -1.4190162 -0.1767876 -1.2457039 -0.13954252 -0.44530526 0.40954402 -0.005226736 -0.33351192 -0.54088897 0.7248383
hsa5737 0.8537135 -0.09205361 0.042265818 0.20808315 0.09506724 0.6867205 0.49245173 -0.6497368 -2.3099587 0.5377428 -0.31321532 1.7831326 1.4935304 -0.045388944 -0.021636242 -0.37675023
hsa2913 1.1348543 -1.5480878 -1.0822947 -0.6508564 -0.36340868 0.976698 -0.23359433 -1.4030383 -0.64681256 1.2180779 -0.40486324 1.3766243 -0.26100418 0.056060255 0.4952362 -0.23111968
hsa6751 0.37851766 -1.0390278 0.3043305 1.0718622 -1.1763293 1.0315164 -0.8184742 0.31493536 -0.67188406 -0.27227747 -1.2252164 0.05090623 0.47049484 -0.7831409 1.0744337 0.39470506
D01964 0.8454815 -0.057853233 0.25459862 0.6155518 -0.2513966 0.40587434 0.47790366 -0.76692235 -2.458921 0.47897688 -0.3517653 1.9317744 1.7710142 -0.04559207 -0.3610179 -0.50359714
D02082 0.21817023 0.3461342 -1.2265027 -0.576039 -0.15725681 0.39390528 -0.5446657 -0.9569423 -0.37011296 -0.032229435 -0.5082599 -0.033673234 1.5150485 -0.92564064 0.67594814 -0.6997286
D01324 0.45630842 -0.6055473 0.5212929 0.54103553 -0.33984384 0.34393817 -0.9504665 -0.941717 -0.0634503 1.6251699 -0.61692137 -0.34225613 -0.024258453 0.08854886 0.39678922 -0.30905628
hsa886 0.95996416 -1.2503124 0.30046633 1.1558849 -0.8870543 1.6978284 -0.6597934 0.40562883 -0.26872462 -0.751797 -0.53362566 0.9713442 0.8257253 -0.4008419 0.039664235 -0.61717147
D00675 -0.16338678 -0.27270204 -0.21415336 0.3489677 0.20957378 0.5709671 0.24039735 -1.1483959 -0.4662677 0.20314026 -0.55169994 -0.53568953 -0.06780454 -0.7180419 -0.19727567 -1.6371117
D00522 0.12005199 0.21450557 -1.4332542 0.13805038 -0.74560827 0.3116199 -0.7012914 -0.67337674 -0.4864335 -0.58368844 -0.7105229 0.26760685 1.8131484 -0.8636978 1.0657597 -1.0877275
D01441 -0.16481988 -0.2969848 0.32156068 0.85555124 -0.3064438 0.3042201 -0.41488904 0.041393578 -0.5766919 0.7093639 -0.10799 -0.3978013 0.5127345 -1.275983 1.2313426 -1.288897
D06396 0.50128037 -0.3794785 -0.055162985 0.592068 -0.29086965 0.8734351 -0.71705234 -0.48636815 -1.4236482 -0.2665982 -0.33778054 -0.15004438 0.0067558116 0.2721116 -0.7170488 0.13059044
D02278 1.4101195 -0.83429825 0.42584378 -0.8783208 0.019925727 1.4833077 0.50349313 -1.5571762 -1.2126944 1.0312632 -0.42257994 1.5071912 -0.016271917 -0.4686189 1.0194658 -0.79603475
D00380 0.3263535 -0.5642527 -1.1565468 0.78867733 1.0080794 0.7226456 0.4290966 -0.14075118 -0.99362665 -0.015486623 -0.93897635 -0.2945597 0.7776019 0.36644548 0.24942876 0.16981041
D01782 0.4561234 -0.46797043 -0.58638626 0.41525647 0.26198828 0.14853144 -0.76977134 -0.5283377 -0.21438958 0.44920737 -0.77500534 -0.15713798 0.14052394 -0.038727734 -0.50823545 -0.64610857
D00225 -0.6198602 -0.7617139 -0.8424144 0.89585775 -0.012817538 0.98249984 -0.71189445 -0.4479135 -0.42504403 0.73550326 -0.11476853 -0.72078896 0.48130655 0.37059444 0.13900526 -0.17872043
D01297 0.37858203 -0.96741545 -0.09333807 1.1149123 -0.33986098 0.3612911 -0.9254291 -1.1766912 -0.22930913 0.46726888 0.061488785 -0.27976146 -0.2251528 -0.27082726 -0.3554655 0.07985635
D05312 1.0519153 0.21750496 -0.469122 0.24255215 -1.6485734 -0.029391717 -0.9127235 -0.5645358 -1.7547035 -0.52163845 -0.44581947 -0.11681151 0.1417234 -0.03249423 0.6506171 -0.09890691
D03654 -0.047634326 -0.048732784 0.1622641 1.064782 -0.78468156 -0.6652559 -0.4625766 -0.6132729 -0.093634345 0.9785834 -1.2221974 0.33561993 0.45560727 -1.1525649 -0.36053607 -0.63846356
D00520 0.5569508 -0.7796884 -0.9083646 -0.053473983 -0.66717637 0.2585615 -0.2535163 -0.07215389 -0.09269807 0.6407131 -0.65214044 -1.3688874 0.517481 -0.27768633 0.6201892 -0.69913507
D02349 0.31734598 -0.8078286 -0.6579091 0.96958065 -1.0478458 -0.1567074 0.55772483 -0.29104295 -0.6630802 -0.16464733 0.31949273 0.34782243 -0.24284273 0.26307687 0.032474805 -1.302198
D00049 0.42328507 -1.0302421 -0.34604678 0.18342437 0.571123 0.13357812 1.3029807 -1.3971868 -0.08908335 0.67917985 -0.030511582 -0.16264802 1.0537325 -1.2934617 0.30197254 -0.11817277
D02588 0.73148096 -1.1592929 -0.22434138 0.873835 -0.5916682 1.5580089 -1.4259225 -0.3561978 -1.2376848 -0.21473539 -0.0724472 0.5505482 -0.39110342 -0.19756435 -0.41472068 0.69479096
D00632 1.4714315 -0.34513277 -0.9209505 1.4902939 0.06880101 0.217071 0.50446045 -0.62321156 0.010369767 -0.6376305 -0.63386226 0.40394878 0.12106996 -0.039757844 -0.25116006 -0.6975278
D03210 -0.4696028 0.36678728 -0.69894457 1.3712573 -0.16208479 0.2059048 -1.3742051 -0.73784673 -0.9990532 0.41124135 -0.5790134 -0.1738909 0.9429017 0.6140746 0.15925403 -0.5341445
D00422 1.3810236 0.11833599 -1.3002135 0.61360544 -1.8113399 1.2095577 0.024188828 -0.3979737 0.44879547 1.0876052 0.7355235 -0.32698727 0.49744374 -0.4550614 -0.56193894 -0.78105336
hsa338442 0.020858282 -0.9412712 -0.26761517 0.49994284 0.34434423 0.21765725 1.4072671 -1.1260962 -0.41965544 1.022792 0.11446101 -0.5131706 1.3104308 -1.4765594 0.16317317 0.2474107
hsa3363 -0.5901324 0.1568167 -0.28534946 1.4338071 -0.37879866 0.6584615 0.099088214 -0.92778456 -0.7250075 0.048621 -0.2767065 -0.72001535 0.15425706 -0.20264648 -0.0859958 -0.9144123
D00987 1.0067236 0.5190141 -0.3181056 1.4535004 0.16536695 0.6109557 -0.3041783 0.1022494 -1.0509089 0.9284306 -0.68353814 -0.45414615 0.1336097 -0.56189734 0.06289099 0.1774852
D02279 1.3433001 -0.5297093 0.41807893 -0.4711982 0.15391032 0.7746913 0.66100675 -1.3003819 -1.1191144 0.90325564 -0.19044156 1.231305 0.10801958 -0.73859686 0.7902266 -0.7657722
hsa9052 0.9192002 -1.2296355 -1.143111 -0.86810815 -0.92154884 0.86307096 -0.17672957 -1.1200113 -1.4110383 1.2576599 0.37869218 2.113574 1.804549 0.007431997 0.86931145 0.5182694
D01652 -0.53488886 -0.34146717 -0.65214133 0.32875663 -0.30708072 0.543919 -0.42170486 -0.25116092 -1.4306847 1.6485844 0.21806817 -0.6285863 0.59778 -0.1660932 -0.050028853 -0.6460453
hsa6010 1.0387869 -0.21313033 1.1473391 -0.1688855 -0.8630869 1.1051245 0.12862986 -0.68698025 -1.6780407 -0.14505243 -1.0001757 0.76059633 0.26346225 -0.40102038 0.9476261 -0.23232193
hsa6753 0.5234738 -0.7812438 0.6467941 1.0750881 -1.13747 1.193127 -0.63304293 0.5840018 -0.7682685 -0.4793222 -0.8993031 0.21578358 0.8140055 -1.0402554 0.65908366 -0.52848
D00514 0.047741167 -1.0874693 -0.7107965 0.6456113 -0.7023817 0.36380503 0.39751482 -0.6281245 0.35711923 0.48844364 -0.024477622 -0.6540094 0.5130206 0.20313442 1.176579 -0.13103248
D00364 0.030236065 -0.08118961 -0.28833106 0.8087755 -0.05085426 0.547372 -1.0635445 -0.28262064 -0.20775168 1.1243458 -0.7428726 -0.56720126 0.34106565 -0.03591221 -0.11671488 -0.8714604
D05740 -0.30710372 -0.5093912 -0.18957466 0.022814462 -0.13337307 0.3157777 0.3174656 -0.92805845 -0.86459744 -0.22977792 -0.4760696 -0.5478969 0.32779187 -0.13640015 -0.15759975 -1.7919717
D01332 1.3952217 0.1070941 -0.7056801 0.49395555 -0.06525761 0.32316843 -1.0539336 -0.3196412 -0.4856701 1.0528647 -0.8533015 -1.031424 0.20727347 -0.13144813 -0.09135901 -0.30455604
D01242 0.40437233 -1.0974464 -1.1887801 0.072058104 -0.8613697 -0.6114844 -0.41509324 -0.015021782 -0.2261099 0.8070767 -0.561186 -1.3678639 0.6317942 -0.026443124 0.3855045 -0.9122294
hsa1268 1.2282505 -0.0097041065 -0.56885886 1.5477681 -1.2874184 0.5933042 0.9586229 -0.13629277 -1.1049103 0.79063326 0.011522607 -0.8664292 0.25912893 0.9879812 0.3862435 0.8603797
D02007 1.1088095 -1.4393989 -0.6337676 0.46738648 -0.46469247 1.2893238 -1.3334044 -0.21961345 -1.2589538 -0.46353787 -0.28292993 0.97617286 -0.72803175 -0.5231487 0.09336554 0.13735744
D00688 1.0292027 -0.043529045 -0.5306435 0.8640278 -0.94365346 0.038046524 1.0096394 0.27188888 -0.76293594 -0.09057354 -0.13797517 0.49497932 0.051591936 -0.068936855 -0.5431236 -1.6516287
D00442 0.837685 -0.91891164 0.38391688 1.15309 -0.7599143 1.2281592 0.18861546 0.6477317 0.11442382 -0.5836183 -1.2840527 0.8046238 1.4665186 -1.1180717 -0.05126251 -1.1003858
hsa554 0.8865587 -0.43057993 0.6425239 1.4574506 -0.6610202 1.2734145 -1.0623734 -0.11084321 -0.00923593 0.033774436 -0.6542103 1.3096751 0.26356095 -0.7142999 0.9788983 -0.8712033
D00673 1.2656087 0.12696171 -1.193483 0.5362718 -1.742067 1.1521173 -0.043213222 -0.5626164 0.3529944 1.3469248 0.68882316 -0.5442064 0.60702217 -0.5369757 -0.52006584 -0.6817417
D00683 0.813495 -0.55881554 -0.746632 1.0924883 -0.712357 -0.11705822 0.7369429 0.032611918 -0.6705478 -0.2981968 -0.2632826 0.57846344 -0.0958422 0.14366128 -0.3259494 -1.7933865
D01692 0.42290226 -0.15424013 -0.33547023 1.4973146 -0.6526499 0.44881487 -0.36502758 -0.915706 -1.0001684 0.10719602 0.012614345 -0.5886645 -0.3147011 0.46070176 -0.1493444 0.10098457
hsa2915 0.8814459 -1.5275396 -1.1611997 -0.43344614 -0.3538116 0.95306003 -0.28630468 -1.1430649 -0.3946845 1.3458381 -0.6005752 1.3240997 -0.63790905 -0.03480037 0.34489366 -0.47621503
D00965 -0.71433884 -1.1255764 -1.5150487 0.4633676 -0.62995076 0.41576236 0.4173321 -0.5767491 -0.6548389 -0.07914546 -0.32098556 0.23151237 -0.051374853 0.38999355 -0.096351996 -0.14720188
D00574 -1.0490248 -0.9004493 -1.467114 1.050448 -0.5998676 0.2985031 0.31120116 -0.6337279 -0.43809634 -0.5335507 -0.64337075 0.1799022 0.51817846 -0.15440454 0.048873216 0.26400372
D00627 -0.023012599 0.055891298 -1.0399916 0.46156022 -0.7995073 -0.16602047 -0.56870794 -0.43442348 -0.41087133 -0.68715364 -0.09824807 0.38275814 1.1917309 -0.7641508 1.2306643 -1.5778097
D01103 0.25308025 -0.43457836 0.37151626 0.40834185 -1.1651387 -0.76477075 -0.67634934 -0.8711108 -0.5490581 0.6874683 -1.2642626 0.43239215 0.22916026 -0.5375504 -0.15060247 -0.21838531
D00523 -0.8757455 0.2712688 -0.9858262 0.6729883 -1.0447422 -0.14828253 -0.7865691 -1.0411925 -0.25023797 -0.2569783 -0.56904167 -0.032966636 1.3587253 -0.5519563 0.31862175 -0.44301754
D03880 1.4282316 -0.62576 -0.99830526 1.4003267 -0.25599808 0.23097911 0.715734 -0.6495052 -0.053480215 -0.56916565 -0.056537878 0.42700028 0.28477645 0.00750955 -0.5130309 -0.8973265
hsa5031 0.27072936 -0.6775103 -0.68906343 0.17399806 -0.459797 1.2139958 0.22723602 -0.6676361 -0.99367094 1.5861148 0.04620904 -0.14764152 2.2768667 -0.22637811 1.0653003 0.9908813
hsa887 1.0167551 -1.2385851 0.3757605 1.0725539 -0.964244 1.509824 -0.627652 0.448714 -0.24166967 -0.51360625 -0.6196928 1.1436214 0.31446213 -0.07394365 -0.16972199 -0.7250795
hsa2917 1.0214902 -1.4752111 -1.3946029 -0.5995802 -0.25115007 0.92135805 -0.15153706 -1.3613896 -0.40335122 1.4335788 -0.8197814 1.3450656 -0.31699073 -0.14091662 0.32566354 -0.3601123
D01699 -0.13501038 -0.067483015 0.24221161 1.3036854 -0.8899471 -0.77897125 -0.71352315 -0.61531895 0.08153393 0.7733307 -1.229695 0.14820139 1.0548885 -1.1480504 -0.41906253 -0.7526269
D00415 -0.004469991 -0.18863727 0.22196537 0.7224251 -0.050579093 0.9244959 0.034122 -1.5570302 -0.8577326 -0.37568578 -0.8668238 -0.9183304 0.26400837 0.05934632 -0.12668787 -1.0625427
D00845 1.0224197 -0.07248932 -0.3890252 0.111973286 -1.0697852 0.28170058 -1.0190187 -0.71164334 -0.78962976 -0.4108196 -1.5913725 -0.7074965 0.12187326 -0.63866967 -0.12630357 0.028963104
hsa5724 -0.5501184 -0.35752586 -0.34141514 0.42753077 -0.23541754 0.8748925 -0.27636108 -0.25480565 -1.5763326 1.6864327 0.48183706 -0.7027486 1.2843645 -0.35160336 0.1934725 -0.5728446
D00295 1.1686668 -0.01026123 -1.2913188 0.4303039 -2.069162 1.3258631 0.18106164 -0.4631667 0.3794962 1.1472472 0.5725067 -0.39188236 0.58973116 -0.3238768 -0.30839646 -0.51470864
D00465 0.3296287 -0.9863092 0.3825226 0.89892554 -0.69113916 -0.68401295 -0.67308855 -1.0973196 -0.108907096 0.6876659 -0.6627545 0.071732506 0.48072392 -0.12681717 -0.4449358 -0.07362287
D00674 0.1550835 0.2270567 0.16886272 1.3311023 0.4471804 0.783699 0.12744716 -0.84341604 -0.6984781 0.5173674 -0.49639913 -0.59420466 0.2903208 0.15114543 -0.30112976 -0.8730583
D02357 1.3874345 0.6016005 0.026869232 1.6150752 -0.26867324 0.48809814 -0.14457619 -0.14973634 -1.106973 1.0093716 -0.23520972 -0.49572483 -0.31876534 -0.18939519 -0.013340486 0.11372215
D01346 0.5721466 -0.36136967 -1.2701362 0.37251818 0.4762629 0.4624563 0.2745647 -0.40364236 -0.1110043 0.60965675 -1.4485785 1.3438209 0.18254031 -0.113769874 0.49048495 -0.47813514
D03503 1.4275693 -0.14593576 -1.3141326 0.49260038 -1.7438097 1.2215022 0.14175496 -0.33055583 0.4181381 1.2079943 0.6422072 -0.30005467 0.5279253 -0.4442714 -0.52281785 -0.47907078
hsa56413 0.42679986 -0.47278804 0.6303557 1.3426833 0.2949229 1.1294451 -0.22757013 0.26431584 -1.1350459 0.28962314 -0.2504433 -0.553485 1.0863708 -1.2552092 1.2475932 -0.22194563
D00440 1.4694808 0.070434116 -1.3007462 0.2649347 -2.1884305 1.2470046 -0.07503271 -0.6286951 0.43641734 1.3294705 0.5426428 -0.2804271 0.73086745 -0.57844615 -0.37340897 -0.5092069
D00646 1.1308106 -0.6196717 -0.8185975 1.4047601 0.11005496 -0.5842531 0.41485712 -0.901279 0.48601803 0.5351569 -0.90923977 0.08080509 0.2704923 -0.14447048 0.3947209 -0.24280821
D00954 0.53597176 -0.053044982 -0.27190715 0.34780183 -1.3565773 -0.6866512 -0.6968954 -1.0330876 -1.1982577 -0.28686228 -0.3944854 0.30062884 0.070181005 0.3958138 0.44019103 -0.17248444
D00765 0.5110541 0.15719588 0.2948873 0.31347287 -0.8837295 -0.9164255 -0.5256871 -1.4132733 -0.8401489 0.7109916 -0.3072754 0.16385289 1.0077747 -0.02537858 -0.09373945 0.14882267
D06056 0.65413004 -0.47157675 -0.20621881 1.1589191 -0.39032233 1.6073147 0.17622392 -0.80347675 -0.66508454 -0.5552485 0.25594676 -1.0658754 0.17599833 0.23606376 -0.71237594 -0.5671344
D00139 -0.44383106 -1.1220685 -1.1873437 1.0838877 0.07074697 0.960192 -0.10992871 -0.52910274 0.04539208 0.5571991 -0.6006654 -0.6195585 0.38783407 -0.06476607 0.8490604 -0.2264852
D03165 1.3684511 0.2817944 -0.31401753 1.3995352 -0.022322368 0.85388774 -0.6657269 -0.15451214 -1.0088365 0.88381124 -0.33916986 -0.11314201 -0.57345134 -0.8244419 -0.1509324 0.32685703
hsa552 0.6707906 -0.20429698 0.13411981 1.6001893 -0.8693738 1.164911 -1.482146 -0.14949134 -0.032260586 0.12531166 -0.63428134 1.1821967 0.019990763 -0.6198164 1.1733234 -0.8798942
D00780 1.2572861 0.50091964 -0.4541903 1.5768517 0.028050916 0.48081216 -0.53603697 -0.057528693 -0.8681418 0.969654 -0.19687928 -0.0738687 -0.5402771 -0.8214997 -0.092797786 -0.3980387
hsa5028 0.23795432 -0.660529 -0.43111247 0.72920066 -0.35275048 0.8045067 0.69930834 -0.54343927 -0.7831892 0.99108523 -0.0031765616 -0.75927323 2.0200148 -0.68719983 0.83514285 0.7574131
D02338 1.4734412 -0.9783465 -1.0254681 0.98616624 -0.50000364 -0.066815116 0.054295026 -0.5839284 -0.31018364 -0.18411198 0.71184903 0.5598932 0.87062323 0.34909362 -1.3921638 -0.9583133
D00400 -0.16641761 0.46635 -1.3573093 0.33244428 -0.8861685 0.38694352 -0.6627777 -0.88441503 -0.18205324 -0.65248233 -0.7524208 0.08038766 1.7607036 -0.9268717 0.5708568 -1.1635327
D03365 0.19741967 -0.49575424 0.09297125 0.6328791 -0.28980848 -0.24454801 0.70976675 -1.9208208 -0.2306529 0.63935137 -0.08516637 -0.6910025 0.43051934 -0.9782344 -0.16359745 0.11425801
hsa5030 0.29226086 -0.5045295 -0.7585896 0.3107743 -0.74829406 1.087868 0.28612974 -0.6201189 -0.7606966 1.5690678 0.019456495 -0.66188663 2.5648546 -0.36521146 1.0466572 0.8613028
D00356 0.9071474 0.090547554 0.41576236 0.77299464 -0.62495583 0.13900459 0.45891404 -0.87717444 -2.1779904 0.3530005 -0.31891623 1.7375106 2.1463757 -0.17174755 -0.52653056 -0.49393782
hsa1234 -0.30343148 -0.075784326 -0.8736482 0.87013507 -0.49439213 0.22278139 -1.4836287 -0.45354566 -0.96458477 0.24847546 -0.53134674 -0.27679142 1.1350942 -0.06280776 0.8818252 0.17610532
hsa4543 0.4332708 -0.89152235 0.9730868 0.5944844 -0.24569938 1.3719378 0.3482084 -0.6071451 -1.0755483 -0.57627964 -1.2097025 -0.40233898 -0.10267445 -0.3202068 0.68396914 -0.5490988
hsa9934 -0.01519987 -0.10650687 -0.6497787 0.31194893 -0.34367198 1.2977041 -0.003812571 0.07258923 -1.322258 1.2638736 0.21516849 -0.42027947 2.1301224 -0.3414861 0.9764541 0.24722522
hsa23620 0.8741395 -0.7506472 -0.56800234 -0.13052605 -0.4416861 0.19912101 -1.8013921 -0.10836507 -0.2881587 -0.056958653 -0.45712328 0.12286449 0.6615175 -0.030779028 -0.8115082 -1.3039415
D01126 1.1834916 -0.8602157 -0.12694784 -0.4174747 0.48061863 0.9693561 0.9668657 -1.6530466 -0.41061047 0.9998964 -0.27799764 0.83386856 0.042117402 -0.83009464 0.6390081 -0.79063696
hsa2911 0.9861981 -1.8133708 -1.2802469 -0.5727678 -0.45954415 1.1581931 -0.09784965 -1.1557208 -0.46415117 1.2165349 -0.68820065 1.3873645 -0.31478304 -0.059909847 0.0997774 -0.5727988
D00499 -0.89287275 -1.3463132 -1.3159485 0.5901847 -0.7904709 0.112633936 0.94487 -0.9932727 -0.58475196 0.22936721 -0.0774036 -0.048516415 0.72938603 -0.22854467 -0.544598 0.7931098
D00332 0.7970713 -0.75518936 -0.45354578 -0.83107585 0.3278339 0.97843003 0.21454626 -1.528277 -1.0367463 0.8048438 -0.09850931 1.6332613 1.0190066 -0.9056519 0.64174956 -0.63033295
D01462 1.8319427 0.55452186 -0.7478515 1.0601696 -0.16393718 0.69853556 -0.99400747 -0.13631897 -0.9529429 0.89036596 -0.58742374 -0.44963747 -0.11512426 -0.4817696 -0.18225306 0.023165647
hsa5729 0.39670706 0.33973888 -0.09755589 0.36468786 0.43807968 -0.07671089 -0.008358464 -0.4429323 -1.4433022 0.37795717 -0.26145464 0.34870887 2.1253486 -0.9684438 0.012289297 -0.26638353
D01071 -0.5657531 -0.9014439 -1.5996679 0.6450635 -0.20974892 0.72177505 -0.037190825 -0.307169 -0.48302925 -0.012956098 -0.47936514 -0.18182373 0.9899535 -0.41141915 -0.098795295 0.9360232
D00684 0.7169954 -0.32282618 -0.33539766 0.76810116 -1.3073817 -0.31587145 0.50130993 -0.16241294 -0.8294596 -0.5672809 -0.5840465 0.6603385 -0.30315104 -0.27812603 0.16487433 -1.9660617
D05792 1.3427317 -0.69190836 -0.43096593 1.3524985 -0.14290053 0.061333217 0.46306345 -0.41048217 0.04708512 -0.9244808 -0.5455156 0.43148008 0.39169592 -0.16202852 0.12445345 -1.0695441
D00443 0.13389249 0.33134583 -0.79152215 0.27464893 -1.2742059 -0.6364124 -0.5410663 -0.9673641 -0.8279383 -0.4416923 -0.41954365 -0.00676891 1.2547114 -0.26600018 0.58681643 0.06433178
D04375 0.3554801 -1.0684589 -0.48291644 1.0908592 -0.12029267 0.78245914 -0.19414707 -1.2140522 -0.7025414 -0.07030866 0.7174966 -0.6535033 -0.580288 0.1152562 0.6413435 -0.6971103
D00525 0.70847833 -0.100294836 0.6973764 0.71796465 -0.52783805 -0.0021053588 0.06602337 -1.359385 -0.87495095 0.44960156 -0.73890835 -0.95278573 -0.10929615 -0.43779284 -0.19241804 0.1677807
D00760 -0.029540963 -0.57892066 0.19911686 0.39628717 -0.96989554 -0.84761554 -0.7734898 -0.8495392 -0.7839538 0.22292084 -0.4771064 -0.34034264 0.4116795 0.054988597 0.19846646 -0.713255
D00559 0.07247623 -0.9486997 -0.3081764 0.237549 0.009470096 1.0683095 -0.48499104 -0.8774078 -0.7534486 0.8848625 -0.71559215 0.08528433 -0.6940354 -0.036829386 -0.78363526 -0.43413526
hsa1910 -0.023950197 -0.98490036 -0.17010312 -0.32025066 -0.7825565 0.20114572 -1.3809944 -0.2967991 -1.2314998 -0.30194652 -0.6495511 -0.45832038 0.7723164 -1.0411886 1.4470911 -1.0175153
D02234 0.40224782 -0.116780244 -0.1255372 1.2814347 -1.0227083 -0.2208882 -0.77639925 -0.29940936 -0.44022352 0.20626563 -1.317455 1.3212407 -0.2663868 -0.9381383 0.98455507 -1.370652
hsa1241 0.50576496 -0.29034832 0.6561736 1.3460475 -0.03901085 1.0969245 -0.24339597 0.39929795 -1.0102938 -0.06020613 -0.35096338 -0.39210194 1.2585272 -1.0627077 0.93053955 -0.08339626
hsa5029 0.48127115 -0.6876515 -0.8860626 0.25062478 -0.7407328 1.0703363 0.41988614 -0.528439 -0.77137434 1.351679 0.047659613 -0.21327056 2.1833117 -0.16727313 1.2105364 0.80196744
hsa2550 0.7805246 -0.32550573 -1.0190637 -0.5769854 0.8687686 0.7889552 0.87107 -1.5897933 -0.085082784 0.92088765 -0.43354747 0.34185737 0.91918653 -1.215906 0.5387728 -0.9925136
D01386 0.73580307 -1.3659891 0.2582966 0.4805975 -1.0679306 -0.7725502 0.53276944 -1.2295008 -0.18459183 0.43572485 -0.3951869 0.3762212 -0.42903742 -0.252268 -0.3810784 -0.5480808
D01994 1.2343534 0.0853365 -0.55823714 0.68875206 -0.5764558 0.23913583 -0.64534664 -0.7332947 -0.49823597 -0.39694792 -0.6498467 -0.7672208 0.41316092 -0.24372093 -1.2998418 -0.1750188
hsa9283 -0.13295908 -0.619541 0.62147266 0.3062915 -0.43685094 0.50229585 -0.69664127 0.0029847054 -1.256941 0.1658815 -0.75551337 0.13420048 0.5806368 -1.1953838 1.4917839 -1.2661402
D01828 0.34120858 0.12745422 -0.5105195 -0.13612856 0.78781766 0.2651 0.27780122 -1.0028783 -0.13391593 1.0449039 -0.2576292 -0.040124126 0.3673122 -1.2702286 0.4573391 -1.0875764
D00397 1.0296935 -0.84616655 -1.3940679 0.49894786 0.20735191 -0.012062405 0.46511006 -0.80490965 0.6617361 0.1517809 -1.4556538 0.25846505 0.35821405 -0.10833537 0.66017544 -0.12135206
hsa5032 0.3905062 -0.5933871 -0.91853887 0.14499007 -0.6890787 0.83099437 0.26578772 -0.39179537 -0.69452834 1.0085016 -0.2771872 -0.25171843 2.058791 -0.25182325 1.0369855 0.9676395
hsa1909 0.09496187 -0.7369125 -0.2007609 -0.23600909 -1.1193148 -0.02102913 -0.79762 -0.33214024 -1.2745165 -0.49071294 -0.66774625 -0.23589714 0.5934649 -0.98862314 1.4579029 -0.9693796
D00769 0.57769567 -0.6141062 -0.76445895 1.6382354 0.58175975 -0.20929705 -0.23414715 -1.1682037 0.013107875 -0.14733183 -0.22784539 -0.54822564 0.33811644 -0.70929337 0.16059127 -0.4214685
D00779 0.30375034 -0.16677088 0.37898982 0.792855 -1.2473731 -0.93608284 -0.95097834 -0.95783406 -0.76429904 0.47404444 -0.87324476 0.019591589 0.49982354 -0.23363589 -0.12255346 -0.13066791
D00542 -0.11714427 -1.2248392 -1.8920476 0.6198569 0.36144075 0.93043643 -0.10831829 -0.4950988 -0.37523687 0.2623726 -0.42199168 -0.05860073 0.08010799 0.33965793 0.5367393 0.19317937
