hsa154 1.0592005 0.007375056 -1.1555748 0.4500496 0.44343004 -0.55508864 0.8681685 -0.49339953 0.18909755 -0.23597291 -0.6533699 0.7179003 -0.4762344 0.20515335 -0.024776181 -0.34546444
hsa153 1.366016 0.27512106 -0.9203378 0.4996427 0.5327489 -0.39436918 0.85137874 -0.35087776 0.18684968 -0.22407092 -0.37719008 0.8077015 -0.46055654 0.09597801 0.24049623 -0.26202
hsa148 1.0176207 0.46420944 -0.9946657 0.44887725 -0.27680713 -0.30088082 -0.06899083 -0.14404915 -0.24172331 -0.179264 0.263929 0.18611948 -0.6726148 -0.1266284 0.21998115 -0.9392328
hsa150 0.54935455 0.31317163 -0.9301163 0.09025018 0.1299765 -0.1938892 -0.045938037 -0.51024324 -0.15766339 -0.4632875 0.5890296 0.61363256 -0.52884495 -0.45118046 0.51470035 -0.6918396
hsa3269 0.80964553 -0.35745835 -0.4633346 0.08096591 -0.06190707 -0.15016162 -0.34130144 -0.20482258 -0.656601 0.75383556 -0.39908123 -0.13421917 0.2909426 -0.35623065 0.25133812 -1.2393224
hsa1128 1.1118757 0.06527385 -0.1346831 0.6613069 -0.5602667 -0.6714301 -0.9215397 -0.42089784 -0.3258684 0.59510016 0.110499434 0.57424057 -0.41002 0.06977714 0.346409 -0.67915934
D00454 0.6793578 -0.09850791 -0.8579195 0.83396983 -0.11397327 -0.46266273 0.08639769 -0.06297634 -0.39232028 0.54414433 0.2832572 0.32751867 -0.30520305 0.041231316 0.342059 -1.2830889
hsa146 1.0205795 0.17119458 -0.7935317 0.24627021 -0.012918223 -0.5802102 -0.21701327 -0.3703547 0.025956731 -0.28193566 0.47683063 0.40331066 -0.4761677 -0.32141414 0.12353256 -1.1342338
D00528 0.91185516 0.35507572 -1.3263787 -0.17479815 -0.12434427 1.0611992 0.40599006 -1.2219702 -1.1548051 0.67237216 -0.25597182 0.6357598 0.47854367 -0.07073253 1.2333835 0.29987857
hsa151 0.7748759 0.48578852 -0.8252599 0.41784406 0.27945596 -0.21480615 0.29362583 -0.50645226 0.0468431 -0.097618535 0.405196 0.4040568 -0.88138604 -0.53951967 0.2531652 -0.8246148
hsa1813 0.57891893 0.10689638 -0.95868284 0.67615545 -0.17754266 -0.0013490682 -0.38043463 0.13704874 -0.6516285 0.41114637 -0.023743702 0.54278654 -0.14910981 -0.020030743 -0.6843782 -1.1615454
hsa1129 0.85855913 0.39850724 -0.03935724 0.61442536 -0.55491745 -1.08777 -0.7057582 -0.31212294 -0.25284898 0.37821308 -0.4081726 0.5639372 -0.13103554 -0.08565119 0.29369667 -0.6846027
D00513 0.97278655 0.540228 -0.5199837 0.7728363 -0.022399986 0.011316746 0.029434009 -0.80344844 0.04653536 -0.11655166 -0.22495079 0.23610799 -0.8334352 0.27728954 0.07259081 -0.8350061
hsa147 1.0343864 0.2948776 -0.9000772 0.31846142 -0.27038953 -0.1938211 0.13183096 0.14164557 -0.16471118 -0.17586389 0.31040144 0.480871 -0.85456455 -0.42902723 0.067432515 -1.1762347
hsa3356 0.64062256 0.20947486 -0.56734174 0.9400422 -0.535754 -0.15937763 0.12773477 -0.53196734 -0.5303787 0.3606891 0.3962118 0.027332481 -0.440064 -0.102558605 0.32881072 -1.2329282
D02361 0.41394424 0.096383125 -0.57871103 0.6132765 0.06164896 -0.3112597 0.00021787686 -0.3773951 -0.6643869 0.22993973 0.17271912 0.028057232 -0.029947415 -0.18515995 0.22213116 -0.8650206
D00726 0.9895065 0.93869895 -0.377154 0.9676572 -0.2526748 -0.08090059 -0.3694151 -1.1545551 -0.31677392 0.4118764 0.01838287 0.08628977 -0.41457936 0.31951264 0.006560467 -0.93147326
D00493 0.7028722 -0.012643198 -0.65414244 0.72495306 -0.21787506 0.26443237 -0.39912912 0.21744747 -0.2107898 0.2869491 -0.1794917 0.42214638 -0.10260201 -0.116444945 0.41985258 -1.2616279
D00494 0.8595295 -0.18132429 -0.69588864 0.6795905 -0.54718167 -0.7570373 -0.5258566 -0.47739848 -0.18946455 0.23659705 -0.13353802 0.3206211 0.19889173 -0.09138707 0.13769877 -0.80505776
D02354 0.61115766 -0.029624648 -0.2085858 0.8491114 -0.7097331 -0.5448666 -0.42619482 -0.032433845 -0.8258369 0.62282264 -0.11974675 0.33793774 0.09468079 -0.090367585 0.45719582 -0.7937593
hsa152 0.8082211 0.6466706 -0.93478435 0.010318484 0.5022303 -0.15343606 -0.2751082 -0.36453125 -0.12249624 -0.61069095 0.6643754 0.54398984 -0.79107714 -0.69222444 0.21696128 -0.9594149
hsa155 1.1483929 0.4443231 -0.9846201 0.6163026 0.27663118 -0.22513376 0.72335124 -0.37702474 0.15809347 -0.28081366 -0.52248013 1.0239326 -0.43402693 0.29640567 0.005004533 -0.28810465
D00270 0.39704633 0.21173891 -0.88456666 0.6173051 0.3105846 -0.14457278 -0.5632221 -0.23799178 -0.20245747 -0.019646 0.14775498 0.57985276 0.24965914 -0.27367464 -0.080789156 -0.6772537
hsa1812 0.3577306 0.49353456 -0.8207785 0.8817289 0.346884 -0.39756295 0.049468525 0.24645534 -0.5000457 0.7214469 -0.20227526 0.4979747 -0.14169703 -0.3416564 0.045140218 -0.7532992
D00451 0.89332557 0.63764966 -0.4003802 1.032884 0.1798798 0.2503574 -0.41021028 -1.0479299 -0.37935904 -0.3166242 -0.5534763 0.05714114 -0.40205622 0.6993994 0.32915726 -1.1931412
hsa4988 0.62554073 0.021805525 -0.24405691 -0.20066793 -0.6355044 -0.63284254 0.064369544 -0.3010237 -1.0450661 -0.118126534 -1.070962 -0.048327006 -1.5706763 -0.53171724 0.14528129 -0.037615363
hsa1131 0.6847317 -0.05623312 -0.12528378 0.78677917 -0.780492 -0.94380355 -0.0909495 -0.44785258 -0.43879607 1.0762312 -0.20128304 0.7031206 0.040589444 -0.4105897 0.2670074 -0.77172613
hsa3352 0.5160979 0.49007112 -0.42018276 0.73910296 0.65365905 0.47500753 -0.6807803 -0.92684954 -0.15587361 -0.46651265 -0.80154395 0.2004039 -0.46809024 0.44401786 0.5400757 -1.1656556
hsa3577 1.8889576 0.29979974 -0.42600143 0.080725856 -0.9269731 0.720154 0.22869474 -0.0009016469 -0.32647476 -0.17703784 -0.0937414 0.49094945 0.3264087 -0.75376743 0.40501294 -0.035530798
D00996 0.9212224 0.29897842 -0.79202324 0.3350809 0.13826875 -0.41114298 0.5497693 -0.24846928 0.24967375 -0.12250597 0.09326069 0.7193222 -0.37322462 -0.20312677 -0.27278495 -0.96158916
hsa1814 0.5230409 0.72210974 -0.63025343 0.82493687 -0.15354621 -0.110211216 -0.54290485 0.21363078 -0.44344798 0.5764734 0.119068645 0.6176584 -0.049280886 -0.3348947 0.106979825 -1.0179901
D00775 1.0871941 -0.64943975 -0.55100244 -1.3538182 0.69207865 0.18146192 -0.29070705 -0.6910874 0.36742076 0.8714999 0.0005930122 1.8527523 -0.78838724 0.04507079 0.19260752 -0.7057374
D02149 1.0626329 0.34805474 -0.7758046 0.35282096 0.22366723 -0.32412764 0.53351396 -0.100433804 -0.037466105 -0.050749354 0.2258441 0.56982607 -0.45095056 -0.2686753 -0.11467403 -0.7880011
D00437 1.1618639 0.51365405 -0.5958806 0.2486141 -0.08707211 -0.3246876 0.40758923 -0.25723904 0.31329694 -0.16503474 -0.02235689 0.65969956 -0.527729 -0.29942006 0.46885225 -0.40858796
hsa3274 0.52019864 0.49104315 -1.8704934 0.5192535 -0.20251507 0.4633313 -0.0540887 -0.9436214 -0.09088753 0.7431449 0.040774636 0.18648338 -0.34317043 -0.011184773 0.12818322 -0.32889247
D01713 0.7286336 0.16161315 -1.0705957 0.2664913 -0.36977172 0.09002974 -0.045404844 -0.5059947 -0.14137307 -0.09827458 0.6742782 0.3072211 -0.42317048 -0.15992823 0.2701469 -0.8413194
D01973 0.34684858 0.5311433 0.11852634 0.88768667 0.31467205 0.055542137 -0.2899236 -0.3893323 -0.41090605 -0.14825046 -0.46211678 0.688547 -0.38149965 0.3347623 0.9687267 -1.5657723
hsa3351 0.68440163 0.51056737 -0.14982305 0.7417903 0.29746634 0.23595925 -0.56183237 -0.91263646 -0.3285498 -0.19089264 -0.63203317 0.35537046 -0.39833263 0.7356155 0.723823 -1.377552
D02340 0.91691244 0.09342319 -1.0818887 0.038108695 -0.6077856 0.5158957 -0.47448242 0.45106685 -0.51158047 0.5274369 0.41234347 0.4238807 -0.09062156 0.06055631 0.33270526 -1.3500142
hsa3358 1.0874169 0.26641068 -0.19494537 1.2698764 -0.5588584 0.08715206 0.13736504 -0.93611777 -0.42567217 0.027696658 0.22617115 0.2108525 -0.42916128 0.2817484 0.0021788622 -0.9256202
D01358 0.860124 -0.14187579 -0.6578917 0.5034951 -0.32565698 -0.19743358 0.0028959154 -0.27567297 0.1047837 0.31965584 0.5341936 0.37727976 -0.6520111 -0.5018156 0.6121592 -1.1785413
D03621 0.99889374 -0.11607601 -0.1845314 0.2540807 -0.41484866 -0.21317083 -0.13123952 -0.66609335 -0.13423856 1.2696649 0.13246289 0.13736604 0.016673455 -0.8938986 0.5854048 -0.62909704
hsa3360 1.0197064 0.6451914 -0.1157669 0.65004677 0.14005752 0.4243379 -0.8545851 -1.0152237 -0.26420024 0.6866826 -0.26019922 0.399974 -1.4295254 0.38286862 -0.41177776 -0.49537978
D00180 0.42650086 -0.10578675 0.36860535 -1.0598701 0.20770364 -0.32947904 -0.09333366 -1.80847 -2.0676014 0.024896884 -0.3465729 2.2298632 0.07776362 0.3562904 0.35027027 -0.54612017
D00503 0.7805346 0.2811922 -0.9028138 0.633576 -0.34723172 0.40703672 -0.02905131 0.5071518 -0.3067294 0.08223642 -0.16367552 0.3972472 -0.014378119 -0.13173227 0.33990803 -1.3241427
D01051 0.64454955 0.73220456 -0.31531176 0.22308727 -0.5548241 -0.4864522 0.1873456 -0.33685702 -0.33180657 -0.036774464 0.0035463567 0.14012405 -0.4717813 -0.55784106 0.022900913 -1.2632183
D00136 0.50335103 0.7661285 -0.026617479 0.3217658 0.18256937 0.10161403 -0.69187516 -0.11139463 -0.49851668 0.27534235 0.15411691 0.85568935 -0.26243398 -0.524089 0.046415996 -1.46681
hsa1132 0.9422713 0.0064745243 -0.21322176 0.9816121 -0.6767177 -0.83027935 -0.52037686 -0.33036286 -0.028081711 0.84611905 -0.09656416 0.825757 0.1468715 -0.11965074 0.4452607 -0.47313562
D02671 0.26222914 0.17893548 -0.2797398 1.1416414 -0.04980653 0.016625408 -0.32865626 0.038476557 -0.8024161 0.7559081 -0.12245619 0.3408202 -0.48093095 -0.12001724 0.50447863 -1.3157935
D02356 1.3860551 0.42629212 -0.4360088 0.36818975 0.050837897 -0.6940424 -0.71113175 -0.5367365 0.051184252 -0.30961978 0.54274327 0.4170413 -0.658238 -0.34939724 0.29803663 -0.76317483
hsa3350 0.732734 0.7866266 -0.19903816 0.9666096 -0.19732797 -0.055432025 -0.1289327 -0.5616262 -0.30726784 -0.2057932 -0.070044935 0.21405892 -0.3648687 0.15228541 0.050962694 -1.5126143
D02070 0.85592306 0.40022343 -0.080190174 0.37884742 -0.8574791 -1.4400182 -0.22802751 -0.09336857 -0.25116256 0.74623704 -0.29215255 0.86812615 -0.24683478 0.28950226 0.6529661 -0.52955073
D03879 1.1746451 0.16315475 -1.0603914 0.90665287 1.1276243 -0.001381272 0.24642643 -0.61562514 0.38177818 0.14638703 -0.7510036 0.80104524 -0.42377156 -0.1588355 0.27204987 -0.013607366
D05129 0.6325498 0.041040257 0.12986839 -0.2932804 0.10678206 -0.1025162 0.018748393 -0.6898007 -1.3349701 0.352626 -0.7415678 0.20425408 0.98557234 -0.6844698 0.8423298 -1.298309
D03858 0.48546976 0.60251164 -0.12752603 0.48349684 -0.99919 -1.0119821 -0.37191296 -0.75122803 -0.4575842 0.96351707 -0.17614327 0.5170044 -0.12522472 -0.5304667 0.16514486 -0.9766731
D01295 0.35737804 0.23167379 -0.8131683 0.85420686 -0.015646214 -0.27162477 -0.23865117 0.0058836984 -0.64544904 1.3311257 -0.24823734 0.51819265 -0.026631627 -0.773538 -0.2914922 -1.0749644
hsa134 0.2937177 -0.1770545 -1.6020516 -0.8257784 -0.03565124 1.0050195 0.31776375 -1.4391859 -0.9646984 0.80408245 0.050760247 1.1182007 0.5722453 -0.16278222 0.753 -0.002907209
D00411 0.2777298 0.688079 0.39398754 0.7959199 0.5174826 0.4333718 0.09888325 -0.58907396 -1.4523383 0.46075588 -0.929885 0.40408626 0.04788257 -0.56016016 0.8201093 -0.899228
D00113 0.9301996 0.32464656 0.3221867 0.6159644 -0.7604854 -0.74748886 -0.70429534 -0.5978124 -0.31509468 0.69963366 -0.106764324 0.74092025 -0.31491667 0.1850652 0.3304898 -0.19466563
D00613 0.52940315 0.54605985 -1.0572876 1.0329374 0.82798934 -0.33886814 0.19108553 -0.26403514 -0.19117503 0.393915 -0.07458091 0.4667596 -0.4065127 -0.6925177 0.5628168 -0.2895622
D01164 0.50996697 0.29565066 -0.5048269 1.1461517 -0.40571088 -0.036206443 -0.32324257 -0.38268316 -0.2355711 0.044028036 -0.03922607 0.5724391 -0.15090658 0.04632699 -0.11410701 -1.3255061
D00563 0.8025492 -0.08246907 -0.5454184 0.7965283 -0.45954707 0.19279614 0.15518525 -0.8049621 -0.29916584 0.84276295 0.8226512 0.2096 -0.42982706 -0.5087946 0.41761965 -0.9595895
D01390 1.1568351 0.49185282 -0.8220813 0.063652806 0.13744861 -0.19803222 1.0830548 -0.4546173 0.3468443 -0.17326163 0.03793224 1.2161238 -0.3774908 0.17169562 -0.22870477 -0.6798917
hsa185 0.87260157 0.6920824 -0.1860009 -1.1640124 -0.36042428 0.06975434 -0.044588186 -0.50609267 -0.7977754 -0.62066996 -1.4784086 0.45574778 0.33344936 -0.95773864 1.1232812 -0.1678184
hsa135 0.5874079 0.11197796 -2.1441104 -0.4611943 -0.38163042 0.79607356 0.1420413 -1.3106546 -1.1255932 1.1156552 -0.32616743 0.5934346 0.66318285 -0.13518561 0.79098797 0.30170524
D01603 1.140894 0.17385893 -0.87105155 0.3817428 0.09061571 -0.48384994 -0.094159275 -0.39621243 -0.09638542 -0.3810297 0.2575447 0.14692444 -0.8851697 -0.5496299 0.4074452 -0.8787078
D03274 0.20034918 0.18848877 -0.9351203 0.033082977 0.22629444 -0.15346122 -0.21900538 -0.14759947 0.009902844 -0.46148264 0.1758505 0.91178286 -0.051680636 -1.3598841 0.05938264 -0.88240844
hsa1816 0.13169244 0.31123143 -0.9770742 1.1694701 0.1794809 0.004348442 -0.050770123 -0.14166468 -0.41097516 0.77643037 -0.03373102 0.53666675 -0.24227752 -0.27144697 0.1936082 -0.8270276
D01871 0.5523394 -0.39435732 0.09258494 0.74698144 -0.48625618 -0.70684266 -0.32027757 -0.27724883 -0.13419822 0.51763505 0.017876392 0.61958003 -0.22640212 -0.08549366 0.92510253 -1.1184821
D01454 1.2413974 0.57587343 -0.8272561 0.27401662 0.012036368 -0.37690568 0.90365076 -0.6568726 0.1372734 -0.37201276 -0.23865367 1.0363965 -0.70815736 0.611915 -0.1786378 -0.29709443
D00419 0.76568294 0.2669807 0.5464982 -0.5798354 -0.13186488 -0.38740554 -0.5508598 -1.7333223 -2.1974452 -0.4381752 -0.5074372 2.5871108 0.3327037 0.6240149 0.2022712 -0.6214955
D00483 1.2130713 0.022706484 -1.0124447 0.89133877 0.2947071 -0.2012246 0.7944235 -0.38920274 0.072163224 -0.5269533 -0.3239956 0.92254424 -0.4844928 0.32088545 -0.22075035 -0.31098327
D00609 1.1774583 0.6843021 -0.5909649 0.33921912 -0.21180911 -0.24169913 -0.021022037 -0.4612327 -0.1432897 -0.13105617 0.5213405 0.2795647 -1.1011007 -0.50224996 0.12149188 -0.9241287
D02150 1.0157095 0.6616462 -0.78478926 0.29449058 0.012002194 -0.23372689 0.9668616 -0.42104226 0.17158546 -0.28370675 -0.13680075 1.1991148 -0.19188033 0.1431337 -0.042880077 -0.37905312
D00281 0.5803864 0.28929418 -0.9015574 0.080139756 -0.0075064944 -0.04546137 -0.17597057 -0.6361577 0.076229945 -0.68685025 0.73498666 0.5537525 -0.8729265 -0.39563417 0.6279044 -1.2116325
D02578 1.1770091 -0.15930489 0.2126903 1.3438332 -0.24362753 0.49725875 -0.33028612 -1.1172792 -0.21121283 -0.6382642 -0.10318422 0.3158615 -0.8055265 -0.63033056 0.26255313 -0.22657391
D00300 1.0501702 -0.79658383 -0.74734807 -0.18124233 -0.3308306 0.06499151 -0.38834247 -0.6533912 0.056722254 0.6044725 -0.33512294 -0.021078574 0.12011153 -0.3074652 0.20508319 -0.4945573
D01022 0.80310804 0.6495309 -1.2014525 -0.16726157 0.07271202 -0.21358961 0.28425047 -0.34723586 -0.1675938 -0.41070193 0.6378949 0.42783922 -1.0596246 -0.29038563 0.00960997 -0.92557395
hsa5731 0.50376076 -0.35553336 0.033892617 -0.6570687 0.19078302 -0.10013477 -0.17666376 -1.5295342 -2.5571651 -0.2646177 0.03689315 2.3053322 0.055652067 0.566651 0.10165626 -0.65493226
hsa5739 0.7207288 -0.30258626 0.46207175 -0.5598109 0.5603975 0.06067615 0.039034225 -1.5165838 -2.6108005 -0.28351983 -0.17470291 1.9369074 0.17055525 0.58502096 0.34370175 -0.78424513
D00274 1.3733222 0.5854579 0.18859379 0.4729408 -0.2294164 -0.29183304 -0.854533 -0.08131497 -0.51717097 0.43173593 -0.021090794 0.46651956 -0.9802187 0.015849328 -0.21415628 -0.70894504
D00790 0.70842403 0.15791549 -1.0197744 0.82138294 0.44328046 -0.4586633 -0.7919762 -0.17067304 -0.53779197 0.14652394 -0.18839021 0.22358719 0.57560134 -0.54673773 0.33527708 -0.9100766
D00079 0.29372793 -0.22185259 0.3282364 -0.80755115 0.103015594 -0.11818206 -0.01732312 -1.7965767 -2.2960284 -0.27439004 -0.34216666 2.3610022 -0.13072589 0.42316753 0.029973386 -0.55152816
hsa8843 1.0235748 0.6693959 -0.012123005 0.47089377 -0.47177717 0.18200676 0.11274942 -1.5023996 -0.7296825 1.2112272 0.5987771 -0.09126128 0.19596502 -0.2719064 0.41318956 -0.104505755
D02566 0.71992975 -0.4266055 -1.0290275 0.29495993 -0.38381207 0.012075284 -0.39926538 -0.7177109 0.33326456 0.34486312 -0.4387577 -0.0999347 -0.44097576 -0.25196692 0.36957094 -1.2211871
hsa1133 0.83673483 0.03975132 -0.42755917 0.4595284 -0.6127361 -1.1325046 -0.2949594 -0.008611177 -0.357174 0.3413101 -0.15976995 0.34569243 -0.1280656 0.044649336 0.6778332 -0.750743
D00227 0.73086286 -0.15782873 -2.112838 -0.47520635 -0.38732946 0.6186279 0.14186944 -0.9085603 -1.1915512 0.6650034 -0.47663897 0.5218789 0.74220884 0.077326745 0.8303725 0.4374534
D00234 0.45060578 -0.34624308 -0.8721157 0.3276993 -0.5457959 0.097928084 -0.61018056 -0.1593865 0.191778 0.69536316 -0.748408 0.4471756 0.18180315 -0.8384305 -0.2272032 -1.3633636
hsa5733 0.8688721 0.15832345 0.36774185 -0.2872146 -0.2794807 -0.16711831 -0.6381599 -1.3637841 -2.1602898 -0.48507056 -0.5176716 2.4826355 0.8464925 0.6294194 0.06398857 -0.8167498
D00607 0.5963971 0.418566 -0.94755715 -0.096959256 0.15145598 -0.26502788 -0.006436914 -0.1880954 -0.27951735 -0.5115691 0.2409037 0.32516155 -1.0649344 -0.4813165 0.24123107 -0.79221934
D00371 0.67839026 -0.17007689 -1.8718034 -0.34065628 -0.52842635 0.566381 0.0043055546 -0.78302085 -1.0237718 0.4358215 -0.12755968 0.86847264 0.3349872 -0.041317478 1.2985141 0.5632742
D00480 0.9750112 -0.2087434 -1.3855205 0.56474966 -0.018980354 -0.9014022 -0.74636495 -0.39125165 -0.7166208 -0.030723266 0.05236107 -0.12766197 -0.014347997 -0.29434484 -0.02317725 -0.5556205
D01352 0.18554896 -0.43999478 0.0019021966 -0.5151497 0.37188435 0.063968115 0.066501066 -1.6155965 -2.7366025 -0.26097578 -0.40731716 2.0487716 -0.015527376 0.45633888 -0.059958782 -0.67888117
D00645 1.7199244 -0.6551862 -0.56480247 0.75664324 0.798267 0.033264864 0.560862 -0.019365773 -0.34870368 -0.11702853 -0.15163623 0.291116 -0.11962399 -0.12451864 0.81023777 -0.06773949
D02725 0.36558896 -0.07477764 0.010400481 -0.3697194 -0.35115433 -0.015941221 -0.31855384 -1.529542 -2.4649072 -0.6990011 -0.29791802 2.6120296 0.4412726 0.77092904 -0.22540307 -0.43681192
D02066 0.9682834 0.6063697 -1.0918344 0.57275915 0.61206114 -0.21163829 0.6899364 -0.44027537 -0.0014934884 -0.5784431 -1.3344712 1.0544353 -0.21190321 0.66784304 -0.09144448 -0.3277989
D02884 0.5729682 -0.24714576 -1.800856 -0.6487414 -0.1958845 0.8550878 0.44875428 -1.131579 -1.2603076 0.6282409 -0.29030883 1.3188839 0.6906159 -0.069338664 1.0310211 0.5673659
D02237 0.746597 0.3176069 -0.60543036 0.23874776 0.08652062 -0.21114431 0.07875325 -0.33976352 -0.4050969 -0.47324735 0.4890534 0.3780666 -0.53122336 -0.7188839 0.3288145 -0.9359751
D01712 0.6056654 -0.08702065 -1.9377804 -0.3279939 -0.50780654 0.65973085 0.48881263 -1.092544 -1.2612008 0.66590047 -0.20738171 0.91808444 0.47219825 0.021898836 1.0408398 0.5779941
D01024 1.3283712 -0.14672081 -0.97212374 0.30147535 -0.067976885 -0.9274802 -0.08583494 -0.3983778 -0.33210063 -0.15182135 0.40355575 0.077346206 -0.47543517 -0.54110557 0.11921239 -0.73583513
hsa3355 0.8776927 0.6691362 -0.20833448 0.64614123 -0.27597493 0.10583381 -0.3105079 -0.792508 -0.14388025 0.011925375 -0.26321635 0.13977827 -0.5944142 0.5005015 0.35714352 -1.287595
hsa3357 0.6136153 0.58671105 -0.28436333 1.0897171 -0.1535452 0.04182583 -0.3023563 -0.76128143 -0.26951188 -0.10359348 -0.16360204 0.43713555 -0.44541222 0.32428616 0.1317237 -1.2816739
hsa2918 0.96594125 -1.0213071 -0.62016237 -0.82240206 0.6287066 -0.06165029 -0.29423672 -1.0240561 0.482844 1.0603462 -0.3651532 1.9982617 -0.38772425 -0.110035904 -0.38092354 -0.75457615
hsa136 0.6111892 -0.12607528 -1.8828027 -0.17418748 -0.099775545 0.9457909 0.37282693 -0.9145871 -0.90595675 0.76120627 -0.070414305 0.91343 0.3186009 0.24820188 1.2124387 0.3881602
hsa59340 0.58226395 -0.29196888 -1.3187963 0.19685179 -0.88704216 0.27677774 -0.81049025 -0.6746404 0.40304357 0.58846986 -1.1099776 -0.064602256 -0.26453245 -0.28112665 0.1428505 -0.7986709
hsa4986 0.6845808 0.43243212 -0.3626112 0.15133706 -0.10193398 -0.30769458 0.12930633 0.2216305 -0.6340342 0.13108113 -1.3189708 0.8676914 -1.2021785 -0.85310084 0.63045233 0.29279408
D03966 0.40663046 -0.69617236 -0.43587977 -1.2917107 0.3744933 0.1620316 -0.3434161 -0.95753384 -0.13251224 1.3454106 -0.17091182 1.2310828 -0.70599306 -0.121522754 0.0272653 -0.7553437
D02338 1.1459259 0.027756914 -1.2828528 0.6683489 0.029890029 -0.29819086 0.97311777 -0.9566525 -0.01759355 -0.18001072 -0.428278 0.66977197 -0.3572011 0.40703875 -0.025046363 -0.17807768
hsa5732 0.885553 0.39813688 0.86970526 -0.6327452 0.00034389066 -0.3899043 -0.4365736 -1.6449249 -2.1487703 -0.18732026 -0.50686544 2.0504398 0.56166023 0.48567048 0.71254426 -0.6224502
hsa11255 0.7428262 -0.32879767 -1.0881239 0.45331192 -0.70989084 -0.17176642 -0.6632824 -0.85859233 0.3649133 0.5533387 -0.5290426 0.085229546 -0.0068274816 -0.53264076 -0.11923211 -0.9855871
D00432 0.97146773 0.5397045 -1.0554823 0.2764208 0.14964753 -0.04630516 0.75549597 -0.08372962 -0.22195467 -0.3054294 -0.60254794 1.0561987 -0.9132295 0.67045486 -0.04257249 0.04762527
D00540 1.0444942 0.42875633 -0.14293274 0.26012957 -0.6929239 -1.3148674 -0.6762863 -0.14261885 -0.30544138 0.51154566 -0.23758811 1.0859996 -0.5937298 -0.17785083 0.10866474 -0.09420856
D00498 0.6042165 0.17064299 -0.87158114 -0.14805683 -0.42426538 -0.44894958 0.21423362 0.018371606 -1.3727864 -0.3370606 -0.58526963 0.47120476 -1.631196 0.019002846 0.12887086 0.13635965
D00336 0.7796987 0.37666792 0.2564243 0.94724154 0.5479837 0.30172017 -0.5449562 0.24913955 -1.2104924 -0.003946103 0.17679262 0.81140184 -0.34894642 0.005972817 0.24971783 -0.956645
D00632 1.2472855 0.07711295 -0.614074 0.73813814 1.168318 -0.37924942 0.6035277 -0.77006996 0.61433756 0.0039613782 -0.7510986 1.0892719 -0.5164093 -0.30475134 0.17548092 -0.28242093
D00283 0.88460326 -0.34527993 -0.7311811 0.36944017 -1.1309785 0.46042302 -0.23381107 0.27045214 -0.5768199 0.75994605 0.2667819 0.36006767 -0.3672831 -0.014443497 0.55309504 -1.2540493
D00110 0.7181821 0.67823535 -0.4370279 0.59848297 -0.1520395 -0.7252509 -0.40100124 0.43007103 -0.19945684 0.54501057 -0.6358599 0.89545155 -0.7468197 -0.40619323 0.48736244 0.15866455
D02342 1.41153 -0.14515975 -1.2754412 0.39693016 0.5900199 -0.7415814 1.3543056 -1.2560374 -0.18635702 -0.38724542 -0.9231207 0.52775544 -0.33648905 0.5068748 0.09156122 -0.12191715
D01891 0.61512333 0.3161006 0.40676174 -0.23723844 -0.3705814 -0.22162664 -0.447586 -1.6100066 -2.3105638 -0.55362433 -0.5290188 2.8693485 0.6422792 0.70370907 -0.07053193 -0.5435103
D04979 0.7562479 -0.19175267 -0.47415265 0.63968945 -0.61078197 0.48697016 0.025712866 -0.37813893 -0.3619241 0.66144323 0.11544684 0.13508421 -0.45031986 -0.43479273 1.1067331 -1.1884903
D02359 1.5491933 -0.5982142 -0.41087788 0.47742313 0.8817363 -0.5234304 0.1718409 -0.53549397 0.5062888 -0.3243972 -0.4321948 1.1979802 0.30438992 -0.057246316 -0.1471413 -0.28927323
D04034 0.48868883 0.3934298 -1.0220925 0.37226057 0.43163943 -0.22715728 -0.233258 -0.25879824 -0.108774036 -0.7363851 -0.06725017 0.6029142 -0.09167584 -1.3333097 0.34289926 -0.74606264
D02721 0.18199173 -0.39720985 0.0023059435 -0.9341646 0.25017968 0.13084474 0.19844417 -1.729248 -2.4866035 0.02524425 0.12186169 1.9288095 0.013454322 0.37926164 0.46127522 -0.52422863
D01020 1.0327736 -0.0724671 -0.85332507 -0.11320493 -0.031834178 -0.3433636 0.5373058 -0.22329254 0.16438448 0.018095104 0.36488137 0.69736594 -0.72758436 0.37681624 0.36953667 -0.69954306
D03881 1.6830462 0.15582179 -0.6233896 0.23144513 1.1018138 0.018031435 0.14537333 -0.65599847 0.3336066 0.258511 -0.3910111 0.34499165 -0.6988816 -0.2432194 -0.16719337 -0.3789362
D02234 0.58430856 -0.18670754 -0.8847063 -0.1168728 -0.69428337 -0.36664668 -0.18424642 -0.30996564 0.35469246 -0.3538948 0.04622297 0.8048903 -0.5944602 -1.3176278 0.18707027 -1.1436436
hsa222545 0.20808342 -0.29661345 0.043497447 -0.768623 0.68776304 0.48117104 0.70559007 -1.47711 -0.72442067 1.120274 -0.008775761 2.1906776 -0.2610702 -0.29619038 -0.41205594 -1.2834888
D01118 0.952022 -0.1918002 -1.2178453 0.72999924 0.22893685 -1.2391595 -0.6548348 -0.54623204 -0.4561028 0.07539053 0.22685087 0.13233843 -0.2712855 -0.4384352 -0.282315 -0.6549207
D00665 1.0047746 -0.038433127 -0.14667913 -0.6684269 0.5010718 0.011571318 -0.4619999 -0.33906227 -0.64475113 0.241115 -0.27785164 -0.0972911 0.58766496 -0.298582 0.064913966 -1.5125958
D00106 0.104482666 -0.40152222 0.14859372 -0.79725236 0.41403458 -0.010239524 0.32630953 -1.9199859 -2.4290571 -0.061588 -0.1590106 2.1540396 -0.35081142 0.3610373 0.20493585 -0.49285817
D02614 1.5348049 -0.17637558 -0.4872568 0.92516035 0.98549813 -0.15942836 -0.005847864 -0.78653413 0.41033745 -0.69085085 -0.40975714 0.870805 -0.116514795 -0.2052978 0.0031854669 -0.65633374
D01965 1.2223388 0.41987854 -0.46861053 0.28127638 -0.38682124 -0.7479433 -0.25475094 -0.4114948 -0.53880346 -0.18961924 0.47339234 0.029116366 -0.65551835 -0.4720822 0.14457291 -0.89666724
D00232 0.870944 0.307747 0.06674119 0.8440098 -0.53351706 -1.1216129 -0.27098137 -0.71732914 -0.25722533 0.8654435 -0.37209707 0.6684254 -0.02369778 0.001918328 0.12172552 -0.35936818
D02358 1.2774831 -0.09147852 -1.2903128 0.8486217 0.33932278 -0.3061207 1.3957028 -0.99189854 -0.46931183 -0.2743947 -0.43445662 0.5451548 -0.5534731 0.6512972 0.13255925 0.0368581
D00604 0.50128984 0.090931006 -0.53437287 0.12029301 0.40737817 0.023814995 -0.36227676 -0.50621337 -0.033223487 -0.20618813 0.9920858 0.7820813 -0.89812654 -0.43420693 0.39893284 -1.1751112
D05312 0.9028878 0.04495473 0.040454514 0.15872455 -0.41596276 -0.33862022 0.074442804 -0.1574518 -1.1211048 0.037480142 -1.522773 0.5924738 -1.5652579 -0.52105075 0.8344826 0.31339616
D01227 0.32200146 0.67827296 -0.49936932 -0.16404408 0.36053476 -1.2711172 -1.3044943 -0.7820212 -0.8243166 -0.31844902 -1.7719948 0.43436217 -0.27317905 -0.6414795 0.6742935 -0.26603287
D02327 1.0130533 0.15548241 -0.17537752 -0.4500539 -0.07740869 -0.17502438 -0.6634617 -0.87315255 0.010935799 0.2577256 -0.8148807 -0.1787278 -0.21605493 0.37081757 0.0905674 -0.8271271
D00059 0.49638844 0.3506056 -0.35255066 -0.18653175 0.5651255 0.2888897 0.45899975 -0.07599097 -0.65167165 1.0472381 0.07009094 0.97948986 0.5716824 -0.29717118 -0.509798 -1.197432
D02147 1.2558181 1.1657294 -1.0834402 -0.035920072 0.013216446 -0.07698826 1.266083 -0.39971873 0.11785808 -0.65948117 -0.14519218 1.4471616 -0.48416042 0.29396144 -0.4244525 -0.4123236
D00397 1.279433 -0.51344407 -0.18314461 0.5602032 -0.23239508 -0.51417774 -0.5772715 -0.64176583 0.70645297 0.5960335 -0.38920093 0.8712545 0.43341085 -0.34423816 0.2341414 -0.34926325
hsa57105 0.5306808 0.4269555 0.10243956 0.38606083 0.024882888 0.34015033 0.46968102 -0.8718581 -1.6171227 0.62401015 -0.59870195 0.18989736 0.656215 -0.82130367 1.2090302 -0.8551542
D04006 0.77165127 -0.20049253 -1.8984615 -0.25201115 -0.24112582 1.0275466 0.47864512 -0.9717762 -1.2784594 0.7364044 -0.48433173 1.0285606 0.4597616 -0.100722976 1.6026078 0.59889257
hsa2913 0.5990633 -0.8947863 -0.55801773 -1.3399271 0.7794926 0.14369175 -0.065023236 -0.90226203 -0.104233205 1.1654245 -0.00516866 2.0225277 -0.9250963 -0.049313866 0.031820424 -0.6675418
D00426 0.98596996 0.2782608 -0.90993434 0.5166075 -0.42351395 -0.015968788 0.102524444 0.020928437 -0.13296315 -0.02869958 0.09034669 0.24303587 -0.4329553 -0.60771924 0.1701893 -1.2661983
D00356 0.38441935 0.2042333 -0.021445783 -0.12976766 -0.29807943 0.119226724 -0.33210963 -1.7114149 -2.4493427 -0.8157651 -0.41573894 2.9060197 0.53709453 0.9128197 -0.37396196 -0.45232147
D00235 1.1741875 -0.522232 -1.3071371 0.2346439 0.48105854 -0.5691436 1.409764 -0.716137 -0.30110982 0.0339175 -0.28959835 0.7462237 -0.52904314 0.604659 0.023037724 -0.5024472
D03490 1.3797137 -0.17035638 -1.2199621 0.6123957 0.53819513 -0.34889895 1.2772688 -0.5553459 -0.42800152 -0.050941233 -0.50181466 0.7892826 -0.4023077 0.3220043 0.16323172 -0.3388531
D04040 1.0723933 0.90561897 -0.10673936 -1.1392128 0.08513009 0.17503181 -0.55488694 -0.46289858 -0.83828616 -0.46318385 -1.3264776 0.26566595 0.82503915 -0.45391363 0.7700526 -1.0249155
D00687 0.6861361 -0.30794564 -1.1818727 0.83174443 0.5442144 -0.19944547 0.74746037 -0.88509417 0.30966502 -0.40725106 -0.9533277 1.0519646 -0.10777173 -0.96454 -0.08762819 -0.13941434
D00521 -0.15095623 -0.3783316 -0.38190886 0.5835653 -0.8318834 -0.5356671 0.2330911 -0.45036933 -0.5458818 0.79354626 -0.96854013 0.40206257 -0.3069801 -1.015834 -0.2687845 -1.2770404
hsa3362 0.50797623 0.4678672 -0.68053037 0.921658 -0.27694756 0.16347285 0.0013336438 -0.7874564 -0.1327246 0.40078 -0.16980822 0.1622796 -0.27099532 0.54405177 0.11490575 -0.86237705
D00779 0.9649198 0.5889289 0.10921092 0.003465592 -0.8133649 -1.129217 -0.790339 -0.6666229 0.012574563 -0.13059936 -0.26557967 0.88532174 -0.28701884 -0.15700309 0.7466691 -0.74219334
D05246 0.9306113 1.018423 -0.2971549 -0.9082588 -0.20727903 -0.67255133 -0.8494732 -0.89958024 -0.34055424 -0.6081861 -1.5215955 0.23418304 0.17921321 -0.7928588 0.7453501 -0.97777224
D00606 0.7287835 0.1926299 -0.6322762 0.36804318 0.30347884 0.10110024 -0.3885323 -0.92958534 -0.03536747 -0.8500877 0.6939439 0.5972276 -0.8956273 -0.81777054 0.34146515 -0.5490198
D02250 0.260422 -0.523834 -0.25640863 0.28697574 -0.3099616 0.17436974 0.9872629 -0.7250325 -0.78467035 -0.0074857958 -1.8574932 0.95753974 -0.7789254 -1.4422119 0.24759653 -0.19832696
hsa3354 1.1437638 0.6972963 -0.15243347 0.7297766 0.20877959 0.2492808 -0.18118481 -1.0271176 -0.2947723 0.02437254 -0.50296736 0.022004705 -0.74725604 0.3598977 0.43274978 -1.2781279
hsa6752 0.25913212 -0.23118666 0.1205842 0.082406566 -0.3601855 0.21317539 0.6855257 -0.55393803 -0.86397064 0.039008915 -1.4848135 0.9558489 -0.88514537 -1.4370557 0.49615815 -0.01895314
hsa7201 1.32858 -0.25929618 -0.38853496 -0.6208059 -0.25932637 0.80516034 -0.785209 -0.07782586 -1.0937133 0.5673593 -0.9989336 0.97215515 -1.5855464 -0.5856352 -0.5325067 0.16173843
hsa10800 0.42803207 0.41434675 -0.30832222 0.037258122 0.16293588 0.95839036 0.23477614 -0.7666345 -1.2959325 0.54553014 -0.8073098 0.43562394 0.78883034 -0.31662574 1.347897 -1.015047
D05938 0.63303876 0.2364599 0.24529743 0.0022461421 -0.6779177 -0.590377 0.38988256 -0.5971655 -0.89505225 0.41587412 -0.35700393 0.19109328 -1.3423799 -0.7363962 0.15108247 -0.4771794
hsa2912 0.92820376 -1.0132172 -0.8803324 -1.5804242 0.69350576 -0.07749508 -0.087004244 -0.88596815 -0.09043983 1.2019862 -0.21698596 1.8470193 -0.9752008 0.13509865 0.15242162 -0.5418752
D00675 0.55538285 0.22007063 -0.7033253 0.6803024 0.8361516 0.12942772 -0.76682055 -0.86894 -0.22110876 -0.09764359 -0.6145095 0.543702 0.5708422 0.45043975 0.4793698 -1.3447675
D01782 0.975087 -0.80696374 0.11732287 0.32861418 0.16714841 -0.20375139 -0.4650423 -0.13770595 -0.31965363 1.0190637 -0.06400712 0.17104954 -0.21055861 -0.23657887 0.74334 -1.0838553
D00676 0.9121552 0.3834277 -0.09876918 0.31796774 0.15325716 -0.0030971495 -0.8760129 -1.1036606 -0.14819074 -0.3721105 -0.83393997 0.022349736 -0.27155527 0.7310818 0.6322991 -1.4862278
D00635 1.1929489 -0.23146023 -0.86435664 -0.16847089 0.38457862 -0.39688107 1.1778822 -1.2383717 0.29443142 -0.10680975 -1.1892042 0.101946875 -0.59087396 -0.17749782 0.28229678 -0.23121871
D00306 0.59492755 0.17298304 -1.858212 0.17233405 -0.7564546 0.021176565 0.022703372 0.27868214 -1.1790403 0.046593513 -0.41671896 0.5261055 -1.2541289 0.91218275 0.18526873 0.49615842
D01717 0.71233344 -0.036377512 -0.50862765 -0.6263797 0.12430772 -0.09420828 -1.151994 0.044727836 -1.0225399 1.4103109 -0.39070618 -0.039901793 -0.1945937 -0.60210586 0.21534926 -0.93860483
D06396 1.1835924 0.0734036 -0.1277047 0.3394653 -0.021905899 0.54598117 -0.8884903 -0.15479636 -0.5868783 0.65429085 -0.17007966 0.75313526 -1.6002436 0.38501874 -0.4055127 -0.14667243
D02826 0.5347775 0.1338946 -0.6393527 0.3339962 0.12011622 0.39059597 -0.703979 -0.76311237 0.523849 -0.0015426576 -0.3123254 0.41128188 -0.8884282 0.596769 0.75637186 -1.509009
D00646 1.231626 -0.04414087 -0.33330303 0.7666546 0.104124166 -0.74067855 -0.71064985 -0.29398707 0.0008549541 0.3700318 -0.101659805 0.7810842 0.04142986 0.015243333 0.04660307 -0.43174705
hsa2916 0.89478105 -1.1967292 -0.8366979 -1.3971002 0.73299915 0.053649038 -0.17355472 -0.6282667 0.26133463 1.3755982 -0.21252702 2.1630428 -0.8246355 -0.0717585 0.03653612 -0.7581779
D01236 0.33790278 -0.2823185 -0.6212255 0.363972 -0.47703153 0.15587404 -0.42250547 -0.0007914917 0.024666345 -0.23676702 -0.567642 1.0832349 -0.6277332 -1.9565184 0.5914156 -0.9401639
D00627 0.67877084 0.89150167 -0.95742375 -0.8147246 0.37689108 -0.4806161 -0.35588443 -0.4243359 -0.529652 -0.89930403 -0.9563351 0.35336113 0.17820455 -1.1985745 0.72472787 -0.20009586
D00241 1.0404447 -0.0839749 -0.046279237 -0.28498086 0.81848645 0.51226866 0.14881095 -0.4537687 -0.3172414 0.8297618 0.24570274 0.98084706 1.1442554 -0.26703915 -0.22447915 -1.0631565
D05341 -0.01854464 -0.24114165 0.7998174 -0.84352386 0.4314116 0.29832822 0.60304254 -1.7047452 -1.7415402 0.47621226 -0.68978435 2.219243 -0.8459924 -0.4726082 -0.23356496 -0.77260244
D00682 0.28939185 -0.501634 -0.09586769 -0.65090257 0.08928624 -0.36966634 -0.17982744 -1.7589955 -2.7147877 -0.23911312 -0.16351447 2.129828 -0.22704032 0.67700243 0.02333919 -0.6030282
D03187 0.6290615 0.13271765 0.69062483 -0.6777806 -0.23587307 -0.86791205 -0.5663993 -1.6325005 -2.0589974 -0.2737779 -0.45495814 2.4417632 0.19395858 0.675481 0.38553378 -0.4449265
D03415 1.096892 0.44994313 -1.3498333 0.48414722 0.62372154 -0.63343555 0.9117946 -0.37457824 0.02770383 -0.49553975 -0.46820754 1.086973 -0.3090998 -0.20912439 -0.11776686 -0.049280692
D01103 0.8540018 -0.03341511 -0.037874207 -0.13692096 -0.82458246 -1.2896905 -0.67843246 -0.6895483 -0.3949555 0.78592426 -0.57932544 0.78990614 -0.96765375 -0.2584254 0.47894812 -0.14600548
D02082 0.93001294 0.718512 -0.058519743 -1.2111864 -0.08324565 -0.036385946 -0.5298355 -0.73165363 -0.86730087 -0.33060774 -1.137447 0.13423839 0.7793915 -0.57112294 0.8955041 -0.62467134
hsa2914 1.0686325 -0.9752799 -0.79575133 -1.0829799 0.92589724 0.10290304 -0.1660816 -0.9185669 0.40230528 1.129025 -0.2549501 2.3066401 -0.7689628 -0.12501332 -0.1196618 -0.7969612
D00318 0.8405764 0.07714142 -1.9972814 0.27854782 -0.6076709 0.22638416 -0.71161884 -0.97474146 0.37099147 0.71566045 -0.6476011 0.20046788 -0.27113354 -0.2746672 -0.034895457 -0.4710616
D02279 -0.09160469 -0.042263497 -0.5317849 -0.5917459 0.6714314 0.7629826 1.1691059 -1.43914 -0.8105591 0.84696156 0.33431387 1.7697575 0.04691554 -0.31233165 -0.21374926 -0.9176823
D00524 1.2148372 0.5677629 -0.2610169 0.6431146 -0.5900696 -0.8860666 -0.10079336 -1.5787108 -0.28018722 0.8157633 0.54552954 0.2559047 -0.15852745 0.3656139 0.2649075 0.015353038
hsa6915 0.92245424 -0.29182038 0.32911986 0.53740317 0.6108309 0.15488306 -0.34298602 0.3510911 -1.4216483 -0.20808828 -0.09424042 0.97017133 0.44707116 0.29211625 0.23144165 -0.8335409
hsa140 0.67411435 0.31592888 -1.6708958 -0.38404614 -0.3034908 0.955906 0.050986927 -0.62615496 -1.3132269 0.41273314 -0.23453319 0.6280542 0.19078979 0.3805957 0.81489235 0.22011042
D00598 1.1397768 -0.33075243 -1.1732677 0.838441 0.3820601 -0.5200217 1.5052232 -0.95377445 -0.62736416 -0.24051988 -0.559091 0.6067768 -0.6212837 0.40432894 -0.079170085 -0.35298374
D05113 0.8435335 0.1478973 -0.50778085 -0.5289349 -0.77900255 -0.61049163 -0.19286084 -0.5487453 -1.2643886 -0.43953443 -1.1978415 0.7773039 -1.8115195 -0.45789826 0.30848923 -0.23063329
D01745 0.36447015 0.119067624 -0.70694953 0.7410925 -0.5880513 0.17085266 -0.45752418 0.10025759 -0.6041748 0.16414547 -0.41475382 0.86383003 -0.20129146 -0.7044758 -0.13750683 -1.870434
D04625 1.1621662 0.75032586 -1.0245413 -0.044453576 0.09762547 -0.43069944 0.9270511 -0.56016093 0.40646598 -0.25863442 0.030630559 1.0505912 -0.14816704 0.26149514 -0.24400674 -0.66028494
D00560 0.015866503 0.16363119 -0.5805707 0.8288246 -0.49651253 0.27217114 -0.46392754 -0.26944554 -0.45130992 0.53446835 -0.5096818 0.87339103 -0.08917055 -1.4651971 -0.20764317 -1.6110524
hsa6755 0.46964803 -0.47433448 0.085513346 0.5456451 -0.14396335 0.4551194 0.90419304 -0.74565387 -1.0953506 -0.20265959 -1.5182899 1.143814 -1.0245008 -1.3435669 0.409736 -0.0738157
D01652 0.69319534 -0.23788026 -0.9199031 0.18097152 -1.5609494 1.2836373 0.08710231 -0.2750879 -1.2727351 0.52704185 -0.17371939 0.3051101 0.19287339 -0.057010923 1.1536905 -1.2553885
D01925 1.4537885 -0.18557775 -0.44255424 -0.51529944 -0.5758228 0.66524756 -0.87202954 0.016372114 -1.0777919 0.5273085 -0.7641333 1.0267183 -1.3881613 -0.41642332 -0.77914435 0.4482007
D01269 0.65120596 -0.4646422 -0.13105184 -0.57565325 0.03265341 -0.52760565 -0.87597334 -0.77874017 -0.3885812 1.3671131 -0.43742067 0.08369277 -0.6977268 0.09114214 0.59666175 -1.3214282
hsa5729 0.56070024 0.3282755 0.61008066 -0.31850427 0.32568425 -0.26834202 -0.31332302 -1.1209936 -1.7618706 -0.26410004 -0.32136327 0.67968786 1.0759046 0.17093995 0.7439848 -1.3192395
D01441 0.5236748 0.40678248 0.3887279 0.63671154 0.42851764 -0.2688246 -0.40955815 -0.35933915 -1.3200903 0.07602427 -0.60040927 0.605009 0.23777506 -1.9087037 0.6981769 -1.0364867
hsa64805 0.91795766 0.27755588 -1.1055068 0.12777646 0.09870197 0.60750616 0.6216568 -0.6954035 -0.9605283 1.345031 -0.22684875 0.052022386 0.78237003 -0.9983801 1.4772586 -0.63852435
D04375 0.27727067 0.35985845 -0.8368876 0.47924647 0.11848859 0.17301024 -0.49509504 -1.0502338 -0.29863873 -0.31873834 1.0033447 0.66303533 -0.6223598 -0.36697656 0.28968892 -0.6088258
D00225 1.3564554 -0.24167132 -0.80472654 0.54485124 -1.4091152 1.1089032 0.19952668 -0.0055736704 -0.635856 0.03706119 0.28936273 0.46330953 0.16851121 -0.16655236 0.9710218 -0.84702325
D00301 0.48787284 0.008589515 -0.71426207 -0.13073327 -1.22948 -1.2063243 0.2707745 -0.16292472 -0.37126508 -0.20785272 -0.90297526 0.6157698 -1.3366703 -0.89815056 -0.10099816 -0.30510452
D00400 1.2289894 1.0740212 -0.32604176 -1.2751484 -0.4221594 -0.08549048 -0.5364595 -0.92269176 -0.2177454 -0.3612576 -1.4950426 0.25367683 0.4509736 -0.6269584 1.0442773 -0.6798859
D00410 1.4657506 -0.51692444 -0.2400046 0.30598414 -0.41171804 0.5039454 -0.5270203 -0.8474396 0.13457036 0.5038525 0.23263153 0.7095884 0.86664003 -1.0549278 0.22080834 -0.048755147
D00666 1.1169436 0.055588383 -0.35395095 -0.90937185 -0.053753085 -0.05781681 -0.6652114 -0.011476112 -1.0006237 0.8663097 -0.78882223 -0.16579449 0.03111793 0.3410279 -0.32489467 -1.1864125
D00601 1.4689549 0.07634142 -0.7884947 0.30102423 0.8113136 -0.50665647 0.87012666 -0.90090054 0.42997515 -0.05036521 -1.0662507 0.1441125 -0.56298435 -0.15480769 0.21462555 -0.33302793
D00095 0.81606257 0.7937338 -0.6123577 -0.05109771 0.15950887 -0.40454164 1.1616104 -0.09508635 -0.11586761 -0.008996187 0.21885754 1.1868042 -0.16194099 -0.120959066 -0.6107551 -1.0614524
hsa6751 0.7768225 -0.3632097 -0.14042091 0.3182571 -0.80262077 0.11966295 0.5669202 -0.3691432 -0.96418583 0.18996139 -1.5132269 1.1301188 -0.9122086 -1.4415228 0.62068826 0.026525456
D01964 0.2794659 0.19037479 -0.1885698 0.096203744 -0.38055602 0.13019732 -0.27347654 -1.5886669 -2.566283 -0.83774817 -0.38246775 3.0443745 0.5138761 0.8188003 -0.46559846 -0.550844
D02076 1.1415262 0.18559663 -0.50713944 -0.40338814 0.7066083 0.026458535 -0.19076459 -0.33853626 -0.3958965 -0.561827 0.17625993 0.17099197 -0.7952878 -0.5244358 -0.14243439 -0.81487465
D05792 0.94839364 -0.3710499 -0.70733225 0.88034636 0.59234095 -0.06230621 0.4665044 -0.89399606 0.6975525 -0.3012471 -0.8778274 1.3675486 -0.55924743 -0.5248863 -0.053395648 -0.20440127
hsa5737 0.39387622 -0.15989718 0.023532648 -0.19426657 0.006181771 0.01607833 -0.26242608 -1.5534586 -2.640779 -0.6329184 -0.3075993 2.3360868 0.16191253 0.85997874 -0.25190866 -0.5736611
hsa4985 0.65728194 -0.07302587 0.13686365 -0.05314926 -0.5350049 -0.07839128 0.18021074 -0.29593146 -1.0418674 -0.13337389 -1.3157946 1.0090065 -1.3918048 -1.0011414 0.70589495 0.11208492
D00332 -0.004304355 -0.32145527 -1.1460346 -0.9144939 0.5510809 0.5840447 0.37176502 -0.93291074 -0.8904952 0.20936243 0.70597726 1.1926657 0.48027045 -0.2661769 0.22713538 -0.73086584
D00442 0.38567063 -0.586487 -0.3014001 0.21894711 -0.4178719 -0.26437762 1.1481006 -0.6311453 -0.6241219 -0.029898215 -1.86617 0.6763347 -0.69576746 -1.2720821 0.3972129 -0.1269041
D01324 0.71971214 -0.46748912 -0.32406718 0.43668386 -0.2855203 -0.23427333 -0.61574656 -0.22519901 -0.524126 0.7439946 -0.067560345 0.069986306 -0.30041724 -0.36725995 0.809671 -1.7095553
D04716 0.99717456 -0.50554115 -1.0678985 0.38830054 -0.2572844 -0.4278981 -0.2720523 -0.2172838 -1.0137054 -0.18371502 -0.5999538 -0.35535 -1.0425502 -0.5663238 0.51626873 0.13675377
hsa1815 0.494801 -0.06407004 -0.6604908 0.7422898 0.035609487 -0.3826816 -0.25389558 -0.27044925 -0.13732558 0.084480055 0.31129184 0.5329862 -0.09006816 -0.3641872 0.18409228 -1.3043166
D00715 0.8757015 0.64704627 0.117506854 0.50541735 -0.5160036 -1.3875355 -0.394082 -0.4831906 -0.21602844 0.86383903 -0.045447357 0.9930497 -0.16034134 0.1411465 0.4511201 -0.35149798
D00837 0.966435 0.2057755 -0.32189253 -0.48599684 0.15608871 -0.37912798 -0.14072025 0.021878546 -0.51872426 -0.073740676 -0.78194666 0.4512029 -1.6386822 -1.0107279 0.20022054 -0.13497026
D06056 0.9936735 0.8546492 -0.04457415 1.208809 0.16850589 0.43658864 -0.41187277 -1.4413003 -0.49986625 -0.055394165 0.025786154 0.1714884 -1.2926537 0.40338686 -0.23778369 -0.5008991
D00683 1.1788702 0.48768696 -1.0889411 0.81597817 -0.025048725 -0.5419107 1.1396916 -0.4142725 0.23627385 -0.5211999 -0.94864106 1.6884158 -0.6226002 0.45305133 -0.44468912 -0.33937398
D01126 0.3100601 0.048659258 0.17668833 -0.6968985 0.5652289 1.0574874 0.7122137 -1.3494236 -0.7592659 0.93616366 0.22384863 1.4928297 0.07094219 -0.44725412 -0.33773008 -1.4276223
D02588 1.3097365 -0.53520423 -0.10356382 -0.1544633 -0.28204942 1.0298969 -1.1299479 -0.1385197 -0.9967473 0.6036764 -0.5097367 0.92917037 -1.637856 -0.46269518 -0.6574004 -0.12845303
hsa2846 0.89220655 0.84884316 -0.67560655 -0.020319115 -0.06527176 0.9692127 0.3667158 -1.3751255 -1.6413249 0.66228426 -0.20860134 0.5054445 0.6799312 -0.13451034 1.5164815 0.028149884
D03642 1.5265324 -0.80751157 0.055327594 0.23002914 0.9427401 0.1352275 -0.26952124 -0.042365413 -0.35091323 -0.3157121 -0.17461057 1.1199468 0.7358748 0.23922929 0.17665263 -0.5813006
D00465 1.2108684 0.02860719 -0.034224853 0.73015344 -0.95787257 -1.0552778 -0.84820276 -0.46382055 -0.51321167 0.6033642 -0.09254049 0.74150175 -0.119391024 0.20143127 0.6595865 -0.4050741
D00520 0.41344106 -0.53914917 -1.6198124 0.058573898 -0.21388918 -0.35372683 -0.65581924 -0.5064406 -0.81919074 0.29321298 -0.53308755 -0.26176396 0.43606356 -0.21538636 0.61703265 -0.43286115
D00094 0.19093992 -0.408424 -0.9541583 -1.4098905 1.0300854 0.03824263 0.13806035 -1.6985768 -1.5666469 0.094618805 -0.27790034 1.4999651 -0.3120895 0.6782357 0.9495732 0.20900896
hsa6010 -0.17071709 -0.32336417 0.8456871 -0.109955385 0.07293959 0.4244256 0.6827209 -1.6183224 -1.431952 0.28293455 -1.0007913 1.4584975 -1.2076156 -0.91407806 -0.069935486 -0.49622422
D01699 -0.07924749 0.29736006 -0.4880964 1.0264001 -0.69210494 -1.3220155 0.1251514 -0.6417468 -0.36161733 1.3759972 -0.5245842 0.8532791 -0.30944586 -0.7305926 -0.05661819 -1.2662494
D03654 0.0207914 0.057365973 -0.5741018 0.9745946 -0.7763972 -1.4947308 0.068463966 -0.5350107 -0.6322374 1.3303914 -0.4375002 0.844418 -0.021570742 -0.96921426 -0.005227688 -1.1916498
D00364 1.0218699 0.08686473 -0.9030003 0.1685537 -0.3419493 0.34285185 -0.79551494 0.6342714 -0.53274286 0.49580526 -0.11454326 0.18807532 -0.25276974 0.01030986 0.76736295 -1.6202123
D00522 1.124992 1.0126861 -0.57083476 -1.3324411 0.08706232 -0.2536705 -0.21151392 -0.8138869 -0.46381277 -0.73052055 -1.4391694 0.5002671 0.6337077 -1.2858887 1.0233061 -0.79230773
D00415 1.022544 0.25186238 -0.20896591 0.9817419 0.07933563 0.2615088 -0.97738826 -1.2544435 -0.20171888 -0.30997387 -0.7751792 0.10043537 -0.73009354 0.6985665 0.5204729 -0.9609916
D00139 1.1433955 0.086951494 -1.0197115 0.46139872 -0.52425015 0.50326246 -0.37706715 0.3062342 -0.26706117 0.15036869 0.13237986 0.870477 1.0423625 -0.9869194 0.07903551 -0.3464757
D01242 0.7607175 -0.35636082 -1.3007579 0.22992611 0.3153957 -0.71455127 -1.090832 -0.25154623 -0.97603697 0.43536872 -0.38679832 -0.24960276 0.52482754 -0.24742264 0.22384866 -0.7955389
hsa5724 0.59254897 0.22977947 -1.2215663 0.046513513 -1.3067193 1.3646595 0.63146883 -0.6298148 -1.5989878 0.42456448 -0.28357697 0.4729579 0.4161918 -0.08851336 1.487898 -1.4793357
D02374 1.3245136 0.6090536 -0.880772 0.73853356 -0.31310403 -1.0695665 0.91086966 -1.0636038 -0.45898837 -0.12730247 0.05206384 0.69719607 -0.5004019 0.7648671 0.020915175 0.11777647
D00769 0.96858543 0.16289471 -0.8205871 0.30100322 0.38713098 0.23853959 0.7589506 -0.49920684 -0.53285885 0.882028 0.22781336 0.07785669 0.14461161 -0.89713323 1.4084982 -0.4052196
D03880 1.3286674 0.12156324 -0.65688264 0.47471443 0.9806442 -0.36073327 0.5203984 -0.5345627 0.2773694 0.04469858 -0.7373573 0.6108943 -0.38098037 -0.17221083 -0.09582353 -0.29521632
hsa3361 1.1580083 0.8387972 -0.3903517 0.9067371 0.071037106 0.06334049 0.33759376 -1.0796969 -0.27872056 -0.26807883 -0.07503767 0.09940195 -0.589488 0.7387937 0.096248664 -1.0942645
D01332 0.96042967 -0.3673789 -0.62328315 -0.6223493 -0.3610438 -0.03660693 -0.3495297 0.16526179 -0.76927793 0.8495762 -0.043121487 -0.15755096 -0.050566167 0.14130753 0.36496142 -1.5737025
hsa338442 1.4770033 1.0205795 0.060917743 0.8153043 -0.4966914 -0.0708897 0.22706348 -1.5415893 -1.4135143 1.0512861 0.0816464 0.14368677 0.35563454 -0.02928622 0.8279397 -0.18435101
D03165 0.707366 -0.035856597 -0.8907192 0.2080321 -0.9157835 -0.06325038 -0.8621916 0.37264514 -1.2382128 0.830952 -0.3900249 1.1496233 -0.7876452 0.07098314 -1.2005236 -0.6546336
hsa4543 0.48872623 0.037939113 0.7410904 1.2004648 -0.25279683 0.17279963 -0.09727734 -1.3951002 -0.7058139 -0.8048768 -0.24161409 0.52488464 -1.4064298 -0.68421984 0.17872404 -0.44835106
hsa10161 0.9118786 0.77354515 -0.6056627 -0.15821575 -0.13371125 0.8514199 0.2338772 -0.9048685 -1.2339189 0.38045377 -0.31875056 0.25957575 0.48595658 -0.36218578 1.5509622 -0.29023695
hsa2917 1.18622 -0.9132852 -0.9923404 -1.3005689 0.6874695 0.053517662 -0.1060606 -0.759667 0.2605081 1.1855481 -0.3421467 2.227964 -0.7849662 -0.06550576 0.014840915 -0.69836986
hsa6753 0.53656846 -0.35429394 -0.08336214 0.29936215 -0.29910737 0.39724323 0.83548635 -0.5174908 -1.2755072 0.026658423 -1.7992834 1.1171011 -0.78738624 -1.2405235 0.56180114 0.027140893
D02007 1.3224297 -0.30584097 -0.66301084 -0.96462727 0.31753263 0.51015157 -0.6774399 -0.11653845 -0.62611836 0.3964501 -0.7624063 0.853822 -1.600565 -0.75413 -0.46319395 -0.09181907
hsa887 0.5056945 -0.2609733 -0.18782485 0.08641081 -0.039996166 1.3066686 -0.012160342 0.20298389 -1.0207441 0.4422073 -1.4298052 1.6957356 -1.6663097 -1.0035878 0.23056936 -0.10373989
D00514 0.8298576 -0.24021827 -1.2236538 -0.0011620382 -0.5999026 0.44809857 -0.37570488 -0.5627351 -0.3525207 -0.04245987 0.7532618 0.5304659 0.45096385 -0.60784477 0.9613846 0.040509265
D00673 0.92173296 0.6023317 -2.6112103 0.19427055 -0.65162903 0.79743415 -0.38281727 -0.9634918 0.053901903 0.96938056 0.05785343 0.5708833 -0.26858294 0.14975818 -0.014664202 -0.24875209
hsa5030 1.025504 0.4427426 -0.9798388 -0.22229841 -0.7519083 1.1488384 0.5764646 -1.4238461 -1.3681245 0.713906 -0.51845694 0.6107778 0.6937967 0.14811482 1.6779555 -0.110368274
hsa5028 0.7956635 0.71518916 -0.5962942 -0.07517108 -0.14484239 0.7691007 0.2174726 -1.4094425 -1.1861148 0.5926081 -0.41209018 0.31918502 0.93070257 -4.164176e-05 1.2139217 0.12203627
D01297 0.98294735 -0.4119499 -0.48244068 0.51522195 -0.8279962 0.46693054 -0.6957139 0.23705621 -0.53168267 0.839487 0.088991284 0.7274982 -0.8000762 -0.29378235 0.22268702 -1.0073895
D02278 0.2175668 -0.15209702 -0.004611429 -0.7080103 0.6904259 0.29097563 0.7401759 -1.2924813 -0.45712182 0.861097 0.03783062 1.8676822 -0.48872468 -0.2341237 -0.6397596 -1.1018367
D05740 0.4049396 0.91032004 -0.3280199 0.47924662 0.7341786 -0.027432729 -0.9013928 -0.9256765 -0.49077454 -0.2610581 -1.4716103 0.19174506 -0.42821178 0.40572625 0.536076 -0.9402504
D02910 1.317041 0.6155303 -0.74675685 0.93630344 0.22548042 -0.8249063 -0.62407726 -0.5998272 -0.5404157 -0.2904373 0.46645817 0.08274123 0.0406451 -0.4038972 -0.37162888 -1.4233832
D00440 1.1184258 0.6642273 -2.6397507 0.106268845 -0.30135566 0.7485963 -0.39455315 -1.3242611 0.17872362 0.97106695 0.20903389 0.64601725 -0.36393663 -0.14258827 -0.036919925 -0.005755326
D00380 1.7948172 -0.11112745 0.040265292 0.80659264 -0.06775623 0.8925841 -0.20854552 0.23114492 -0.63360983 -0.42800915 -0.18883304 0.6823781 0.5463617 -0.06629889 0.29383305 0.23338124
D01692 0.92301476 0.53671724 -0.91659385 0.10658405 -0.6048057 -0.33690992 -0.5860209 -0.4088324 -0.6242935 0.31853408 0.23102239 0.13728718 -1.0869831 0.31411487 0.11542726 -0.24029699
D02357 0.52464783 0.19718213 -1.3460128 0.5790098 -0.66833514 -0.18585312 -0.57061315 0.1784618 -0.9228082 0.47633576 0.13326369 0.34633046 -0.90607285 0.402259 -0.18161112 -0.71034956
D00422 1.0089184 0.61780316 -2.2762227 0.26261497 -0.61905897 0.6597679 -0.4256221 -1.2493812 0.19585475 1.1213738 -0.06056579 0.65146375 -0.35108352 0.24923375 -0.15015168 -0.24164951
D01462 0.8075116 0.059692863 -0.9132505 -0.08825405 -0.314699 -0.29774907 -0.3444345 0.38299084 -0.83706325 0.5462606 -0.2778315 0.37755597 -0.32621115 0.45217434 -0.7367046 -1.3814113
D01994 1.8212422 0.4490395 -0.054417282 -0.047658566 0.63280183 -0.57770056 -0.37649587 -0.7433856 -0.5399432 0.9871399 -0.8042585 -0.014925435 -1.4887407 0.58116025 -0.53651655 -0.61920464
D00295 0.86314493 0.66766334 -2.5130203 0.34490535 -0.41343454 0.81126404 -0.23351257 -1.3919606 0.26200667 1.0776807 -0.024625184 0.64982474 -0.26311165 0.24001817 -0.33250564 0.03251141
D00443 1.0007312 0.6147735 -0.18311206 -0.97878724 -1.1363428 -0.4229682 -0.01630924 -0.35200554 -0.657843 -0.58826673 -1.0497584 0.7077637 -0.13713428 -0.67279816 1.292442 0.27083564
D00525 1.0874972 -0.015339005 -0.2711488 0.74399334 -0.64540046 -0.55851716 -1.0987629 -0.88078064 -0.6495925 0.73870164 -0.2642073 0.59064233 -0.882971 0.4977121 0.5970088 0.18526691
D00845 1.0031953 0.1738598 0.33286637 -0.5677632 -0.05858072 -0.67357653 -0.06765676 -0.66333765 -0.5893921 0.6064582 -1.1676321 -0.011815995 -1.5969086 -0.33862895 0.17150107 -0.51893026
D03503 1.1528084 0.5942494 -2.7168567 0.11823053 -0.33224797 0.8091109 -0.24933587 -1.4353939 0.100882664 1.1163318 0.15192938 0.62035906 -0.15597026 0.089320265 -0.24380668 0.027933894
hsa1909 0.77629995 0.3863425 -0.5109697 -0.4735012 0.5704481 -0.81504446 -1.0586611 -0.6813251 -1.2995085 -0.23311652 -1.5380503 0.48849794 -0.92917037 -0.9808881 0.17494652 0.2535876
D03210 1.5439943 1.3300314 -0.6522833 0.010848181 -0.24144414 0.595795 -0.56039 0.6329295 -0.9124429 0.40226135 -0.40828362 0.08137815 -0.51790446 -0.5978185 0.48746386 -0.6752306
D03365 1.279757 0.08921725 0.23758513 0.7448642 -0.34498727 0.036906168 -0.28516856 -1.0488546 -0.3462218 1.5275862 0.54501665 0.2645862 0.11830748 -0.36294153 0.28574356 -0.56080383
hsa2915 0.78205734 -0.7863627 -0.7681726 -1.504197 0.77369785 0.24076472 -0.033251014 -0.8514365 0.16751108 0.9263013 -0.0145751815 2.1361434 -0.8988944 0.021757815 0.079091676 -0.73861486
D00684 0.971375 0.4559019 -0.79769343 0.53934544 -0.44850186 -0.7998783 1.2088865 -0.4663816 0.080107376 -0.22315823 -1.0713218 1.317152 -0.7863955 0.13834797 -0.41187912 -0.18750113
D00674 0.6281211 0.22689207 0.28164518 1.0648341 0.3143163 0.23540895 -0.48211825 -0.07360148 -1.0460056 -0.2707886 -0.39387164 0.9083307 -0.1565103 0.5513252 0.2494895 -1.7052737
hsa56413 0.4025701 0.009624867 0.47449723 0.58071506 0.17184323 0.9725291 0.33204904 -0.22325887 -1.4558897 0.22751334 -1.1874604 0.7399337 -0.37022758 -1.1179662 1.1924014 -0.751907
hsa1241 0.4601364 0.1813792 0.4755782 0.919857 0.32625896 0.98629636 0.73097986 -0.8185758 -1.7311889 0.26955828 -1.2660753 0.8105384 -0.11841802 -0.8984266 1.3103491 -0.7986114
D01386 1.1519955 0.06646319 -0.94906163 0.09141129 0.10145554 -1.1154462 0.9507082 -0.47557417 0.5546492 0.1906889 -0.0647924 1.0603722 -0.3603759 -0.061092824 0.15119402 -0.23499295
hsa552 0.32393673 -0.345499 -0.45993412 0.22806755 -0.64666176 0.23121773 -0.2385541 0.35706002 -0.55867946 -0.37408695 -0.88293856 1.5847069 -1.4232563 -1.9104902 0.58351046 -0.543774
D00574 1.7138623 0.32911596 0.15059787 -0.8964943 -1.0090426 0.6163182 0.26212877 -0.49554542 0.04643643 0.34631658 0.051127806 0.70699525 0.19789258 -0.65762573 0.4499056 0.0056550265
hsa9934 0.43809456 0.47818902 -0.64812297 -0.5305481 -0.3030563 1.1798964 0.55339247 -0.96169096 -1.1951385 0.73196155 -0.45871702 0.2992795 0.7239447 -0.693342 1.7152468 -0.8145316
hsa5029 0.85345906 0.44993824 -0.5029194 -0.14366099 -0.28429815 0.94895065 0.4650596 -1.6609436 -1.3087579 0.45890474 -0.13803811 0.7207807 0.88028985 -0.035786048 1.5033239 0.1439979
hsa2911 0.9302344 -0.739936 -0.80374134 -1.3498741 0.83059394 0.39161736 0.078272894 -0.7297512 0.32126445 1.0285043 -0.076112345 2.058077 -1.0067396 -0.016265625 0.088876836 -1.1361128
hsa3363 0.62037784 0.6516893 -0.2893616 0.61940217 0.094245195 -0.16056816 0.39571467 -0.69163555 -0.3562763 -0.2645174 -0.3736584 0.24591811 -0.593157 0.2798853 0.52527446 -1.6839657
D00394 1.1334205 -0.2882041 -1.5357242 0.8448723 0.101785295 -0.8948073 -0.63691324 -0.3289342 -0.3486417 0.058331344 -0.21972792 0.09603316 0.2055382 -0.35357773 -0.061422154 -0.60281223
D00255 1.2029731 -0.33103153 -1.5511034 1.2940489 0.27521044 -0.9227793 -0.040719934 -0.4864354 -0.16469547 -0.35994837 -0.50439024 0.5720531 -0.26731032 -0.5944526 -0.1989858 -0.45214716
D01346 1.0817212 -1.1168265 -0.5812181 0.024368841 0.39128092 -0.18250832 -0.30073234 -0.4247209 0.6049581 0.6353767 -0.37022376 1.3399285 0.27994135 -0.053268477 -0.40578285 -0.6586075
D00765 0.8909624 0.21020915 0.11301589 -0.23307765 -1.3435383 -1.5351278 -0.56704974 -0.5432623 -0.45277002 -0.21997558 -0.11610362 1.3555026 -0.06807163 0.058267016 0.72746044 -0.093599774
D00954 0.90132886 0.6306621 -0.45653462 -0.69457966 -0.9644567 -1.1372882 -0.53706086 -0.34817144 -0.26617646 -0.52331036 -0.14156336 0.65222085 -0.8976346 -0.5063654 0.55406934 -0.20630242
hsa1910 0.6918809 0.51801777 -0.52347106 -0.4946468 0.50255257 -0.93214905 -1.237243 -0.68927747 -1.2163435 0.064005785 -1.5880924 0.27920765 -0.5646512 -1.1078492 0.42259732 -0.043137692
D02349 1.1393251 1.1767889 -0.9002085 0.22968918 -0.6162704 -0.66411227 1.0792868 -0.38602644 -0.065671325 -0.20128451 -0.27128154 1.27234 -0.51380736 0.527898 -0.045366697 0.046062008
hsa5031 0.9733719 0.21084441 -0.6589372 -0.38751128 -0.2887438 1.0147572 0.38203067 -1.5349083 -1.3983228 0.8966293 -0.29751173 0.8753889 0.4750331 0.035536755 1.3309324 0.43098128
D00987 0.48980722 0.0042686984 -0.49486873 0.18392874 -0.117318496 -0.2824228 -0.34217414 0.8683431 -1.5247164 0.11486726 -0.4140409 0.6628352 -0.5598104 0.3042737 -0.53076684 -1.0426105
D00509 1.0169444 0.18169607 -0.7108918 1.447071 0.78218055 -0.1608031 0.18289864 -0.053166393 -0.07712591 -0.03509752 -0.22966082 1.1320167 -0.06416627 -0.4833417 0.94083685 -0.6716628
D00049 1.6899508 0.0435202 0.3158238 0.15740044 -0.04689997 0.36231184 0.110481 -0.83566236 0.06597516 1.3785213 0.6053835 1.051385 0.9013559 -0.8179389 -0.055240855 -0.4299076
hsa9052 0.39291945 -0.5531321 -1.0253038 -1.563498 1.0991944 0.20693696 0.15448497 -1.6379529 -1.1389809 0.46040416 -0.4138318 1.7695601 -0.5114271 0.67992896 0.8518501 0.1411466
D00780 0.33366552 0.05935201 -1.275319 0.16166182 -0.6060864 -0.24332555 -0.5029035 0.46195734 -1.0635518 0.15706894 -0.35925886 0.65357304 -0.88695216 0.22922474 -0.84646684 -1.0232491
hsa1234 1.7643747 1.3767306 -0.8087303 -0.4320529 -0.45277202 0.7046453 -0.47691506 0.39281574 -1.0084808 0.36225817 -0.87187725 -0.082175784 -0.42804992 -0.71122795 0.75741047 0.020069137
hsa23620 1.0748231 0.036407065 -0.55356055 -0.89677733 0.17888848 -0.45564666 -1.0157921 0.051024854 -1.0633858 1.3399352 -0.81869984 0.065209016 -0.4779659 -0.8065466 -0.0038430206 -0.55120486
D00688 1.1738808 0.6505139 -1.2379909 0.32381794 0.18913624 -0.37838218 1.0557905 -0.4594751 0.23711279 -0.5982007 -0.8963914 1.5806912 -0.32955208 0.47518307 -0.28411025 -0.29912713
D00523 1.0222726 1.2355233 -0.0027812058 -0.5844352 -0.80218023 -0.50969523 -0.4133525 -0.84201336 -0.058290333 -0.01684009 -0.7604889 0.28612277 0.52814555 -0.74006414 0.4226724 -1.2017032
D00965 1.4290382 0.6037437 0.15813066 -1.0086471 -0.2566146 0.31627822 0.6879751 -0.55968267 0.5496932 0.4878349 0.5949359 1.0012468 -0.47060046 -0.10801856 0.46395805 -0.21224387
hsa554 0.38049087 -0.65393406 -0.30149868 0.26273313 -0.3735073 0.5253902 0.0022674883 0.14346361 -0.5058304 0.123264186 -0.6205706 1.5622541 -1.323406 -2.0973873 0.4232466 -0.8085129
hsa1268 0.8105057 0.23710854 -1.7608112 0.07559005 -0.58480406 0.44791597 0.30465117 0.01186834 -1.1342518 0.21437949 -0.22202678 0.594529 -1.0269156 0.97824615 0.32865256 0.6775859
D00542 0.8426733 -0.07775979 -0.6549254 -1.2768639 0.9571651 0.100869454 0.14096746 -1.1190373 0.42162725 -0.09473104 0.92080945 1.6261921 -1.6303421 -0.78539604 0.55491894 -1.110448
D00838 1.0517895 0.3465932 -0.24757685 -0.029839657 -0.3240376 -0.14679508 -0.25939554 -0.25663581 -1.1026659 -0.29223812 -1.0050632 0.7125213 -2.1913092 -0.005460001 0.0743372 0.27160653
D01071 2.2207308 0.26040602 -0.046666026 -0.39001516 -0.9598263 0.91508156 0.008835807 -0.12588845 -0.5365007 0.21977988 -0.31023115 0.47861108 0.034806557 -0.5234738 -0.16285454 0.37841672
D01828 0.6198347 0.39041054 -0.38813165 0.09053046 0.8033255 0.32293504 -0.47628397 -0.4912401 -0.5364624 0.37240034 -0.33121413 0.45255628 0.7490319 -0.05471746 0.48032123 -1.6433215
hsa9283 0.27855855 0.47657436 0.13486992 0.7194973 0.360445 -0.359514 -0.587915 -0.5135604 -1.633092 -0.26559818 -0.90857935 0.53932977 -0.22369263 -2.200884 0.824163 -1.3472198
D00760 0.9259095 0.2991678 -0.38543585 -0.030074073 -0.41822478 -1.7368746 -0.6574544 -0.4763708 -0.44942906 -0.25033548 -0.97403 0.35972568 -0.19589868 -0.6619886 0.31308067 -0.6958139
D00499 1.7725916 0.32157868 0.16449334 0.101410046 -0.73394066 0.7620883 0.2580319 -0.80942 -0.67710316 1.0430984 0.16124633 0.38122636 0.19907682 -0.2617973 -0.057585288 0.32450783
D03442 0.4917782 -0.6524886 -0.63415533 0.5677079 -0.01175789 0.025791453 1.2459178 -1.1723803 -0.08781716 -0.033761263 -1.7528881 0.84544605 -0.598394 -1.0593526 -0.10287427 -0.129138
hsa886 0.44753143 -0.47738603 -0.35422766 -0.18388864 0.08127057 1.4229548 0.14607635 0.0154995695 -1.0674734 0.45686325 -1.7288568 1.4386593 -1.3396903 -1.1366026 0.21085362 0.053268008
D00559 0.9059785 -0.8272484 0.1685333 -0.3894239 0.682151 0.5783471 -1.0560796 -0.41212636 0.0070955586 0.8001899 -0.028540831 0.93622094 -1.8124675 0.71859425 0.34339255 -1.0431303
hsa5032 0.96339077 0.45919955 -1.0492151 -0.3383586 -0.2251862 1.0525846 0.49638268 -1.5542722 -1.2129838 0.8556192 -0.7098931 0.84634835 0.7888171 -0.13903368 1.3506272 0.40593907
hsa2550 1.1538457 -0.1522399 -0.38330948 -0.64824164 1.1252646 0.80245686 0.43381786 0.046611935 -0.20392373 0.72360957 0.028118426 1.415979 0.718443 -0.17478521 0.2235017 -0.9038071
