hsa148 0.524185 -0.7347663 -0.3464633 0.5420883 -0.2462446 0.08768214 -0.4097456 -0.34031028 -0.50449604 0.41304487 -0.6487149 0.4650563 -0.40027025 0.45630148 -0.30519786 -0.6443156
hsa154 1.2076896 -0.13828096 -0.42596254 0.8938117 -0.013266666 0.962227 -0.038837597 -0.7730503 0.2291655 0.33192813 -0.63831604 0.34128466 -0.091970675 0.6879544 -0.21039027 0.11548953
D00283 -0.0329841 -0.12707628 -0.121607766 1.1913643 -0.06534478 0.3814676 -0.3191225 -0.5814069 -0.16345875 0.84226984 -0.52590865 0.16522874 0.021517526 0.09915887 0.011787221 -0.26354685
hsa3269 0.10337384 -0.49602082 0.2103478 0.20215392 -0.22308646 0.14936626 -0.501224 -0.5201777 -0.42839268 0.8476875 -0.9192586 -0.40371424 0.40664563 -0.22943318 -0.4883194 -0.5067951
hsa153 0.93510896 -0.56627566 -0.7518534 0.5592145 0.10523146 0.8202005 -0.2760721 -0.48441848 0.06547952 0.28300086 -0.7290057 0.17909978 0.22921227 0.8506905 -0.012213631 -0.03274841
hsa1128 0.3418753 -0.2840153 0.48079348 0.6875762 -0.083495095 -0.47629064 -0.062481184 -1.4073925 -0.18038474 0.9263324 -0.81666255 -0.14195944 0.08191679 -0.06665476 -0.24696691 -0.059390068
hsa150 0.40737325 -0.14689614 -0.6380649 0.41717967 -0.004377601 0.52310795 -0.5592084 -0.7296224 -0.12242504 0.5725377 -0.33605352 0.04085938 -0.36200196 0.22199026 0.2929048 -1.0624229
D00528 -0.094250605 -0.056994267 -1.158953 0.01625041 -0.5792827 0.6489134 0.46424508 -0.7037386 -1.134588 1.0123328 -0.6841561 0.107470766 0.8595315 0.35690817 1.1778762 0.57165444
D00454 0.47540382 -0.20802602 0.07764894 0.8253823 -0.108717084 0.24554414 -0.5258869 -0.4112512 -0.19127405 0.86490345 -0.52781105 0.31184396 -0.28401813 0.19102128 -0.13224971 -0.47248745
hsa146 0.58905137 -0.4767794 -0.66509575 0.9082712 -0.07138947 0.09679355 -0.58820885 -0.6295419 -0.4724512 0.38966653 -0.60974336 0.29182693 -0.22039439 0.5218835 -0.21300653 -0.7723444
hsa1813 0.48260114 -0.082517765 0.20923649 0.69725263 0.0918073 0.14620326 -0.77943814 -0.069432676 -0.5074915 1.4005855 -0.6984062 0.20854299 -0.44875425 -0.12297972 -0.33492333 -0.25445858
hsa151 0.7735184 -0.17565918 -0.59087247 0.45768517 0.36930028 0.28676924 -0.7208568 -0.7327665 -0.13873346 0.58892655 -0.4839275 0.2897302 -0.43361652 0.08079201 0.006634227 -0.8130041
D00513 -0.04322079 -0.5491634 -0.03587806 1.0080109 0.05975787 0.9164965 -0.016960477 -0.70599884 -0.30273858 0.3474 -0.33427453 0.50400126 -0.16909136 0.85015535 -0.47759095 -0.4489491
hsa1129 0.70593894 -0.18701951 0.504931 0.745435 0.18554999 -0.35429102 -0.56656617 -1.2243514 -0.099486314 0.80742276 -0.7304499 0.36580563 0.1406493 -0.03786067 -0.5292355 -0.28276628
hsa147 0.6907859 -0.7353998 -0.26023507 0.5905553 -0.23645198 0.07621808 -0.33258325 -0.71516806 -0.36545008 0.33162063 -0.55002224 0.3870715 -0.68513054 0.5601051 -0.042759426 -0.8216991
hsa3356 -0.12994261 -0.6370041 0.2761304 1.0292251 0.23157142 0.4653516 -0.17899725 -0.5061481 -0.6190562 0.8567184 -0.48450655 0.23576903 0.0458691 0.64512676 -0.31208184 -0.4965722
D02361 0.44741148 -0.7219085 0.23454504 0.5131309 -0.030341174 0.03354313 -0.36184898 -0.45348164 -0.22084168 1.0349599 -0.69305015 0.051714607 0.0053077675 0.014643446 -0.32214662 -0.419505
D00726 -0.31738806 -0.09255846 0.31769508 1.6046699 0.13476853 0.5393479 0.5900598 -0.83705413 -0.47538772 0.67215437 -0.4573968 0.4144926 0.15810956 0.38419324 -0.43353873 -0.0064346557
D02354 0.10279681 -0.27863503 0.57590896 0.6232793 -0.18002716 -0.0700254 -0.23069036 -0.50606024 -0.13479403 1.2008888 -0.8212946 0.13160008 0.038962934 0.19371805 -0.18216604 -0.32275537
D00493 -0.17701936 -0.31536505 0.23953617 0.5346495 -0.28699625 -0.06665421 -0.81878686 -0.493031 -0.17310792 1.1530457 -0.72283375 0.2524589 0.046874255 -0.19576761 -0.14366505 -0.12553586
D00494 0.41851506 -0.7806428 -0.11374774 0.54749036 -0.2079256 -0.016500916 -0.39223877 -0.69744575 -0.5269133 0.816688 -0.56129444 -0.49676567 0.33862898 -0.19796847 -0.25799468 0.03675349
D00270 0.14832036 -0.59171164 -0.37309334 0.6276445 0.3471997 0.046230655 -0.40464082 -0.4773105 -0.03969324 1.0797328 -1.1018071 -0.40586644 -0.16994682 -0.02784124 0.16732499 -0.67587173
hsa1812 -0.06357273 0.009661617 0.055524595 0.45561182 -0.012047331 0.45859492 -0.25115383 -0.3753991 0.30626774 1.3972408 -0.5719169 0.3321182 -0.3102579 -0.14300317 0.3571549 -0.19694285
hsa155 1.0316963 -0.17575188 -0.49292633 0.76955295 -0.12876469 0.8404743 -0.36474207 -0.38148254 0.027254427 0.41024366 -0.7793569 0.38516337 -0.16219637 0.88003963 -0.38945603 -0.2871103
hsa3577 0.22223896 -0.37005198 -1.1329479 0.66419685 0.56564754 -0.4137579 0.27971718 -0.30665186 -1.0178422 0.5958754 -0.8333019 0.5710598 0.48532805 -0.07074467 0.62517786 0.34714124
hsa152 0.81038904 0.10542622 -0.8420675 0.46750095 0.37276798 0.4834916 -0.60471904 -0.7087064 -0.31845427 0.18037032 -0.6389057 0.14942357 -0.5445977 0.07604277 0.29187316 -0.948988
hsa1814 -0.19133332 0.070110865 0.11593126 0.8026092 0.19585128 -0.00038958923 -0.41351712 -0.3406283 0.097616196 1.4348087 -1.0940276 0.2527823 -0.5049633 -0.0033640405 0.0009982118 -0.23322834
D00451 -0.36068186 -0.3904351 0.058895435 1.2298658 0.26480228 1.3639126 0.118579954 -0.75377727 -0.34135306 0.20016739 -0.81578743 0.17666537 0.11634516 0.4489899 -0.49112806 -0.54394877
D00996 0.9873167 -0.15853077 -0.546396 0.7037098 -0.13234745 0.67499465 -0.0744711 -0.5765497 0.063896306 0.6650002 -0.45519364 0.42838314 -0.5884492 0.3963884 -0.12467362 -1.0441436
hsa4988 0.50652474 0.30028117 0.05226254 0.20499536 -0.32190642 -0.28416842 -0.13615145 -1.1832002 -0.7839201 0.30138224 -1.0391929 -0.6628819 -1.1529099 -0.48485598 0.23518018 -0.015429557
hsa1131 0.2715432 -0.32617092 0.68538034 1.1471319 -0.46240243 -0.4162048 0.012660381 -0.878607 0.040641297 0.9070069 -1.1163155 0.32686758 0.10098857 -0.38634983 0.10894175 -0.1303678
D00775 -0.060483936 -0.5817232 -0.6763799 -0.88461727 0.62527835 0.662159 0.08706778 -0.8553393 -0.052451894 1.2273415 -0.7936926 2.031293 -0.5058883 0.42519063 -0.02615819 -0.4151467
D02149 1.1483313 -0.05611164 -0.5262703 0.3663685 0.17473097 0.6686196 -0.4561335 -0.6151957 -0.08420838 0.4426387 -0.41441208 0.15702496 -0.547209 0.116276145 0.098465204 -0.4106758
hsa185 0.44221392 1.1142062 -0.90914994 -0.13374762 0.07257435 -0.64361084 0.031287245 -0.47277075 -1.0576138 0.2741822 -1.7068548 0.28588498 0.626646 0.15067816 -0.017952314 -0.563806
hsa3351 -0.5653408 -0.35037234 0.30359027 1.1815503 0.003169882 1.0199536 0.3096633 -0.7038232 -0.24755302 0.58883744 -0.9392059 0.034339 -0.38812837 0.19300392 -0.013354251 -0.831017
hsa3352 -0.21776955 -0.38466042 0.091822326 1.4473671 -0.07503153 0.8298537 0.22272328 -0.66467166 -0.24530864 0.7181966 -0.81422997 0.15658166 -0.2956219 0.3774498 -0.153924 -1.1439192
hsa1132 0.64870423 -0.77222407 0.38279873 0.7877528 -0.39921623 -0.20496945 -0.27755076 -1.1552676 0.19124916 0.8744534 -0.6271382 0.17285898 0.3883702 -0.18041392 -0.32378048 0.038346242
D00255 1.154342 -0.81302464 -0.60588765 0.7733461 0.20939845 0.48312095 -0.25935292 -0.54415613 -0.03154226 0.5611189 -0.7433349 0.2919961 -0.3895637 0.47119415 0.03575407 -0.37486842
D00437 0.6773741 -0.24622737 -0.7281386 0.48556602 0.21182933 0.06352378 -0.19245954 -0.38019633 -0.43374488 0.41891742 -0.49847418 0.43006527 -0.14265373 0.49637306 0.118853554 -0.19752817
D02340 -0.37855297 -0.5936968 -0.4309122 0.7617758 0.31122157 -0.047555745 -0.3862789 -0.5001778 -0.48513377 1.3769665 -0.53531384 0.21614337 0.16966563 0.40662664 -0.32806692 -0.4846286
D00180 -0.24816185 0.3981473 0.50111634 -1.2589915 -0.77930266 0.99467206 -0.04672581 -1.8791013 -2.0216334 0.46245125 -0.6381137 1.4277644 0.52392316 -0.13469844 0.6706198 0.37480122
D01051 0.16334116 -0.18721497 -0.28772825 0.7920868 -0.15728672 -0.31013778 -0.28289646 -0.6410568 -0.36993432 0.39891535 -0.7218354 0.5099342 -0.25096026 0.15451773 -0.07560217 -1.0023428
D01973 -0.43733954 -0.45550027 0.39110556 1.085626 0.15007836 1.1302786 -0.28806016 -0.62859714 -0.5167681 0.37477285 -0.7233511 -0.12004679 -0.44739553 0.42411512 0.49869698 -0.7351942
D00560 -0.13538285 0.38354424 -0.25398698 0.7940583 0.009936042 0.3000655 -1.0529336 -0.2506157 -0.24277905 1.3694077 -1.0927429 -0.031315617 -0.761031 -0.5058641 0.12909202 0.096342094
D00136 0.5038021 0.06465892 -0.24417558 0.59155005 0.08429665 -0.30992255 -0.83432454 -0.6665414 -0.37544194 1.1853126 -0.5291219 -0.04555539 -0.18021452 0.33025533 -0.11313828 -0.8822913
D01358 0.3382233 -0.64429593 -0.059609283 0.91086704 -0.3696367 0.24103999 -1.1484728 -0.4884212 -0.67352754 0.30362076 -0.25631133 0.75171334 -0.20540158 -0.2762275 0.26810953 -0.47088063
hsa3360 -0.3423204 -0.08143567 0.14518705 0.8536008 0.17436638 1.1800269 -0.2722455 -0.9605383 -0.4129996 0.41663584 -0.5748859 -0.34014028 -0.47754604 0.7177177 -1.0902296 0.047755353
D00079 -0.07331137 0.22873382 0.36757758 -1.4439393 -0.9669828 1.0133123 -0.31410533 -1.9352868 -1.9985983 0.35875735 -0.6738761 1.5197101 0.29115617 0.034647632 0.52762485 0.49215
D02070 0.88162524 -0.40947923 0.7429193 0.68475974 -0.4993863 -0.39777046 -0.0022509638 -1.0331502 0.23566696 1.0060434 -0.6008356 0.4324087 0.17734042 0.16572486 -0.058325037 0.15938061
D03858 0.028097153 0.12709685 0.14065959 0.9041722 -0.59446824 -0.68470305 -0.015692161 -1.0548992 -0.1988567 0.7704027 -1.0143026 0.25007176 -0.1833071 -0.6572308 -0.18913661 -0.47237515
hsa1816 -0.19867924 0.053364664 -0.15520991 0.8799752 -0.13615419 0.45223683 -0.66113836 -0.636714 0.14681712 1.3635919 -0.6278195 -0.0496606 -0.14704786 -0.006178751 -0.10484972 0.0029876197
D02356 0.7654505 -0.65696 -0.29224572 0.57398885 0.2879095 -0.18524452 -0.35686806 -1.1589824 0.12954359 0.5011395 -0.56318253 0.20328407 -0.012282734 0.2656765 0.15595655 -0.74365884
D00113 0.7694122 -0.30625272 0.7864662 0.9185949 -0.15412061 -0.39931077 0.2710912 -1.2211465 0.08727817 1.0318681 -0.7039946 0.33879888 0.12046861 -0.12067833 0.08911026 0.15789387
D01871 0.19587407 -0.44144553 0.7548948 0.80974466 -0.2511503 -0.08315487 -0.6657831 -0.9896188 -0.2871688 0.6774289 -0.60572773 0.34951162 0.17259891 -0.43841752 0.23476736 -0.33096346
hsa3350 -0.11201529 -0.15513194 0.21254785 0.9337483 0.04107559 0.535733 -0.12551087 -0.6725175 -0.29121265 0.49190122 -0.6033955 0.36502331 -0.183521 0.5527258 -0.26924384 -0.89967465
D00503 -0.30244222 -0.45332274 0.115020156 0.7843654 -0.09653255 -0.16172217 -0.56444955 -0.29279557 -0.30191863 1.3350283 -0.9441738 0.32134187 -0.16004713 0.4327616 -0.11294621 -0.71115
D01295 -0.08596566 0.07496587 -0.07514638 0.7745887 -0.15383466 0.08261018 -0.3207296 -0.5697606 0.06780868 1.3631964 -0.95857286 -0.115875185 -0.033685654 -0.81443644 -0.13388287 -0.2264375
D00411 -0.21378641 0.18769506 0.55500835 0.5233522 0.12475563 0.9191904 0.18050924 -0.14965662 -0.96616083 1.10259 -1.174004 -0.23123989 -0.054936886 0.30725282 1.6053355 -0.11032641
hsa5731 -0.059375767 0.21843939 0.31084922 -1.2976261 -1.1309134 1.1621722 -0.24079551 -1.933312 -2.2979941 0.17007074 -0.802408 1.5171195 0.3935643 0.1052208 0.5093126 0.48825964
hsa3358 -0.032848835 -0.5020267 0.27885827 0.95282054 -0.20298731 0.62362266 -0.1675604 -0.41356772 -0.5346323 0.6299305 -0.48501667 0.4574699 0.020335466 0.35182557 -0.5555015 -0.6148627
hsa3274 -0.16905399 -0.2393746 -0.8286347 0.5562747 -1.0843393 1.5720224 -0.116429545 -0.76879704 0.16791897 1.0902685 -0.31224972 -0.07544286 0.50197184 -0.30012232 -0.10211051 0.38191277
D02671 -0.34114286 -0.07516503 0.34977633 0.4098515 0.19920827 0.25663984 -0.55607647 -0.27612397 -0.17474297 1.4051695 -0.9116686 -0.1406622 -0.27105954 0.2701859 0.5522807 -0.23530102
hsa134 -0.32250243 -0.6168459 -1.369217 -0.5457807 -0.8582883 0.94535756 0.53164285 -0.69943863 -0.664215 1.2188761 -0.2828445 0.115872204 0.12921458 -0.16915679 0.45887265 0.06927094
D00300 -0.311029 -0.5998358 -0.55299044 -0.04604369 -0.49651927 0.12357708 -0.20182452 -1.3086452 -0.4007442 0.6336626 -0.55487466 -0.41298965 0.90250534 -0.9558899 -0.25807482 -0.37386245
D00371 -0.54724836 -0.47143018 -1.6241701 -0.2515007 -0.5633685 0.6890203 0.48702955 -1.1649367 -0.90604514 1.3654468 -0.87651384 -0.2196324 1.0682353 0.2117026 0.7452209 0.5472688
hsa2918 -0.2233406 -0.77636105 -0.4666922 -1.3034377 0.5623303 0.3432359 0.03272404 -1.4538053 0.2142568 1.4078653 -0.9520807 1.6494697 -0.3866835 -0.27713442 -0.07317868 -0.16616265
hsa8843 0.5347602 -0.3157671 0.34250167 1.2027637 0.040473912 -0.005677411 1.2862911 -0.8734058 -0.89253974 0.7887313 -0.49051133 0.45733774 0.31956276 -0.16646105 0.4703034 0.2011132
D00509 0.62510806 -0.7605917 -0.49145564 0.8398108 0.12045033 0.55221975 -0.56558055 -0.90108526 -0.15784936 0.45218167 -0.365616 0.17682873 -0.55765176 0.24893901 0.5558284 -0.6391882
hsa1133 0.58725613 -0.6851067 0.70826614 0.6960615 -0.39081678 -0.21391739 -0.550872 -0.8442604 -0.020897279 0.9609803 -0.77202654 0.20932066 0.23205158 -0.047536448 -0.25445333 -0.1586862
hsa5733 0.25067946 0.4661568 1.0369059 -0.9943382 -1.0501125 0.98865455 -0.47072992 -1.4571899 -2.0907836 -0.12246573 -1.4322604 1.6936637 1.0465802 0.018792659 -0.19123018 0.31769842
hsa4986 0.5667372 1.0573949 -0.032496214 0.27893454 -0.06490544 -0.3923143 -0.6347188 -0.3753643 -1.0073807 0.7053535 -1.5019035 -0.18282717 -0.93724805 0.061050557 0.09976848 0.030736411
D00607 0.982374 -0.37439176 -0.759491 0.44133222 0.027859395 0.10279264 -0.50821745 -0.5066873 -0.87779903 0.44452655 -0.48107606 0.048318278 -1.1270702 0.2928101 0.14172566 -0.9581984
hsa3355 -0.23186812 -0.504477 0.4371566 1.3863958 -0.14361171 0.911428 -0.086712025 -0.6956324 -0.2750449 0.34859997 -0.7023564 0.5272811 -0.28943115 0.46586516 -0.100542836 -0.6971545
D00790 0.6635065 -0.6283155 -0.06700448 0.6503086 0.73335725 0.36090708 -0.46174076 -0.26234633 0.046167534 1.0981762 -1.1401342 0.00488651 0.29602915 -0.3776713 0.4124926 -0.6262029
D02150 1.0434369 -0.11785115 -0.37639657 0.99906725 -0.42052618 0.7658587 0.10693246 -0.6225951 0.21454827 0.85733277 -0.2718381 0.6029769 -0.4429768 0.6320433 -0.1653474 -0.5358124
D01390 1.0208045 -0.5664383 -0.659919 0.61250365 -0.030067818 0.6791195 0.23403198 -0.5007833 0.086568944 0.51934296 -0.38430452 1.0517805 -0.25879505 0.7843833 -0.19534706 -0.4484328
D03879 1.0687685 -0.3298194 -0.89561814 0.75323594 0.32773337 0.7668109 0.09966628 -1.3313748 0.5666123 0.32182473 -0.9519677 -0.056231376 -0.23475648 0.7464247 0.06991916 0.054097574
D00106 -0.1466618 0.49520007 0.17947891 -1.1076379 -0.8872027 0.8138033 0.02814924 -1.8086011 -1.7085154 0.6771834 -0.30044654 0.72925246 0.522045 -0.10604667 0.91450465 0.3723122
D01352 0.16665453 0.51927197 0.5367693 -1.1641752 -1.0176641 1.0009004 0.14465173 -1.8346181 -1.9304677 0.37960634 -0.6184988 1.0957325 0.4051016 -0.055719063 0.4912695 0.40214524
D00059 0.62673765 -0.16682348 0.07615394 0.016539346 0.59442097 1.0134625 0.20181577 -0.32927585 0.17810646 1.3651708 -0.18102345 0.65699786 -0.22766796 -0.21120082 0.38101235 -0.6357762
D00419 0.101075664 0.35053197 0.86961585 -0.96885157 -0.9650369 0.69545984 -0.47653624 -1.7173879 -1.8409419 0.09071233 -0.8784282 1.7254217 0.87225574 -0.16927646 0.10694779 0.3633052
D03274 0.546078 0.012249837 -0.52422976 0.56560576 0.16076574 0.23668179 -1.0367441 -0.33266318 -0.08103294 0.3399987 -1.3103209 0.03941601 0.097799264 -0.22995871 0.61074525 -1.0260525
D01022 0.9081039 -0.1312243 -0.4199235 0.80176187 -0.1561392 0.24882652 -0.42181554 -0.46134245 -0.6524753 0.4815666 -0.24415185 0.36075884 -0.6806818 0.45351726 0.092864335 -0.76416856
D02725 0.31443885 0.20038827 0.5418074 -1.3250033 -1.306829 1.2767624 -0.34151572 -1.8027272 -2.1756747 -0.116696954 -0.9737952 1.6855731 0.5355476 0.3084138 0.027306981 0.5189642
hsa64805 -0.049171317 0.29795083 -0.10922904 -0.47372362 -0.7201177 0.7355441 -0.063121654 -1.3042936 -1.283037 0.81734955 -0.06439393 0.08708897 1.1065482 -0.019731257 1.324497 0.10372346
D02884 -0.59270483 -0.80797994 -1.2940524 -0.29328448 -0.84405684 0.9849462 0.8982988 -0.76963794 -1.0263723 1.3455913 -0.73597616 -0.1552444 1.1445454 -0.08281428 0.65055394 0.26785883
D00483 1.0021331 -0.19662115 -0.6351157 0.83918214 -0.06126894 1.1299059 0.07510566 -0.6626425 -0.27596948 0.17191286 -0.4896095 0.41630685 0.00846795 1.2300925 -0.4203488 -0.077003516
D01603 0.9174693 -0.6411701 -0.81550527 0.4926562 0.09909128 -0.024765285 -0.6108929 -1.1153567 -0.35099846 0.4475172 -0.2751578 0.093275905 -0.45439047 0.13441448 0.23166098 -0.86690634
D00480 0.9660026 -1.0574758 -0.15030749 0.4810558 0.22515807 -0.16687208 -0.5311745 -0.42918122 -0.5030408 1.0263736 -1.0714592 -0.59730375 0.25547862 -0.32231224 0.15340161 -0.511212
D00281 0.6096272 -0.5852911 -0.6431642 0.5456741 0.037585396 0.35100302 -0.2871663 -0.9593346 -0.33688104 0.5087465 -0.3339851 0.34082595 -0.57360584 0.41273722 -0.0026060017 -1.157587
hsa10800 -0.34172827 0.33669284 0.46931925 0.110566765 0.560721 0.9223036 0.3735309 -0.37348527 -0.63708544 1.0459355 -1.2844121 0.01050859 0.72314775 -0.011322552 1.4831228 -0.10785716
D00234 0.0049099186 -0.6978307 -0.40876377 0.077156916 -0.19187164 0.12933071 -0.8725614 -0.37404796 0.26555103 0.99849856 -1.3193349 0.10377595 -0.0012848764 -0.6288229 -0.45250615 -0.079863995
hsa59340 -0.34265825 -0.8781499 -0.41595164 0.673939 -0.546806 0.35021663 -0.5795179 -1.1183269 0.09531603 0.8056283 -0.48571816 0.13684765 0.32028374 -0.68088686 -0.33873817 -0.23890264
D02566 -0.1512502 -1.0085484 0.008549728 0.5374413 -0.60453975 0.3350683 -1.0322776 -0.76624054 -0.041605115 0.6769654 -0.76344657 -0.08310221 -0.027076596 -0.4529848 -0.08359294 -0.5035746
D05129 -0.34657535 0.15039378 0.600634 -0.059722576 0.2998868 0.69941014 -0.062341996 -0.37146842 -1.0430499 0.46819764 -1.4210695 0.18042873 1.1705358 -0.87470776 0.6289278 -0.42553422
D02327 0.065632015 0.23829275 0.15353972 -0.099354886 0.13842598 -0.22773135 0.4222623 -1.2800881 -0.3853597 0.27983126 -1.472224 -0.65823 0.727791 -0.1910528 -0.77208924 -0.7221807
D03621 -0.08463314 -0.08541044 -0.087339945 0.4533644 -0.69406646 -0.2788909 -0.46567538 -1.5261681 -0.6744815 1.1124356 0.2042342 -0.24282987 0.056689832 -0.95115113 0.07871835 -0.61952376
D03881 1.1262703 -0.3949469 -0.6649316 0.33870077 0.6986918 0.9699127 -0.021071933 -1.3430486 0.19388026 0.2137567 -0.9238997 -0.13529895 -0.42775917 0.6161207 -0.56926125 -0.052514456
D00274 0.030178983 0.07235944 0.6983261 0.65339994 0.27980608 -0.15175721 -0.68947476 -1.1722089 -0.8419427 0.51277155 -0.56400704 -0.43733677 -0.20880456 0.9185727 -0.2880057 0.07854194
hsa5739 -0.3132862 0.29927415 0.44831264 -1.2111583 -1.0183595 0.9749276 -0.17350884 -1.8018322 -2.0445783 0.47145104 -0.79077715 1.1310397 0.56506723 -0.46146417 0.5145659 0.28386703
D01454 0.92683315 -0.4591387 -0.5557855 0.6903348 -0.24131627 0.88937783 -0.013958969 -0.54974157 -0.12276712 0.42398116 -0.48203492 0.8051158 -0.26292568 1.1676841 -0.560595 -0.24062084
D00095 1.3261431 -0.37802663 -0.60258603 0.5484319 -0.015591448 0.90901285 0.26051626 -0.5734252 0.2623376 0.67190397 -0.39882827 0.54816467 -0.21251327 0.5224285 -0.14538223 -0.47958285
D03966 -0.07631694 -0.59941155 -0.32504344 -1.7537082 0.41217604 0.19045581 0.24285406 -1.4599576 -0.5691299 1.1806479 -0.7920236 1.1010969 -0.87291443 -0.4437867 -0.07235726 -0.16879204
D01164 -0.3934144 -0.1996841 0.6716093 1.0357997 -0.09191937 0.5342834 -0.37515628 -0.22480321 -0.17787635 1.3000796 -0.72238827 0.87041825 -0.2930788 0.11813903 -0.2950699 -0.3084586
D00613 0.2625328 0.09167322 -0.6010382 0.4163412 0.2432183 0.63046134 -0.7991199 -0.84299415 0.20232822 0.789726 -0.37240034 -0.03496095 -0.1502578 0.26979348 0.33592984 -0.6340445
D00110 0.42805314 0.3379847 0.67386746 0.7194145 0.03403118 -0.25237247 -0.3488538 -0.726648 0.035971843 1.246581 -1.1608776 0.20563868 -0.63368016 0.3904998 0.13857117 0.17981854
hsa222545 0.32660556 0.12777258 0.19291748 -1.5118182 0.27423313 1.2256893 0.8007545 -1.8375825 -0.70340216 0.9000517 -0.5297955 1.613942 -0.85961396 -0.116764955 0.3419296 -0.37620518
D00604 0.53096247 -0.59294987 -0.74866647 0.654943 0.26454994 0.37639135 -0.79110557 -1.1590438 -0.31665704 0.52650887 -0.21780996 0.3322602 -0.73491544 0.3883256 0.010035256 -1.1280153
hsa5737 0.34787655 0.50029194 0.74784166 -1.089966 -1.4379839 1.182838 -0.04685359 -1.6523764 -1.9655542 0.05480405 -1.2566534 1.3123189 0.7112438 0.21219347 0.028703135 0.7251953
hsa135 -0.2972064 -0.33019567 -1.4340321 -0.2540772 -0.96112394 1.3340217 0.6298311 -0.84637964 -0.8200735 1.3778682 -0.7527917 0.2180032 0.9048073 0.3475683 0.89193374 0.5566886
D01024 0.99288434 -1.5102036 -0.3770213 0.4565123 -0.056263957 0.1937544 -0.38235718 -0.5829609 -0.483032 0.3409263 -0.6814622 -0.122194394 -0.1902365 0.19064376 0.30605033 -0.7086479
D00682 -0.03670707 0.2910329 0.18279707 -1.5034434 -1.0841739 1.1650788 0.07249392 -2.1146631 -2.3114185 0.32744595 -0.60784173 1.3964455 0.49464273 0.043193717 0.5367597 0.49242666
D02147 1.3351955 0.13532232 -0.8416154 0.76433015 -0.35368082 0.9027847 0.19727091 -0.5337699 0.3069308 0.6666146 -0.632843 0.72583646 -0.36036193 0.90004736 -0.2827071 -0.40610552
D02721 -0.2587103 -0.061936326 -0.023066625 -1.4814705 -1.2150857 1.2059073 -0.19189043 -1.9449204 -1.9844198 0.3827517 -0.63726014 1.2605269 0.49177167 -0.070394635 0.5206702 0.44561514
hsa4985 0.47383183 0.73898697 0.0022080243 0.4556995 -0.07221234 0.10398226 -0.99328303 -0.6203214 -0.5812811 0.980047 -1.1623994 -0.058788396 -1.3671334 -0.35668638 0.5633643 0.28703514
D00665 0.25781596 0.11248412 -0.07674154 -0.18375318 0.72165996 0.35773784 0.24673294 -0.7306473 -0.2607379 0.6171638 -1.3643541 -0.25925076 0.52198505 -0.44484264 -0.50895685 -1.0738325
D01891 0.4585138 0.65084535 0.70057213 -1.258562 -1.0577781 0.8970037 -0.5235896 -1.7002164 -2.0043595 -0.17802458 -1.4735936 2.0282393 0.6323443 0.12566392 -0.20899664 0.27767324
hsa5732 -0.22143547 0.30316484 0.6569372 -0.90896153 -0.7807752 0.6606533 -0.3401606 -1.6941198 -2.0097406 0.3543304 -0.966483 1.6073916 0.89864194 -0.40079418 0.38407108 0.30823615
D00432 1.1931094 0.27765286 -0.737356 0.81438565 -0.40520072 0.8333826 0.2776278 -0.7183363 -0.2798437 0.6032934 -0.39166903 0.08982836 -0.66564703 1.4377531 -0.3438485 0.43816948
D01118 0.86978537 -1.4880899 -0.035085052 0.90496755 -0.015455401 -0.046372898 -0.11782333 -0.433001 -0.44640785 0.9012655 -1.214191 -0.62454396 0.3025497 -0.27128306 -0.01010176 0.08632847
D04034 1.0074703 0.15336873 -0.7212888 0.62966627 0.15167966 0.4981784 -0.827294 -0.4715974 -0.001981956 0.122830845 -1.2011722 0.10843248 -0.3506846 -0.17795406 0.47946692 -0.7800115
D01717 0.01938 -0.1625408 0.22126903 -0.4901633 -0.7773578 0.09510311 -0.64566797 -1.265201 -0.9435344 1.0488291 -0.9233369 -0.6559218 0.07088226 -0.61475897 -1.0543915 -1.2309234
hsa3354 -0.28497225 -0.35623524 -0.056457095 1.4665991 -0.30622074 1.0541593 0.010612022 -0.4929971 -0.27798906 0.3376648 -0.78442895 0.2910789 -0.10452532 0.36581957 -0.30410498 -0.44676214
hsa11255 -0.016731458 -0.6423078 -0.5530318 0.4205506 -0.65102464 0.5445107 -0.52760774 -0.7976972 0.17538114 0.937642 -0.69402826 -0.2516285 0.13406923 -0.7360584 -0.5237932 -0.38885653
D00521 -0.02950979 -0.12142655 0.0056425217 0.31387016 -0.5007108 -0.1319885 -0.34328505 -0.36725998 -0.09402372 0.6249495 -1.8076802 -0.025061063 -0.42047033 -0.8568815 -0.14634128 0.41853243
D04979 -0.14556834 -0.63797283 0.067509726 0.7965146 -0.38419768 -0.24430689 -0.720574 -0.46992072 -0.38647652 0.72559124 -0.62534535 0.724842 0.31338575 -0.28976324 0.37731847 -0.3673153
D00426 0.23495425 -0.6686352 -0.24169968 0.6682357 -0.22496817 0.0543212 -0.89798415 -0.3871282 -0.5717891 0.7693057 -0.4445937 0.3298096 0.026284225 0.6406463 -0.15546064 -0.6161825
hsa3357 -0.41705835 -0.27971727 0.4127779 1.5224243 -0.13146475 1.0055205 -0.18043481 -0.69215703 -0.34641463 0.7092246 -0.61371183 0.38230774 -0.14533105 0.37243885 -0.2687389 -0.5358917
D00397 0.6282244 -0.65791965 -0.26888296 0.5844812 0.43120536 -0.42238843 -0.03907337 -1.7341969 0.4802584 0.78734547 -0.693564 0.23216636 0.5232962 -0.36999154 -0.17943774 0.1709817
D00540 0.52171487 -0.13014747 1.0168811 0.44560096 -0.32899117 -0.5272218 -0.3422949 -1.320237 0.045260705 0.77143466 -0.9221622 0.61784214 0.12941396 -0.055815898 -0.3810926 0.16589992
hsa3362 -0.00978151 -0.36531997 0.13495162 1.3890407 -0.43181962 0.8788517 -0.35096738 -0.6515488 -0.051123995 0.6810264 -0.4211562 0.27730286 0.13937382 0.31039724 -0.28790772 -0.0951621
D00442 0.16370061 0.16480628 0.052190907 0.3521214 -0.6725446 0.47403026 -0.22679318 -0.8361721 -0.092540495 0.22957446 -2.0661645 -0.028717162 -1.0008682 -0.42874366 0.7789937 1.0217168
D01712 -0.3746567 -0.42278564 -1.6082956 -0.30015957 -0.995575 1.3584346 0.52368027 -0.93919563 -0.64500886 1.2930758 -0.76933426 0.09724271 0.8845979 0.1455681 0.7157928 0.43164635
D00645 1.180019 -0.68739605 -0.48721352 -0.08652996 0.1978735 0.4527678 -0.49926284 -1.4366597 -0.31560162 0.53357595 0.21908404 -0.5678859 0.08458323 0.40898046 0.48837063 -0.21657225
D02374 1.3115928 -0.2045536 -0.44469535 0.661126 -0.08856208 0.7465943 -0.41176438 -0.6616078 -0.14108445 0.20875096 -0.48663428 0.5219653 -0.16510418 0.9688456 -0.3563424 -0.035664342
D05312 1.0472213 1.0253435 -0.49429268 0.40921068 -0.6231133 -0.4511167 -0.21523419 -0.7346412 -0.90192974 0.55571157 -1.1324892 -0.2586614 -1.2828951 0.33299157 0.16246988 0.29818964
D01236 0.535366 0.49779874 -0.39087224 0.7551314 -0.09332459 0.78564817 -2.10995 -0.47691327 -0.6353425 0.06666673 -1.2657405 0.9282232 -0.69674546 -0.63638365 0.82522595 -0.21619193
hsa2912 -0.27379593 -0.81850153 -0.9380265 -1.6998363 0.36163878 0.6763897 -0.064404555 -1.1826082 -0.2636413 1.2367556 -1.2064071 1.7989511 -0.73808795 0.07663308 -0.089602344 -0.012195046
D00632 1.0637934 -0.5252351 -0.76806414 0.5317094 0.7669939 0.81725514 -0.017985323 -1.2144707 0.6273178 0.58401686 -1.0489693 0.114126585 -0.5296966 1.0362191 -0.07963063 0.27043936
D00232 0.6708111 -0.18474174 0.5983808 0.97638613 -0.37870118 -0.5493922 -0.039916426 -1.263584 0.19596452 0.9509474 -0.9132924 0.43181422 -0.0111468015 0.10690094 -0.09711498 0.0741739
D02342 1.3503711 -0.5379839 -0.6663587 0.094597735 0.073833846 1.370163 0.06461867 -1.1953658 0.1480786 -0.4315075 -0.9104255 0.55235606 -0.12177003 1.1416622 -0.38344628 0.06668617
D05938 -0.24974917 0.28068945 0.28365704 0.7940912 -0.36430243 -0.35417798 0.08357389 -1.6375043 -0.8267389 0.1018119 -0.5729722 -0.17507252 -0.94772166 -0.39305907 -0.13608015 -0.6439933
D00356 0.55658704 0.46666804 0.80421495 -1.209256 -1.4766669 1.3006967 -0.16778532 -1.5916563 -2.039356 -0.11871401 -1.2317191 1.5857114 0.8489029 0.4224559 -0.07988488 0.78778297
hsa1815 0.27139688 -0.15257335 0.31473958 0.9159725 -0.015391019 0.111759074 -0.43900052 -0.3760165 -0.12667826 0.9156201 -0.8769078 0.13661657 -0.009925173 0.33828095 -0.10702639 -0.5269096
D01020 0.5225914 -1.0410739 -0.45807275 0.3878657 -0.07568256 -0.07794834 -0.08284871 -0.7906199 -0.24076164 0.25111976 -0.3642636 1.4644848 -0.35846922 0.7457319 -0.44921273 -0.43227258
D05341 0.19486946 1.0302702 0.34103438 -1.3110503 -0.6006775 1.1619209 0.5359832 -1.9209427 -1.606625 0.5068396 -0.6092068 1.0389534 -0.61619294 -0.29890323 0.827749 0.16717303
D02076 0.75084496 -0.1608991 -0.88832825 0.3400754 0.9241578 0.5479749 -0.41674972 -0.7291781 -0.3503367 0.23668991 -0.92629975 -0.020643566 -0.5881184 -0.025695633 -0.56429964 -0.73607165
D00837 0.98778534 0.09090676 -0.32508978 0.14722921 0.089245066 -0.27479264 -0.38431865 -0.5998689 -0.9233007 0.42833766 -0.87957764 -0.255973 -1.2068934 -0.065471984 0.115851864 -0.077128425
D05246 0.56229526 0.98731595 -0.5145963 0.3972571 -0.25496194 -0.013420011 0.106346905 -0.62681013 -0.54376554 -0.011995689 -2.1058147 -0.13692838 0.55268335 -0.12785374 -0.3401998 -1.1694435
hsa136 -0.19924529 -0.3569841 -1.5077634 -0.10742076 -0.9887507 1.0896587 0.5347361 -0.8663473 -0.69676036 1.1557691 -0.6125258 -0.16005576 1.0425718 0.3325227 0.55242556 0.66836023
D00563 -0.036046326 -0.09991674 -0.051766228 1.2109203 -0.2835266 -0.014496499 -0.72624564 -0.89987946 -0.7420696 0.6217814 0.04909836 0.71881014 0.031626135 -0.59494114 0.46902147 -0.21863167
D02338 1.2377375 -0.3057548 -0.57138926 0.39793167 -0.21604733 0.86965 -0.20815048 -0.7640824 0.09721977 0.07627804 -0.7407772 0.4643285 0.43482295 1.0257796 -0.59295064 0.17298327
D01965 0.94901675 -0.9751033 0.06710389 0.50797576 0.062468942 0.07615681 -0.33833173 -0.87751955 -0.34794095 0.2699626 -0.81156147 0.06619722 -0.4036995 0.5307701 -0.19717677 -0.8391934
D02082 -0.011828461 0.6520625 -0.5128643 0.20603205 0.27770597 0.02139439 -0.0011578323 -0.6743446 -0.89619726 0.043960728 -1.7080818 0.06621504 0.9516376 -0.5217148 -0.24774234 -1.0457906
hsa57105 -0.27893382 0.37633434 0.65553576 0.20544522 0.062441196 0.77259785 0.5343884 -0.43029842 -1.0400865 0.8743256 -1.0548981 0.10255852 0.9660755 -0.3624386 1.5609078 0.078672186
hsa2914 0.009046545 -0.70007306 -0.965754 -1.4838603 0.5835055 0.87321794 -0.013077878 -1.2832217 0.0022850884 1.4675637 -1.1506944 2.0484176 -0.4757336 0.05762403 0.05514842 -0.11824973
D03187 0.34387952 0.31164765 0.8753938 -0.97375274 -0.66652524 0.21306278 -0.59285116 -1.6624969 -1.8664848 -0.023867663 -0.87523305 1.8669584 0.67251277 -0.3310077 0.05439378 0.28446546
D00666 0.14508662 -0.08616239 0.22874725 -0.47780606 0.12931734 -0.020032456 0.4604549 -0.7142579 -0.5591454 0.758504 -1.6114255 -0.6712425 0.49920994 -0.0865216 -1.1510435 -1.2024828
D04040 0.48743784 0.8833508 -0.30457717 -0.14824003 0.13751525 0.12642775 -0.16356537 -0.27528736 -0.9513449 0.22671705 -1.8997334 0.21559373 0.84296566 -0.52982515 -0.19389027 -0.874646
hsa2916 0.15456958 -0.8166371 -0.8487483 -1.7263497 0.6297184 0.26755497 0.14650388 -1.4010341 -0.13356236 1.3572024 -1.08662 1.7075667 -0.80120015 0.018942095 -0.15926453 -0.055628527
D00687 1.0480722 -0.2613764 -0.4885358 0.62614775 0.14460528 0.9552124 -0.43328747 -0.38198915 0.33601496 -0.08360402 -1.4431164 0.3570596 -0.7197353 0.115795024 0.44687897 0.1919131
D00646 0.81564707 -0.54761606 0.00016172067 0.63372874 0.8598718 -0.18973638 -0.27325282 -1.1813426 0.50391334 1.0062134 -1.046129 0.33472964 0.394662 0.14760566 -0.13861912 -0.42292732
D00241 0.5494966 -0.0564698 0.059021134 -0.4129983 1.0559919 0.88639027 0.9694688 -0.9610746 0.19902945 1.2820191 -0.77629536 0.6132208 0.34094185 -0.53610885 0.62488866 -0.79231805
hsa6752 0.31053123 0.34959045 0.36662838 0.2076092 -0.24110883 0.5223514 -0.38480318 -0.6503635 -0.60407984 0.20373654 -1.6683403 -0.057883654 -1.346894 -0.29813594 1.012884 0.71879447
hsa2913 -0.07161887 -0.6859978 -0.6707567 -1.7026511 0.1460238 0.5287818 -0.034034584 -1.379138 -0.33973935 1.297479 -1.0587407 1.8853986 -0.44156897 0.15516874 -0.06885092 -0.16346973
hsa7201 0.16442643 0.21464479 -0.26602232 -0.31385294 0.3833107 0.2331389 -0.3928154 -0.48701096 -1.4311686 0.59003955 -1.3585562 -0.05933318 -1.3482616 -0.38346416 -0.66415215 0.78110194
D02614 0.93880326 -0.6176531 -0.9069134 0.81911457 0.6359414 0.7187964 0.17886339 -1.2017634 0.3799307 0.41270298 -0.96058315 -0.04805574 -0.19094105 0.6324196 0.0021817947 0.21059678
D02279 0.25952297 0.29145393 0.012914704 -1.0222702 0.07479242 1.262141 0.82738066 -1.4756464 -0.7199221 0.8103626 -0.15454017 0.9315564 -0.43741763 -0.24762516 0.46525007 -0.5500859
D01964 0.7066094 0.44095245 0.5578991 -1.2331831 -1.445919 1.1067462 -0.13247035 -1.6157544 -1.7721331 0.0137950815 -1.3458619 1.6176153 0.6677462 0.41878787 -0.34707868 0.7873005
D01324 -0.53643334 -0.7033249 0.56486034 0.2919395 -0.31966648 -0.08972732 -0.83284056 -0.4161565 -0.26292634 1.1387422 -1.0570073 0.22030987 0.23137292 -0.093106575 0.1672363 -0.5741592
hsa10161 -0.10123405 0.76190156 -0.58736956 0.03141734 -0.18922499 0.3284108 0.3141215 -0.6785056 -1.1954998 0.87994295 -1.1603793 0.019294266 1.4147497 0.39945632 1.2095951 -0.045002304
D02910 0.90323377 -1.1067641 -0.24744147 0.82648736 0.14248551 0.63939387 0.03264538 -0.27063137 -0.102083005 0.4350202 -1.1152152 0.0345027 0.17214191 0.4914858 -0.41153327 -0.14834733
D02359 1.0026954 -0.80622596 -0.7364781 0.32304442 1.0228539 0.26173458 0.07679527 -1.4921522 0.73770815 0.89570534 -0.937457 0.36340386 0.3316213 0.32032055 -0.055644486 0.15808088
D00498 1.2032942 0.7137597 -0.37263393 0.9553825 -0.6822936 0.108080335 0.07367555 -0.58043474 -1.2154883 0.8751397 -0.42491943 -0.5084264 -0.7994827 1.0022396 -0.026903927 0.15163207
D00715 0.94186306 -0.12805979 0.8312944 0.84683436 -0.2696098 -0.48000276 -0.24309154 -1.2121998 0.095385015 1.2164358 -0.69373757 0.17676802 -0.05612083 0.32456774 -0.02782313 0.30073115
D01227 0.2033059 0.14663452 -0.5111906 0.14112094 -1.2248912 0.44717565 -0.059520572 -0.40986055 -0.86077 -0.039051265 -2.1428533 -0.8507963 0.07093034 -0.09423955 0.09862935 -0.9743571
D01126 0.46789142 0.12890393 0.4240591 -0.85889035 0.6128085 1.4198769 0.9971253 -1.4163724 -0.4438106 1.1512879 -0.32884505 1.3251507 -0.27918938 -0.26484314 0.3970211 -0.640452
D02358 1.330968 -0.45575595 -0.3424545 0.33989894 0.11923486 1.1492635 0.15276738 -1.2491792 -0.32707524 -0.07163208 -0.2531975 0.67899054 0.2564636 1.4242213 -0.57404304 0.009083914
D01441 -0.09127827 0.54685104 0.21140738 0.6190185 -0.54027784 0.3548542 -0.5725 -0.043154 -0.46546194 1.3841437 -1.1216918 -0.15038286 -0.18655308 0.100260824 1.2624705 -0.7773801
D01297 -0.753167 -0.19821738 0.29433188 0.62536806 0.3153457 -0.58251023 -0.57127976 -1.309892 -0.7825308 1.057689 -0.42166677 0.047334783 -0.43786758 -0.08340173 -0.48058188 0.49275833
hsa3361 -0.14977844 -0.42161098 0.12654462 1.3083405 0.20328265 0.85252887 -0.04194566 -0.90304404 -0.30222434 0.66262037 -0.4893497 0.56371135 -0.12834129 0.35285634 -0.5690256 -0.25364566
D01103 0.4340243 -0.30434233 0.74430764 0.13595511 -0.118212715 -0.8453357 -0.113655314 -1.4890149 0.030528786 0.7716166 -1.1437286 0.37413833 -0.388058 -0.20463245 -0.39769697 -0.2020202
D02234 0.56148535 -0.54806966 -0.6062531 0.58204633 -0.6188174 -0.14176428 -0.68146884 -0.50152326 -0.1720118 0.21714787 -1.071273 0.30089697 -0.6635948 0.026903767 -0.40897238 -0.5270534
D00838 0.7786782 0.7619882 -0.16326283 0.40544415 -0.59861296 -0.22580852 -0.26265666 -0.9020034 -1.3296481 0.39700568 -1.0715417 -0.46757123 -1.2248056 0.27844292 -0.44689524 0.24691702
D04006 -0.4919127 -0.45882082 -1.5593942 -0.44714156 -0.75578266 1.1801909 0.6716496 -1.2306877 -1.0098644 1.3576937 -1.3736303 -0.20725569 1.3926646 0.2616173 0.7625676 0.47501734
D00520 -0.20033509 -0.8492274 -0.5799031 0.15659493 -0.6149959 0.19908506 0.046829943 -0.5609638 -0.46795246 0.7086896 -1.2406322 -0.76490754 0.51877755 -0.31251583 0.049493168 -0.42211866
D02278 0.3045609 0.41381666 0.38521156 -1.7244316 0.41601136 1.2747599 0.7077034 -1.9795709 -1.2395672 0.84064555 -0.44492236 1.6085606 -0.8215253 -0.3226238 0.5693355 -0.35231888
hsa338442 0.43114468 0.22847225 0.10764806 0.7244146 0.36082426 0.15296373 1.5139595 -1.0770912 -1.0763135 1.2233781 -0.19574916 0.45077702 0.70864546 -0.31572282 0.8393375 0.26831487
hsa6751 0.040582195 0.024727775 -0.26200378 0.13448302 -0.2113405 0.0076483623 -0.19157468 -0.67199284 -0.7755437 0.28668502 -1.7452365 -0.20043154 -0.90765125 -0.3046528 0.93740034 0.6624417
D00675 -0.47140324 -0.47276333 0.08818107 0.88476366 0.5174249 1.2870812 0.34795892 -0.6075785 -0.0450926 0.6052914 -1.1823392 -0.050512943 0.28170642 -0.07483014 0.12749375 -0.9159255
D05113 0.9426172 0.5258605 -0.20207575 0.33846703 -0.4913963 -0.5533801 -0.16353256 -0.9384591 -1.4173604 0.15737244 -0.8690384 -0.40928796 -0.8847681 0.36665264 -0.13229282 -0.1587227
hsa5028 0.0384433 -0.08242668 -0.0004542882 0.30941623 -0.14818321 0.52398586 1.3762727 -0.7419575 -0.67379093 1.4809163 -1.2375563 0.37711555 1.1095105 -0.09283572 1.3423963 0.46573868
D04625 1.4026138 -0.35818508 -0.700845 0.7159404 0.0892222 0.82258826 0.43185177 -0.7654495 0.24849392 0.77135867 -0.50648147 0.49821696 -0.33013284 0.876138 -0.15096363 -0.47993407
D00410 0.052866146 -0.2280303 -0.9600284 0.71873176 0.55713314 -0.036415488 0.17303436 -1.2873385 -0.8383631 0.8882553 0.002797605 0.06083596 0.97609067 -0.83762884 0.39375895 -0.20900084
D02066 1.1841445 -0.023380244 -0.6304551 0.8551567 -0.41142675 1.0225656 0.26101208 -0.41549927 0.26582736 0.4134783 -0.75234056 0.36852458 -0.14921984 0.37515453 -0.28371862 -0.23202583
D03490 1.0626867 -0.58765763 -0.36449525 0.21367663 0.06935075 1.1752878 -0.005847595 -0.8868234 -0.07962635 0.005615078 -0.6100458 0.78116524 0.25008464 1.2730756 -0.510886 0.123772554
D03415 1.2109882 0.11970634 -0.7469912 0.7778982 0.07029999 0.8881921 -0.31023243 -0.37306425 0.20595574 0.117371194 -1.30874 0.16889767 -0.0034259763 0.809699 -0.24809559 -0.3576789
D01782 0.19765165 -0.16795924 0.1178582 0.029681548 -0.26280615 -0.024561632 -0.9371603 -1.0185088 -0.6723282 1.0195187 -0.105498746 -0.57643837 0.20310323 -0.12090064 0.17901121 -0.48396346
D06396 -0.16085175 -0.003811517 0.088801056 0.87059116 0.44995412 0.38357803 -0.48968032 -0.77009225 -1.1649779 0.30373767 -0.74162257 -0.084704235 -0.88911265 0.7398989 -1.0676787 0.2951413
D00332 0.18477708 -0.4992138 -0.97653365 -0.7230292 -0.10626236 1.0551807 0.48489076 -0.9518752 -0.15912454 0.4682191 0.0032036023 0.41056108 -0.30681962 -0.20052032 0.41322458 -0.52891004
D00394 0.8299219 -0.93403625 -0.7344265 0.42643878 0.3674043 -0.106025144 -0.121840335 0.084571056 -0.92528 0.8472823 -1.1617354 -0.09465528 0.633023 0.1527462 0.5305627 0.3575412
D04716 0.65211946 -0.6953457 -0.3164064 0.0215731 -0.13422284 -0.24112958 -0.25938386 -1.1352482 -0.6258636 0.5298648 -0.7216402 -0.9347552 -0.55311507 -0.596207 0.4488182 0.059389584
D01828 -0.023586191 -0.12345022 0.596927 -0.052253522 0.62772906 1.3613052 0.26486194 -0.2535756 -0.4417249 0.6684482 -1.1258609 0.25109822 0.53391016 -0.43209717 1.1338942 -0.6079943
hsa2846 -0.33417732 0.34512982 -0.22920553 0.18868165 -0.6291496 0.64931965 0.7651638 -0.7577889 -1.003724 1.2066542 -0.90425116 0.07640552 0.982906 -0.0010882113 1.6653062 0.52637357
D00779 0.7914083 -0.14822334 0.4990991 0.61295974 0.06519242 -0.83823854 -0.2992479 -1.6394482 -0.17221664 0.84133625 -0.86268723 0.6402389 0.06455036 -0.17354698 -0.2812503 -0.08333995
D01242 0.5290573 -1.1370476 0.13478331 0.4551961 -0.3345119 0.0051964177 -0.23805223 -0.3857152 -0.8077566 1.0534648 -1.3299388 -0.7557065 0.8123995 -0.54985523 -0.30829456 0.037911437
D00049 0.7068403 -0.09535838 -0.11596683 0.5458208 0.5027711 0.22517355 1.1924472 -1.3838962 -0.6183571 1.7324858 0.11850757 0.6627948 0.62261015 -0.6970817 0.5420316 -0.11478877
D00465 0.7234543 -0.15296714 1.051825 0.29750425 -0.3344995 -0.5774767 -0.41927403 -1.404745 0.038045514 0.96160924 -0.6851233 0.4933795 0.12686713 0.055410724 -0.4920697 0.2067327
D02578 0.15172331 -0.14884709 -0.531796 1.2664584 0.7794743 0.9041113 0.4807382 -1.2923547 -0.5023277 0.26180044 -0.26012206 -0.19589955 0.24580581 0.5274082 -0.02703561 -0.107959874
D00524 0.5659154 -0.39563912 0.67529386 1.156999 -0.15543705 -0.033188265 0.48836407 -1.2463288 -0.42542043 0.52492225 -0.36887798 0.50838286 0.3359564 0.113381304 -0.009205838 0.1213176
D00627 0.6654715 0.6518369 -1.0552822 0.39794916 -0.24832413 0.08023555 -0.5674018 -0.32942137 -0.26640838 -0.106802896 -1.9070498 0.22778378 0.49720028 -0.03962459 -0.07306134 -1.1615936
D03442 0.4874541 0.28586245 0.47111544 0.04490335 0.42810655 1.3432757 -0.40084276 -0.74764746 -0.09766795 -0.045383275 -2.0670185 -0.052518256 -0.9356031 -0.13586274 -0.20118567 0.9190769
D03654 -0.014957168 -0.112898536 0.4223119 1.5750432 -0.46019205 -0.5076033 -0.05315828 -1.0625771 0.012239739 1.0515391 -1.6484884 0.19823746 -0.095707715 -0.70267475 -0.23771259 0.13794489
D00295 0.48444164 -0.5208856 -1.1951456 0.92977095 -1.8021562 1.9418304 -0.54941815 -0.8963075 0.049700253 1.0338813 -0.49817958 0.44526082 0.48056707 -0.4139148 -0.35487604 0.3563416
D00606 0.4261725 -0.031325802 -0.9132117 0.5172813 0.64766544 0.44319212 -0.47295102 -0.81548095 -0.6015174 0.26147294 -0.29630834 0.33864072 -0.59282506 0.31564084 0.17515013 -0.9815214
D00318 -0.06299844 -0.55841285 -0.68079233 0.5392917 -1.3101108 1.000748 -0.5819229 -0.87513393 0.16498639 1.1617723 -0.57576203 -0.017255094 0.50052595 -0.72072333 -0.45687422 0.25795695
D02826 -0.647341 -0.76810306 -0.20058215 0.617486 0.30649793 0.64576226 -0.18025634 -0.8208198 -0.15207365 0.7176979 -0.66687495 0.4213241 -0.6046641 0.4567731 -0.17640506 -1.1699035
D03503 0.32126048 -0.31056607 -1.4583644 0.7140978 -1.7951921 1.971658 -0.60809165 -0.80643755 0.08640679 1.3317178 -0.5452296 0.19496377 0.5750245 -0.3401386 -0.005743576 0.6294969
D00440 0.3591603 -0.25043708 -1.3562661 0.60289985 -1.779167 1.5211381 -0.6055169 -0.75083995 0.0594531 1.2845433 -0.6481421 0.3593262 0.4975221 -0.3486636 -0.16000639 0.37846977
D03365 0.7368147 0.03030604 0.3555394 0.9794186 -0.19930959 -0.066862285 1.1320413 -1.2635204 -0.77787066 1.1967752 -0.010941095 0.2687697 0.190902 -0.3488027 0.38696223 0.12424975
hsa5029 0.2756837 0.52228147 -0.97676605 -0.111952074 -0.5708119 0.22791815 1.0274819 -1.1010475 -0.75512177 1.0934485 -1.1699572 0.18213966 1.2283461 0.56860304 1.3478084 0.54024845
D00094 -0.2308785 -0.2788144 -0.74112767 -1.8177958 -0.97349954 1.1758125 -0.5100042 -2.0801816 -1.593121 0.5144009 -0.5755255 1.156539 -0.043538876 0.6034289 1.1355327 0.82570505
D00139 -0.119295694 -0.43468973 -1.3932881 0.8561464 0.6811881 0.2402883 -0.1814123 -0.09838489 -0.5998856 1.226331 -1.1556997 0.1916554 0.73980236 0.022991192 0.49167508 -0.092999496
D00415 -0.3107802 0.04169464 0.04912876 1.3005683 0.3455253 0.7383864 0.83880466 -1.071679 -0.59848297 0.4268737 -0.81025416 -0.26464307 0.1624801 0.29509306 -0.31572822 -0.77068734
D00336 -0.032807894 -0.2886739 0.51366496 0.59283686 0.52730316 0.3727193 -0.55141014 -0.37911236 -1.4743539 1.0800183 -0.6266674 -0.54931676 -0.3954844 0.78187734 0.35224524 -0.3193118
D00227 -0.38919693 -0.94957715 -0.7818702 -0.09592699 -0.6894776 0.44074553 0.39662728 -0.6162384 -0.8260797 1.0892167 -1.2798147 -0.74075454 1.0969776 -0.093323596 0.24280837 0.038863957
D00422 0.8866575 -0.106676355 -1.6478255 0.4430213 -2.178798 1.7817999 -0.7795046 -1.039132 -0.085072175 1.0841457 -0.8074847 0.47211823 0.6359567 -0.52920294 -0.15890732 0.53010553
hsa5030 0.18962929 0.5290729 -0.6678281 -0.16568005 -0.6576792 0.3786613 0.58804715 -1.01632 -0.87591535 1.2017384 -1.2952983 -0.24069606 1.2938207 0.5789027 1.4193674 0.642601
D02007 0.4911731 -0.3803264 -1.1415503 -0.5915275 0.85335493 0.120426744 0.037763774 -0.47680044 -1.1534072 0.75743556 -1.0145017 0.24273607 -1.3218564 -0.24247587 -0.7867673 0.5698692
D00522 0.6750341 0.88487756 -0.71295136 0.243081 0.24914864 0.20695737 -0.10513078 -0.27665713 -0.6963275 -0.087389335 -2.0849159 0.37690622 0.5676179 -0.075367436 -0.14192326 -0.93813527
D00225 -0.41718775 -0.4174229 -0.6379089 1.0029348 0.13324499 -0.3880118 -0.21386194 -0.3458923 -1.0486132 1.2242631 -0.3975626 0.8700587 0.8650629 0.34641072 0.22881389 -0.27981797
hsa3363 -0.07590212 -0.40534952 0.023133239 1.4392408 -0.060810488 0.55045307 -0.082605235 -0.57827806 -0.4345546 0.32786053 -1.0321099 0.26663923 -0.31836808 0.5063251 -0.17075314 -1.3594466
D00845 -0.22827029 0.321166 0.34741032 -0.024180029 0.0057015955 -0.55360395 0.18290524 -1.6004366 -0.72765625 0.20984122 -1.2709993 -0.48587605 -1.0405389 -0.077015005 -0.4605263 -0.5853822
D00306 0.4212144 0.3591614 -0.46024317 0.86772484 -1.132959 0.25392708 0.065556176 -0.8826717 -1.0772082 0.9909153 -0.26567447 -0.52265835 -0.6899167 1.0965412 -0.34268767 0.80778575
hsa9052 -0.25921088 -0.65542024 -1.1215535 -1.8491881 -0.82822984 1.2117194 -0.6211415 -2.0610287 -1.3916777 0.7783391 -1.0776163 1.3858235 -0.1194267 0.87500423 0.9823425 1.1587797
D00400 0.47323507 1.1447797 -0.51106936 0.5658032 -0.23594484 -0.34659263 0.09166815 -0.99846345 -0.6738131 -0.079215564 -1.7528408 0.04668483 0.8595517 -0.015898205 -0.03662373 -0.9128051
hsa9934 -0.15611057 0.38338006 -0.57809275 0.14988248 -0.42304942 0.88061297 -0.12174756 -0.794104 -1.6231587 1.0858729 -0.49651802 -0.3347059 1.1084329 0.55863065 1.4644939 0.41648364
D01745 0.013644403 -0.1254851 0.3316492 0.37712246 -0.17066945 0.10127184 -1.0782197 -0.14135115 -0.1354191 1.5166403 -1.1396116 0.38570166 -0.32179686 -0.19307359 -0.65798295 -0.23255308
D01925 -0.009674754 0.026081564 -0.633545 0.11647073 0.42747673 0.11529767 0.36668807 -0.109367274 -1.8656127 0.790267 -0.9755527 0.15143262 -1.054715 -0.2564655 -0.8752149 0.7999306
D01269 -0.22257988 -0.6100324 0.8669395 -1.2049756 -0.10666332 -0.51229024 -0.2166302 -1.363765 -0.24157108 1.3025111 -1.419698 0.17965789 -0.6161506 -0.2909989 -0.79801935 -0.9248837
D00673 0.7152661 -0.14671047 -1.5806302 0.42280644 -2.205048 1.6846796 -0.9228464 -1.0857484 -0.09589262 1.22734 -0.7940851 0.6093366 0.6440022 -0.7207152 -0.10137386 0.35729486
hsa2917 -0.13268785 -0.66296536 -0.846086 -1.3909231 0.42573822 0.4915972 -0.13527644 -1.2355018 0.15950917 1.4076145 -1.2106712 1.9680711 -0.38057086 0.29930428 -0.027271044 0.046002615
hsa140 -0.13537934 -0.04058198 -1.2653197 0.060578737 -0.9229319 1.1950407 0.41924995 -0.5929624 -0.9497841 1.1923617 -0.44982702 0.002188244 0.719175 0.35170773 0.9272985 0.9040808
D01071 0.4756192 -0.06173621 -1.3414677 0.24108544 0.57835674 -0.33459124 0.8530903 -0.15945691 -1.7730798 0.73832977 -0.9970578 0.99004424 0.22580004 -0.37421706 -0.20345695 0.5753417
D00635 0.9954577 -0.24922363 0.20445205 0.0417991 0.45073196 0.87969506 0.28020212 -1.2403795 0.32009152 -0.30424964 -1.8766712 -0.34501004 -0.07112588 0.44593254 -0.5906631 0.5042208
hsa5031 -0.3334101 0.11844625 -0.7830835 -0.2577247 -0.56829363 0.41748962 0.8082173 -0.9625387 -0.89446795 1.1227041 -1.0090337 0.37296242 1.3151478 0.54695624 1.5194432 0.706729
D05740 0.1437974 -0.072921544 -0.03514521 1.1657897 -0.4668005 1.2847857 0.3475126 -0.15194958 -0.2930072 0.36249265 -1.4365456 -0.3116144 -0.14579071 0.3252334 -0.4808366 -1.0327559
D01713 -0.14558104 -0.35372114 -0.392153 1.7203282 -0.2737966 -0.09724194 -1.0962758 -0.45553285 -1.0692843 1.0179666 -0.13799223 1.0681955 0.06617304 0.0998582 0.44331887 -0.20219187
D00769 0.06928588 -0.077010795 -0.15225975 -0.04080828 -0.68562305 0.4844311 -0.6459625 -1.5407842 -0.6180394 0.9562229 0.6699707 -0.12866007 0.5959576 0.010005425 1.0709846 -0.16217789
D06056 -0.10467838 -0.27283907 0.03596073 1.073581 0.48268104 1.1338543 0.05225274 -1.17825 -0.81424123 0.8158538 -0.123035975 0.021191696 -0.24818727 0.53198147 -1.0052966 -0.15134867
D01699 0.16227172 -0.11930131 0.15601684 1.5154651 -0.45693764 -0.3215373 -0.010944689 -1.0893521 0.07289468 0.86184984 -1.3596174 -0.053188656 -0.045513168 -0.81083643 -0.22254151 0.2290981
D00523 0.15487827 0.6816658 -0.4340095 0.5748236 -0.38410515 -0.5195042 0.2125079 -0.44906372 -0.6568356 0.2487377 -1.5579906 0.4685654 0.83253396 -0.040349152 0.16925617 -1.0234375
D01332 -0.17756173 -0.3420109 0.36817202 -0.1917039 -0.3076713 -0.11117158 0.035978667 -0.6201426 -0.4252765 1.317099 -0.9670019 -0.16187003 0.106099546 0.1644037 -0.926552 -0.88580513
D00301 0.85931176 0.00857131 -0.2817905 0.33003432 -0.74919015 -0.458528 -0.10357133 -0.9152526 0.01332391 0.18771365 -1.2829192 0.3664331 -1.174756 -0.20194641 -0.6409532 -0.034906723
D00235 1.1869794 -0.6268243 -0.72724694 -0.1376073 0.18315311 1.3386123 -0.08640496 -1.242312 -0.13929994 -0.34680143 -0.7835709 1.0718055 0.24868995 1.459975 -0.790884 0.299801
D00443 1.1020293 1.1231835 -0.54514545 -0.28880063 -0.09652215 -0.8576881 0.025262546 -0.5787048 -1.6015184 0.0005943143 -1.478469 0.7516931 0.29614443 -0.22314778 -0.14937198 -0.29511943
hsa1268 0.05153617 0.36413628 -1.0526491 0.7795926 -1.3399975 0.80612046 0.114076145 -0.75824577 -1.2855078 1.029237 -0.22966005 -0.6474009 -0.48782724 1.3926404 -0.13004208 1.2058145
D01692 -0.050595123 -0.499364 -0.118256666 0.9724117 -0.46506396 0.15259519 -0.7151773 -1.167014 -0.83553433 0.5064809 -0.27208516 -0.3398192 -0.6597549 0.925026 -0.48804092 0.45449585
D00965 0.38231206 -0.7952452 -0.9447525 0.38782385 -0.1268926 -0.46685416 0.48356137 -0.2684995 -0.31603658 0.3762536 -0.76512736 1.4564375 -0.25794956 0.31147033 -0.13323535 -0.32759044
D01994 -0.29933214 -0.18812232 0.57592934 0.34374416 0.4460787 0.6070535 0.12328155 -1.5609257 -0.29471472 0.3196779 -1.1973816 -0.591674 -0.69503456 0.56245035 -0.9874663 -0.42794305
D01346 0.21479166 -0.9417561 -0.6910871 -0.5707645 0.6792359 0.05035454 -0.41704255 -1.3770566 0.8768533 1.2613155 -1.2053965 0.802934 0.4261695 -0.6311501 -0.26158 -0.0435337
D00574 0.12227246 -0.49311274 -1.2902207 0.61532664 3.982254e-05 -0.49391893 0.66102046 -0.041654427 -1.2754786 0.393582 -0.99681383 0.92058307 0.12604097 -0.042977113 0.5067872 -0.12004032
hsa887 0.578969 0.33688438 0.42277497 -0.0022389689 0.32734382 1.95719 -0.7604359 -0.62468636 -0.34997627 0.023957329 -2.246634 0.11518168 -1.2837949 0.08914838 -0.25268728 0.96898884
D00780 0.65360403 -0.36453095 -0.042244863 0.24059354 -0.541269 0.6630146 -0.0348773 -0.10634606 -1.2960671 2.4620554 -0.44326618 -0.1100203 -0.7364331 0.6666449 -1.0724263 -0.21102297
D01462 0.15271182 0.059814747 0.4742587 0.053819392 -0.17395063 0.12363704 0.20612828 -0.034039903 -0.95970124 2.0237837 -0.9760661 -0.131237 0.059343006 0.26378426 -1.1272494 -0.4273799
D00954 1.0579277 0.18792266 -0.27071628 0.29905036 -0.33350518 -0.91540956 -0.37823477 -0.53681284 -1.271424 0.08820185 -0.66153246 0.5508282 -0.2937455 0.41446885 -0.33620405 -0.5284225
hsa886 0.5362361 0.41122782 0.34082016 -0.10425017 0.5859369 1.6687359 -0.70335585 -0.5687206 -0.47035274 0.1523981 -2.1426613 -0.17899422 -1.1599995 -0.17891513 0.045591906 0.8318274
D02357 0.11803229 -0.25704625 0.09725971 0.75559306 -0.5494485 0.30688128 0.3152604 -0.39445186 -1.1830409 1.909726 -0.46783364 -0.40951553 -0.40714288 1.0072798 -0.80357546 0.10203952
hsa23620 0.30607677 0.21663173 0.2367235 -0.50226307 -1.4140215 0.5682068 -0.8170081 -0.84036267 -1.4506533 1.0515969 -1.2334787 -0.49121124 -0.15938744 -0.30557153 -1.2275531 -1.1051091
hsa6010 -0.022791224 1.4680533 0.38515165 -1.1318415 -0.6581742 0.8663676 0.079779856 -1.482709 -1.4293052 0.40591145 -0.8363056 0.72488594 -1.1661074 -0.41814873 1.0124038 0.095154524
hsa2915 -0.1820021 -0.8310032 -0.44365788 -1.5810562 0.37584144 0.8427539 -0.1522113 -1.4884993 -0.03868845 1.3253894 -1.1354235 2.2892344 -0.5343945 0.28512082 -0.16834407 -0.35003278
D03880 1.2934204 -0.553779 -0.5961712 0.34126943 0.5251408 0.7519899 0.06308573 -1.0355968 0.45794588 0.31462023 -1.0598688 0.050222054 -0.21345644 0.8191072 -0.29957247 0.26103207
hsa2911 -0.110562444 -0.75842613 -0.891985 -1.4711752 0.43608266 0.81758964 -0.25730997 -1.1752452 -0.023286145 1.3169916 -1.0181541 2.109886 -0.71468246 0.2619834 0.0921261 -0.23410654
D00609 -0.29853845 -0.15364937 0.37525132 0.74849534 -0.028054263 -0.42793357 -0.7129524 -2.1347985 -1.2295828 0.6432714 -0.4122244 -0.30359456 -0.7181876 0.5648267 -0.36234048 0.22116643
D00364 -0.27535316 -0.0872277 0.2779426 0.8434782 -0.18195774 -0.26527098 -0.98291 -0.7540141 -0.6444859 1.039341 -0.9466953 0.11586763 0.8094612 0.57268494 -0.62478036 -0.9272066
hsa1910 0.42462853 0.77679235 -0.1478635 -0.079562135 -1.3861256 0.27040073 -0.3967803 -0.3693228 -1.306545 0.21048595 -2.1222925 -0.79324037 -0.4354069 -0.38507313 -0.050748136 -0.77892894
D00499 -0.026582098 -0.6447117 -0.74563223 0.7865076 -0.30553254 0.27704975 1.7454776 -0.3061133 -1.4556241 0.69763607 -0.8457967 0.8296762 0.22099932 -0.18998593 -0.008385195 0.2202565
hsa5729 -0.17234285 0.16405341 0.6109746 -0.5464385 0.08790575 0.6945657 -0.27944672 -0.76681376 -1.6615926 0.11362656 -1.311118 0.62071174 0.99632305 -0.8330385 0.24477153 -0.2318373
D00684 1.5557547 0.16568568 -0.77420765 0.67353606 -0.73232126 0.21635234 -0.008637546 -0.43433946 0.1838742 0.6435192 -0.9830711 0.9000538 -0.6493352 0.21717313 -0.84329057 -0.0005877415
D00676 -0.23337665 -0.30645892 0.2536842 1.0174024 0.6679789 1.0223966 0.5913202 -1.0968862 -0.37742075 0.24820656 -1.4484601 -0.13117853 0.4279813 0.055939287 -0.60193825 -1.3225472
D00598 1.3155988 -0.4623018 -0.7919306 -0.086919054 0.04331854 1.5077682 0.08357621 -1.1987889 -0.3046885 -0.38375562 -0.70728755 0.7891255 0.14484411 1.4693708 -0.5891164 0.1440357
D00987 0.5539119 0.14946924 0.18797757 0.5312031 -0.14223665 0.32175007 0.0733567 0.047684673 -1.33964 2.1114612 -0.62613297 -0.26184636 -0.65406334 0.76405156 -0.44119892 -0.10018298
hsa56413 0.1821702 0.503599 0.5539525 0.6342378 0.098526455 0.797793 -0.3559099 -0.28443098 -1.0738839 1.0111648 -1.695825 -0.41946322 -0.57431144 -0.2901552 1.7076683 0.50748175
D00674 -0.7582715 -0.3588399 0.4774356 1.0462894 -0.1223747 0.93804735 -0.71007454 -0.51087356 -0.84039783 0.41729292 -0.6636327 0.06860032 -0.034762044 0.11467079 0.22117244 -0.79609513
hsa6755 0.3761949 0.82420784 0.1541583 0.1343126 -0.31101575 0.50230914 -0.4361053 -0.88470393 -0.96255976 0.26893905 -1.4807401 0.22814007 -1.2987605 -0.31197453 1.5046673 0.60045314
D02588 -0.0057913465 -0.27194804 -0.31848928 0.037827786 0.54591084 0.04380873 -0.34219444 -0.7204204 -1.43057 0.8270715 -0.9418596 0.17912008 -1.1126884 -0.2347106 -0.6694836 0.85574037
hsa5724 -0.18290316 0.7171017 0.045554552 0.043567494 -0.31325018 1.2771829 0.3035985 -0.8944989 -1.3034979 1.183477 -0.79530764 0.21285634 1.0149935 0.19029653 1.8485601 -0.01907542
D02349 1.3081931 -0.013092108 -0.79928046 0.61378485 -0.536525 0.41072547 -0.25305074 -0.6825673 0.06795874 0.6363004 -0.39646727 0.73741114 -0.24397267 0.8689834 -0.40967873 -0.6081081
D00514 0.06708317 -0.6713085 -1.5657742 0.49380976 0.06925007 0.078212835 0.21971342 -0.984776 -0.39069888 1.0270753 -0.40087226 -0.19869836 0.59128 -0.34191924 0.23866583 -0.16140059
hsa1241 0.0821538 0.43552172 0.5464046 0.5850073 0.15236458 0.94269913 -0.37383252 -0.2901074 -1.1233696 0.68390745 -1.4908109 -0.119474135 -0.844967 0.07845918 1.7859092 -0.03803394
D00601 1.1869018 -0.25517064 -0.44082308 -0.15487403 0.6424627 1.0048413 0.3823123 -1.5032418 0.3757805 -0.33495754 -1.6816221 -0.13528953 -0.19911784 0.53625226 -0.21526371 0.40209043
D01386 1.3751093 -0.3525191 -0.14499964 0.4943561 -0.2868511 0.23771852 0.04968544 -0.9818691 0.58291584 0.7890178 -0.5402181 0.8782498 -0.2507836 0.48939872 -0.4088292 -0.36659253
D00525 0.6341649 -0.0030721757 0.3428131 1.4386103 -0.21163814 -0.08465486 0.9813222 -1.1162518 -0.9329493 1.1150262 -0.467529 -0.57775295 -0.096150674 0.5917932 -0.4212997 0.03819719
D05792 1.1327002 -0.37638423 -0.6995433 0.589972 0.3226155 0.88998085 -0.04349869 -0.8798909 0.5673571 0.32251754 -1.1611181 0.23235333 -0.48254165 0.3420446 0.13731906 0.3744663
hsa1909 0.31797522 0.81628865 -0.26790705 -0.047743447 -1.3848882 0.60245484 -0.5305089 -0.4185451 -1.4464363 0.31480455 -2.4207134 -0.8589406 -0.7033839 -0.27362975 0.14480908 -1.1029545
hsa1234 -0.0014864056 0.92731345 -0.49565062 -0.021397185 0.18549791 -0.25568953 -0.7531457 -0.39258873 -1.5468965 0.8300493 -1.0747486 -0.27633956 0.73686534 0.99461246 0.59097546 -0.1417258
D03210 0.04597299 0.6056264 -0.07771231 0.22576502 0.30228734 -0.4724755 -1.26935 -0.65904677 -1.168778 0.83669966 -0.7619448 -0.16703294 0.61249983 1.1439563 -0.006661969 -0.5209289
hsa6915 0.034402814 0.14845684 0.86017656 -1.0319237 -0.95469266 0.90802574 -0.49472663 -1.6718711 -2.2347496 0.1279457 -1.4131582 1.3304029 0.83026487 -0.28852975 -0.17014815 0.3136752
D03165 0.39569294 -0.27121806 -0.08043952 0.14446433 -0.17895022 0.3427462 -0.08110357 0.014811451 -1.4214731 2.103192 -0.83913046 -0.16580357 -0.7930677 0.41546786 -1.3377662 0.16109541
D00380 0.24381332 -0.61551887 -0.71841186 0.33841342 1.2547841 -0.1105007 0.16057211 -0.7275797 -1.1302978 0.6182743 -0.5289151 0.061842773 0.36385602 0.42406157 0.65411556 0.026742103
hsa9283 -0.2116843 0.95069087 -0.058634326 0.21512474 -1.3901575 0.37431037 -0.6141915 -0.0005030982 -0.6254807 1.4560021 -1.7874509 -0.31964725 -0.3629756 -0.0984437 1.3201375 -1.1050378
hsa2550 0.45244375 -0.35562345 -0.42701048 -0.8336914 1.3328146 1.195525 1.028492 -0.8724566 0.05269362 1.5907184 -1.2342205 1.2489069 0.4386729 -0.4238168 0.48719415 -0.8396308
D00683 1.5177673 0.1637438 -0.7691581 0.83693314 -0.33349302 1.0486434 0.2951003 -0.31551194 0.18484974 0.76004386 -0.6471671 0.6652727 -0.14854875 0.46055225 -0.21426441 -0.11722775
D00765 1.106289 0.18284023 0.9020879 0.14089724 -0.072093815 -0.88998574 -0.20482512 -1.1020622 -0.7993531 0.5006573 -0.56659293 1.1590562 0.70084673 -0.13997601 -0.47193718 0.0068354355
D03642 0.7407438 -0.45248708 -0.23698606 -0.17620297 1.2383687 0.25575387 0.20400253 -1.1308254 0.29084325 0.81976205 -1.0472823 0.11999887 0.670929 -0.3878767 0.26885304 -0.48772916
hsa5032 -0.1287161 0.42488617 -0.7980448 -0.29908624 -0.58377725 0.60111696 0.5828527 -0.96182096 -0.9996906 1.2305866 -1.1401762 -0.11707057 1.2729309 0.34426606 1.4959509 0.7574283
D00559 -0.8806959 -0.4319479 0.09620448 0.21283297 0.50442094 0.29892632 -0.6756377 -0.66656315 -0.30829608 1.333751 -0.67793095 0.5941384 -1.0587174 0.5302768 -0.45937183 -0.1745946
D00688 1.7417558 0.16101022 -0.88375723 0.5064159 -0.39136568 0.81344724 0.46484995 -0.57159615 0.31463483 0.46340442 -0.9149594 0.8735119 -0.2515364 0.4587546 -0.29148313 -0.0011506537
hsa6753 0.33542776 0.79700387 0.5075018 0.21729366 -0.4691579 0.58924526 -0.48072454 -0.8225286 -0.7896156 0.61367506 -1.8821286 -0.22080976 -1.2342057 -0.08862568 1.40351 0.75972205
hsa4543 0.23651494 1.0790479 0.45031992 -0.5366831 -1.1570864 0.22426161 -0.2260281 -1.0705658 -0.94175315 0.6889031 -1.8228121 -0.18551084 -1.6402353 0.038359273 1.0372453 0.43661547
D01652 -0.50671977 -0.9978493 -0.28274587 0.8693122 -0.007419586 -0.33144102 -0.7971389 -0.31985697 -1.1444578 1.1974643 -0.8191798 0.61768484 0.17830187 0.4083709 -0.10225922 -0.69173884
D02250 0.5366521 -0.14475033 0.09629443 0.4508731 -0.43622926 0.9939356 -0.17171796 -0.7028721 0.47779724 -0.1842784 -2.1024222 0.17908973 -0.93121254 -0.18663329 0.037590947 0.7722254
hsa552 0.6431155 0.49174258 -0.14895716 0.719285 0.21279946 0.78801537 -1.7745674 -0.54503137 -0.7557463 -0.02157112 -1.5598856 0.6653648 -1.0330117 -0.54811674 0.70066214 -0.10804711
D04375 0.21443698 -0.25757825 -0.9134594 0.63196063 0.32645527 0.8897594 -0.7559665 -1.1581111 -0.73088443 0.15695739 -0.0895146 0.39775103 -0.7833797 0.49053064 -0.10424833 -1.342959
D00542 0.11152552 -0.41818962 -1.4813888 -0.08673718 0.86630964 -0.21620554 0.2688057 -0.53749466 -1.0521219 0.5929513 -0.4774886 0.8642882 0.21529098 -0.059348647 0.22897463 -0.32654592
hsa554 0.28546783 0.42197233 0.25429255 0.43797496 -0.10881967 1.1737955 -1.5796788 -0.696281 -0.6378424 0.33400983 -1.6295469 0.7135555 -1.0486887 -0.5601977 0.8870484 -0.010418902
D00760 1.0162013 -0.0670732 0.20069355 0.36599702 -0.5714836 -0.79169977 -0.7268222 -0.9847259 -0.42262033 0.0646447 -1.4671156 -0.11178927 -0.11887258 0.11199284 -0.2751684 -0.7226735
D02237 0.94230753 -0.29712552 -0.4204922 0.2606557 -0.105506025 -0.12616931 -0.77165097 -0.516198 -1.3333185 0.5561816 -0.6517763 -0.18357837 -1.517544 0.59516156 0.11067143 -0.7553713
