hsa154 1.0759087 -0.16302028 -0.28714716 0.5305407 0.6077012 -0.48007232 0.5499247 -0.64125526 0.07691148 -0.8683822 -0.88699895 0.17637277 -0.16250858 -0.24314192 -0.27420124 -0.6699953
hsa153 1.436036 -0.14828004 -0.07698547 0.7668474 0.76710534 -0.30459046 0.49347174 -0.75791234 0.19688216 -0.7970412 -0.70027405 0.17038201 -0.24525589 -0.28015792 -0.32630846 -0.55829126
D00283 0.15822837 0.02621063 0.4164333 1.0798093 0.49617597 -0.07269281 -0.43619886 -0.4419185 -0.69244593 -0.14304744 -0.27825624 0.033742603 -0.019762654 0.07430857 -0.05955372 -1.1682665
hsa150 0.098496094 -0.05814552 -0.012896224 0.20197465 0.34463754 -0.22567166 0.15657762 -0.43778914 -0.54612595 -0.73550606 0.1465974 0.027474375 -0.24591467 -0.06729944 0.1654058 -1.1303223
hsa148 0.7553243 -0.02061068 -0.07073101 0.5250504 0.63610214 -0.49107814 -0.12257571 -0.8285487 -0.5810935 -0.5048479 0.29407206 -0.3403243 -0.22898105 -0.22790709 -0.4326417 -1.0523394
hsa3269 -0.32720116 -0.05868865 0.69894016 0.56318045 0.2710023 0.07828592 -0.7641643 -0.54985535 -0.58362025 -0.22417527 -0.44873184 0.3802395 0.15990393 -0.56303644 -0.41430554 -0.89756954
D00528 0.44065464 -0.20645148 -0.034504674 -0.33817333 0.5444432 0.4597631 -0.14879699 -1.3295811 -0.4621285 -0.29602218 -0.5911241 -0.14673266 1.0298717 -0.13201992 1.689424 -0.38378423
hsa1128 0.44240087 -0.2059036 0.30965036 0.7922509 -0.28143087 -0.40455025 -0.5001735 -0.6929353 -0.8492821 -0.0834466 -0.70654434 -0.10143946 0.4770712 0.1770835 -0.62333316 -0.68765694
hsa151 0.4334563 0.08276592 -0.017016677 0.25733697 0.43388435 -0.334795 -0.096461795 -0.63247687 -0.64806676 -0.8343688 0.5022938 -0.320999 -0.28261623 -0.31465998 0.06486736 -1.0448025
D00513 0.8966597 0.11830257 0.084902704 0.8257597 0.7398594 0.1175274 -0.01511343 -0.6545419 -0.27086118 -0.31969136 -0.57877845 -0.15851203 -0.09596782 0.57634485 -0.3219101 -1.0138918
hsa146 0.58892363 -0.2269851 0.053983748 0.3693848 0.271636 -0.68532413 -0.10217896 -0.51887435 -0.5270282 -0.5779051 0.181763 -0.34529898 -0.30332962 -0.02590977 -0.4081101 -1.2532922
hsa147 0.7151456 -0.035915565 0.04321522 0.21839513 0.4199589 -0.50784683 -0.15147917 -0.5864574 -0.3708357 -0.5154318 0.14415723 -0.39278615 -0.094517104 0.061586954 -0.4690354 -1.2229328
hsa1813 0.38249198 0.26045483 0.8303669 0.579167 0.85350007 -0.2024321 -0.82885766 -0.27596173 -0.7768029 0.3749836 -0.36358795 0.35533917 -0.4387233 -0.4949671 -0.17034377 -0.40452197
hsa1129 0.2429897 -0.074801974 0.38893625 0.9078555 -0.2635011 -0.96206164 -0.4370235 -0.96540743 -0.67717546 -0.18165469 -0.42541695 0.3794141 0.69047743 0.352254 -0.21261473 -0.45605996
D02361 0.1919563 -0.2402667 0.7810213 0.824048 0.58836114 -0.54826033 -0.3992166 -0.80484366 -0.9223935 -0.34449068 0.09347173 -8.263625e-06 0.19547851 -0.35523126 -0.6390832 -0.52567446
D00726 0.60691875 0.26863295 0.47422054 0.8073696 0.2010099 0.15925033 -0.25142094 -0.38208994 -0.79176277 0.36632302 -0.7887711 -0.22246577 0.09640207 0.41854212 0.06195317 -0.95253336
D00493 0.36560678 -0.29799625 0.39340693 0.86788887 0.40494993 -0.4390939 -0.77833086 -0.04404647 -0.84824383 -0.108296804 -0.16913064 0.44013333 0.2283652 -0.16439149 -0.1144126 -1.0055896
hsa155 1.4437748 0.2118323 -0.26533103 0.57189196 0.25040329 -0.24273227 0.3600467 -0.6442562 0.12758301 -1.0326709 -0.5319427 -0.17862658 -0.16561988 -0.30186972 -0.0030917483 -0.9290378
D00270 0.11655167 -0.27396855 0.37207714 0.80883574 0.85689944 -0.3504578 -0.47728798 -0.21101545 -0.93353605 -0.35154283 -0.2315036 -0.0073414524 0.109072894 -0.5385981 -0.18973975 -0.5430494
D02354 0.17516394 -0.017317139 0.71295524 0.7761987 0.47027385 -0.4323662 -0.47061512 -0.26793978 -0.90176475 -0.21495232 -0.32634285 0.36656395 0.15748398 -0.15466478 -0.33364904 -0.500523
hsa3577 0.4297915 0.5583076 -0.14528301 0.014833144 1.0931026 -0.6135596 -0.55944735 -0.5612805 0.36001605 -0.47158104 -0.77019364 -0.6983567 0.886089 0.09744075 1.0993035 -0.6009661
hsa3356 0.48334444 -0.03022303 0.5919721 0.84583646 0.5303631 -0.103652 -0.6245565 -0.473267 -0.57496685 -0.26636276 0.11533049 0.26420385 -0.016397204 0.15799418 -0.10355689 -0.94587696
D00451 0.5556986 0.3890043 0.4521224 0.7367003 0.5653937 0.8317374 -0.16798037 -0.32620576 -0.90297204 -0.38423032 -0.6533994 -0.17042702 -0.3973598 0.45235023 0.12010454 -1.1835088
hsa1814 0.35743424 0.10991703 0.22651847 0.7483286 0.8148265 -0.582826 -0.44137135 -0.08153742 -0.76238126 0.30378127 -0.37769127 0.4731638 -0.03307809 -0.07201531 0.09786352 -0.8907075
hsa1812 0.42310616 -0.20859744 0.39467356 0.9601599 0.79314345 -0.55605346 -0.29729417 0.046985026 -0.71332705 -0.044431932 -0.50897837 0.378927 0.13078752 -0.5265295 -0.1237821 -0.62201005
hsa152 0.4108098 4.056492e-05 -0.06805402 0.016636996 0.7110146 -0.26137045 0.29045266 -0.63076925 -0.6212899 -0.99929947 0.29970267 -0.31469598 -0.5850426 -0.13912554 -0.14825149 -1.4017341
hsa4988 0.47128573 0.7380663 0.4840735 -0.677681 -0.7293974 -0.84128445 -0.38405386 -0.39696997 -1.0224061 -0.45785567 -0.9036412 -0.2698142 -1.1007326 -0.2048526 0.25600204 -0.62765086
hsa185 0.03842035 1.653337 0.15820837 -0.732532 -0.08254579 -0.068215154 -0.69290674 -0.48060495 -0.09036263 -1.25671 -1.30556 0.5140357 0.8944003 -0.6824256 0.6697721 -0.8841477
D00996 0.7467645 -0.06718502 -0.10562023 0.3985716 0.4743335 -0.44407484 0.29992628 -0.8434399 -0.3108238 -0.5057123 0.21766797 0.0004386988 -0.2971917 -0.26401487 -0.32848656 -1.2440293
D02149 0.8064861 -0.12092119 -0.13699853 -0.20819314 0.5181696 -0.29821032 0.088899106 -0.4566898 -0.31716067 -0.5294007 -0.19115943 -0.16340622 -0.56190884 -0.64172894 -0.53298485 -0.9307889
D00775 0.9024738 -0.60516196 -0.07319438 -0.96016824 0.9759116 -0.80319995 -0.4362872 -1.1976842 0.18043362 0.8712854 -0.7891055 0.58803356 -0.003869262 0.0058963257 0.25209928 -1.9714302
D00437 0.74502474 0.034595378 -0.50056374 0.4507383 0.52755433 -0.74976104 0.20292686 -0.6720687 0.12677804 -0.56411684 -0.38355082 -0.5965764 0.24906428 0.17302646 0.34623247 -0.8624872
D01713 0.45656267 -0.35481533 -0.24133831 0.61195403 0.399968 0.21549265 -0.41326624 -0.6566638 -0.47116983 -0.49647227 0.4074492 0.43196568 -0.05286868 -0.17008476 -0.12778883 -1.0957892
D00255 0.74498504 -0.2316075 -0.11156357 0.4080254 0.4359528 -0.40942997 0.0878469 -0.711709 -0.14032993 -0.88643473 -0.06872757 -0.3867503 -0.04699174 -0.4892804 -0.39894927 -0.98609906
hsa3274 0.80425286 -0.49188623 -1.0078992 1.0559992 0.2566285 0.70049775 -0.34641537 -0.8285746 -0.44142354 -0.6071664 -0.716806 0.65188193 0.16557848 -0.22446994 0.6091622 -0.82509834
D00560 0.08870586 -0.087333925 0.43891266 0.6068234 0.6427448 -0.58550334 -1.2508494 0.19315049 -0.49355885 0.00580799 -0.45422953 0.399995 -0.65846884 -0.5197736 0.35592642 -0.9394294
hsa3352 0.46895227 0.05236761 0.7274943 0.6171048 0.6587349 0.32438937 -0.521265 -0.30782485 -0.18117565 -0.2655687 -0.5771384 -0.05110047 -0.18328263 0.59707844 -0.39396587 -1.3856943
D01973 0.70214564 -0.3610182 1.174091 0.7856851 0.84602517 0.028797822 -0.28663763 0.25276193 -0.57896847 -0.6912437 -0.38710648 -0.04652389 0.12903765 0.81134856 0.009963408 -1.146661
hsa3358 0.36783075 0.35145417 0.96632093 1.1963356 0.8520164 -0.020928267 -0.34682178 -0.7057366 -0.55514294 -0.24165815 -0.35931006 0.17680939 -0.4862663 0.18656987 -0.19073763 -0.7041806
D00113 0.2988738 -0.23215307 0.579237 0.8042182 -0.3065351 -1.2207985 -0.09787281 -0.78318864 -0.8143061 -0.19821362 -0.6928186 -0.10279315 0.7054402 0.031188475 -0.22614445 -0.38475752
hsa1131 -0.2105104 -0.5996293 0.8091286 0.91733587 0.18227263 -1.0434836 -0.5760416 -0.3068663 -0.91298586 -0.13439624 -0.67983973 0.27986884 0.2098741 -0.36277696 -0.042171698 -0.47998545
hsa3360 0.41131735 0.27114418 -0.325135 0.7726117 0.2080271 0.47888958 -0.59197026 -0.49520084 -0.95911855 -0.37639493 -0.98438865 -0.009447308 -0.6897629 0.3784219 -0.18450873 -0.72848624
D00136 0.09333359 0.23229533 0.007807832 0.02488526 0.53136 -0.54265237 -0.55986124 0.26454744 -0.8528929 -0.27491745 -0.26529512 -0.020988282 0.18154831 0.051367898 0.09389907 -1.1457485
D02671 0.5894462 -0.29242533 0.6440466 0.79117274 0.7392601 -0.28251454 -0.8845198 0.38179344 -0.50565493 -0.23305146 -0.1373996 0.61797076 0.2064651 -0.13036203 0.16756785 -0.8044224
hsa136 0.71938753 -0.38389003 -0.5372316 -0.25781536 0.41889566 0.803872 -0.17510574 -1.408378 -1.1383054 -0.4749177 -0.91210693 0.091723606 0.69212914 -0.39218542 1.8929607 -0.33293265
D00503 0.21317363 -0.005306753 0.3671301 0.85743195 0.84366405 -0.50479406 -0.59976286 -0.2873632 -0.5540803 0.4063125 -0.20928325 0.36472487 0.1450629 -0.26593202 0.07791825 -1.0828696
D02340 0.054403562 -0.031185932 0.52768767 0.76279473 0.8676285 -0.12161454 -0.89392847 -0.61662257 -0.83426 -0.02883828 0.024559684 0.39095044 -0.21172674 -0.17858851 -0.14603613 -0.91703784
D00509 0.5244845 -0.22041701 0.16872463 0.076972015 0.9448644 -0.66701734 0.09846223 -0.49311414 -0.5095857 -0.79085845 0.15738985 -0.45209128 -0.18271467 0.3518798 -0.41016904 -1.0145205
hsa3351 0.7377209 0.17839059 0.77523744 0.64062065 0.7266283 0.53448033 -0.26297697 -0.10208884 -0.30451214 -0.54281354 -0.6429326 -0.27399942 -0.077425376 0.77130985 -0.037768096 -1.306542
D03621 -0.14917804 -0.22895046 0.66262823 0.63867754 -0.14263575 -0.36924934 -0.6410953 -0.90668285 -0.43920732 0.0041910307 -0.57582664 -0.2615701 0.19413611 -0.12918928 -0.16162543 -0.7566969
D01295 -0.041959167 -0.12218288 0.27311507 0.7843669 0.7329725 -0.73788404 -0.63645154 -0.046635438 -0.67089146 0.1689628 -0.69668025 0.28528047 -0.3904769 -0.86287314 -0.25085258 -0.7282575
hsa3355 0.25032246 0.19307764 0.64244896 0.72980416 0.89991146 0.45509443 -0.10275031 0.014082658 -0.55848 -0.536293 -0.5375671 -0.0459088 0.19433253 0.56702673 -0.06460909 -1.2980112
D01871 0.19660386 -0.7817359 0.9328071 1.1601101 -0.4305755 -0.5507748 -0.68379056 -0.5047412 -0.5659422 -0.42990968 -0.4623385 0.5388074 0.94141495 0.14192277 -0.30504653 -0.79178476
hsa3350 0.48315272 0.18204835 0.52461725 0.9629596 0.654499 0.11163888 -0.18088014 -0.108752176 -0.7536921 -0.41581094 -0.32081872 -0.19595699 0.023957653 0.5261077 -0.028664747 -1.220741
D02356 0.50375086 -0.24016957 0.13212037 0.5020348 -0.00359545 -0.64866865 0.1224169 -1.0086272 -0.7045484 -0.44644254 0.079878 -0.16568998 0.26216525 -0.106840715 -0.66382515 -0.9116626
D01352 0.3871141 -0.92172897 1.4763153 -1.6994208 0.4467659 -0.5436136 -0.101550974 -1.6090021 -1.1051964 -1.0191431 -1.0514562 0.8394557 0.10456704 0.6492167 0.99967027 -0.13832934
hsa8843 1.2461647 0.058319177 0.82531065 0.63406557 -0.28517485 0.12105019 0.25778818 -0.9657905 -0.66570777 0.888902 -1.2418474 -0.42248124 1.0084791 -0.08817851 0.47650158 -0.79375696
D00300 -0.20118728 -0.46354374 0.18296379 0.58837247 0.29864067 0.09863716 -1.1390762 -0.9711605 0.054059416 -0.7106652 -0.8065686 -0.12728874 0.51323557 -0.6033016 -0.4616777 -0.4167792
D02150 1.24855 -0.14281943 -0.17845164 0.72689474 0.42577013 -0.347114 0.63539916 -0.7307715 0.13689081 -0.46325073 -0.5545876 0.18436606 -0.2569462 -0.11204357 -0.008887818 -1.0821539
hsa4986 0.80274904 0.5826826 0.2510622 -0.4451296 -0.4990163 -1.1091715 -1.0244755 0.12152268 -0.3590662 -0.70131683 -0.99557734 -0.4655451 -0.33706233 -0.37236837 0.021708142 -0.5041752
D00180 0.454545 -0.59253603 1.1804298 -1.057413 0.20076151 -0.6164907 0.005281857 -1.9742113 -1.3936152 -0.5118063 -0.86251813 1.0966557 0.31584096 0.5594986 1.4254203 0.0052891774
D00281 0.13030535 -0.159842 -0.19685799 0.24286397 0.7630344 -0.08977138 0.19353385 -0.80458355 -0.55828744 -0.7313723 0.20787077 -0.38490394 -0.07023568 -0.16446754 -0.05818065 -1.5830964
hsa135 0.35772294 -0.9284126 -0.7585168 -0.034083426 0.4716651 0.73363173 -0.24316755 -1.5003883 -0.6157404 -0.15015492 -0.7573694 0.048548803 0.58009756 -0.61004233 1.7584747 -0.8842276
D00411 0.6957501 0.20903896 1.3642433 -0.08434557 0.57443327 -0.14319956 -0.75554615 0.73725605 -0.40880165 -0.716961 -0.3963025 0.15490603 0.44952443 -0.30751204 1.1734602 -0.594746
D00371 0.20924333 -0.4900688 -0.17984584 -0.04009827 0.48615715 0.71649134 -0.23681904 -1.4828782 -1.3500775 -0.4564654 -0.9988348 -0.5618019 0.8851208 -0.7751038 1.6439925 -0.47343555
D00079 0.38206545 -0.85717106 1.0563843 -1.3485554 0.36352676 -0.6904312 0.06597997 -1.7256929 -1.377913 -0.80778044 -0.84628475 0.7599394 0.1620557 0.60344005 1.3506021 -0.032074228
D00563 0.37615123 -0.5137932 0.7278106 0.7479744 -0.095798485 -0.04367733 -0.3419408 -0.8514344 -0.43203503 -0.07967541 0.1705504 -0.037786208 -0.088466614 -0.014693594 0.266706 -0.750894
D00609 0.3004095 0.19293079 -0.13759595 0.15416603 0.051676407 -0.23384534 -0.3557637 -0.8033917 -0.84316146 -0.41916347 0.06058528 -0.737402 -0.3572377 0.13536775 -0.19617566 -1.1898901
hsa134 0.28565353 -0.6562509 -0.7092847 -0.3938694 0.59426886 0.6375626 -0.086031295 -1.5389507 -1.15936 -0.11018661 -0.367095 0.04379864 0.4103519 -0.915144 1.2980895 -0.6119666
D02237 0.55709374 -0.09537439 -0.3080487 -0.19322664 0.24874902 -0.73858726 -0.31146467 -0.54022276 -0.69285744 -0.8065326 0.2612864 -0.2221647 -0.5352953 0.10490673 -0.42746142 -1.0779979
D01712 0.29056314 -0.6956924 -0.5979301 -0.40672588 0.41305035 0.5675797 0.008502611 -1.825992 -1.2119386 -0.20444918 -0.8139832 0.008474192 0.88554966 -0.44783133 1.5836308 -0.58256376
D00790 0.30783597 -0.24133565 0.27022752 0.74220574 1.1178526 -0.42797825 -0.18933415 -0.30981368 -0.6837713 -0.24506654 -0.28446516 -0.25616714 0.30357087 -0.9266133 -0.14199793 -0.44152442
D01390 1.3283527 0.37759745 -0.25895116 0.34663305 0.7712579 -0.45065647 0.87629396 -0.8393873 0.028505683 -0.18103419 -0.53732306 0.21145281 -0.19621408 -0.38431844 -0.18154766 -1.1602533
D03274 0.27510208 0.109693564 0.11290645 0.28425062 0.8084274 -0.36176547 0.16218022 -0.23950678 -0.7159381 -1.3959601 0.43041342 0.013008901 -0.13642396 -0.9265845 0.28089935 -0.98663765
D00095 1.0443144 -0.018221783 -0.0047751027 0.43835056 0.80798674 -0.1633024 0.9224674 -0.8342221 -0.24815737 -0.122037515 -0.40945247 0.028226156 -0.18763421 -0.58889544 -0.3114764 -1.0274152
D03881 0.89471805 -0.2203126 -0.38129747 0.33920252 0.7123155 -0.03526098 0.005923274 -1.308413 -0.02144165 -0.9403142 -1.1482819 0.08318232 -0.8196609 -0.115474515 -1.1901296 -0.48652488
D03879 1.2068051 -0.3313912 -0.31360605 0.17739359 0.9012854 -0.27833658 0.55021507 -0.879412 0.034523815 -1.134844 -1.0026995 0.008863199 -0.58920974 0.114544526 -0.58018124 -0.45932972
D00227 0.01283429 -0.95921 -0.35825008 -0.049770996 0.21315166 0.45958492 -0.5110196 -1.4738928 -1.0261343 -0.34545714 -0.68112016 -0.2835042 0.47125074 -1.3068485 1.376458 -0.510789
D05129 0.015868574 -0.085394874 1.4578172 -0.3827666 0.24004263 0.35667697 -0.2768828 -0.27473068 -0.3828803 -0.7761175 -0.6244908 0.86110395 1.2867178 -0.38099355 0.522968 -0.27496508
D01164 0.21332486 0.13826035 0.6481105 0.9535121 0.8326616 -0.054305986 -0.68132603 -0.30298686 -0.48461074 0.07316291 -0.4419064 0.48891133 -0.11618935 0.43802047 -0.043183807 -1.0563859
D01022 1.0703082 0.27022806 -0.16978729 0.21298784 0.25990984 -0.4271362 0.036398925 -0.5796199 -0.67998797 -0.6143284 0.20660844 -0.19465342 -0.45026577 -0.22644919 -0.22242123 -0.97656554
hsa2918 0.6959914 -0.7730158 0.17445755 -1.058131 0.72901756 -0.68897355 -0.67594254 -1.3282291 0.41623008 0.72429883 -1.0767717 1.1697149 0.052799407 -0.11302398 -0.38634336 -1.4072026
D02566 0.41489157 -0.34722012 0.15083724 1.0596335 0.33775735 -0.045935363 -0.94196606 -0.75693583 -0.23622862 -0.4358278 0.01981059 0.12345881 -0.011071034 -0.30651173 -0.26992762 -1.0292033
D00607 0.6639342 0.18433207 -0.022110194 -0.22428355 0.4010763 -0.6706816 -0.13589683 -0.52259773 -0.75843453 -0.67277163 0.39683807 -0.24292874 -0.28630507 -0.13647406 -0.46556827 -1.0286947
hsa1816 0.4025757 -0.19866233 -9.52417e-06 0.9276728 0.5671376 -0.21505184 -0.8650166 0.124317914 -0.48939678 -0.2641241 -0.67371094 0.5093959 -0.2280617 -0.32741192 0.08285116 -0.77358246
hsa1132 0.38808125 -0.58957934 0.6237255 1.1368105 0.12919232 -0.86406666 -0.5136124 -0.79050153 -0.72191405 -0.40008345 -0.35810614 0.38203576 0.7093084 -0.17777611 -0.681844 -0.430176
D02374 1.7984529 -0.00025040144 0.109008476 0.85696054 0.057044376 -0.22259854 0.5756767 -0.2519767 -0.2130375 -0.764832 -0.78999925 -0.3776519 0.285251 -0.15500309 -0.18122728 -0.7431183
D01454 1.5500435 0.109682314 -0.18578254 0.6057147 0.31804532 -0.32121357 0.47742072 -0.67905575 0.14716947 -0.70225614 -0.50942934 -0.05019371 -0.21973857 -0.2786821 -0.17624125 -0.9900646
D00480 -0.10226797 -0.018323723 0.5651539 0.6047025 0.9716404 -0.06113272 -0.35973415 -0.63855857 -0.57686067 -0.5477197 -0.26407495 -0.16592398 0.6191757 -0.94892716 -0.3001079 -0.71457356
D00234 -0.12829174 -0.31717476 0.10395938 0.5873526 0.36386958 -0.31990954 -1.5610648 -0.29989108 0.04209317 -0.12377232 -0.35218707 0.5936498 0.2060506 -0.6013418 -0.11201691 -1.0559541
D02578 0.4835875 0.60598284 0.7672011 0.5155489 0.939566 0.1161768 -0.40709376 -0.95037246 0.23939632 -0.8534155 -0.504712 -0.11735605 -0.50477254 0.579943 0.28551137 -0.38039508
D00274 0.5162092 0.6659989 -0.25114614 0.41367605 0.022076536 -0.21805693 -0.966072 -0.54655844 -1.3929013 -0.51454026 -0.31023872 -0.21475379 0.16422664 0.7122389 -0.23239107 -0.48018017
D03966 0.59378684 -1.0503389 0.066216916 -1.5288556 0.053540774 -0.1794733 -0.44632506 -1.5287472 -0.20299107 0.94592506 -1.0508804 0.68823874 -0.31506696 -0.71149963 0.16467258 -1.5131409
D01118 0.1208916 -0.40657973 0.27776432 0.70569247 0.6651418 -0.30783403 -0.2712907 -0.75686985 -0.6570154 -0.4377353 -0.27654555 -0.5928243 0.63734674 -0.8320256 -0.49852002 -0.5593437
D00665 0.037689406 0.27820733 0.69531393 -0.29216152 0.40034473 0.5735091 -0.60599536 -0.5423983 0.027033042 -0.593695 -0.8687559 0.8023525 0.69982755 -0.74294317 -0.9638943 -0.74401987
hsa3357 0.374432 0.055818185 0.8186203 1.1580676 0.901412 0.10684113 -0.11869953 -0.21757808 -0.77893066 -0.26113638 -0.70077777 -0.08752718 -0.028842019 0.66964704 -0.13258141 -0.989627
D00645 0.6468857 -0.8127996 -0.094415724 0.23479201 1.1906885 -0.41991183 -0.19774128 -0.7355906 -0.10044181 -1.0718005 -0.35935405 -0.3750844 0.4739123 0.047065802 -0.45031145 -0.15879586
D02327 -0.4043056 0.385745 0.48296055 0.3358309 -0.2892411 -0.0956921 -0.63925344 -0.66096425 -0.03432107 -0.51036024 -1.5049379 0.31426036 0.25876793 -0.48686302 -0.73820007 -0.91164196
D00483 1.4890287 0.2222345 -0.2934368 0.4142181 0.6102315 0.015438656 0.07811456 -0.83482534 0.111477084 -0.8218613 -0.3999989 0.024267066 -0.15612453 -0.15634863 -0.29757112 -0.66680545
D05246 -0.10954098 1.1292803 0.14127386 -0.5627153 -0.098921776 -0.31593293 -0.49551475 -0.28125727 -0.34934795 -1.8200864 -1.3316591 0.51059484 0.74653834 -1.2107588 0.57844377 -1.0442486
hsa5737 0.8164654 -0.871034 1.2687776 -1.8853005 0.3021228 -0.83900255 -0.3591117 -1.411905 -1.2005329 -1.2390591 -1.3716396 1.10806 0.51617724 1.1574837 0.37158635 -0.06888348
D00419 0.22568253 -0.44527736 1.1109188 -1.2317156 -0.042925473 -0.48361868 -0.22683142 -1.6980429 -1.6838424 -0.78925914 -1.0509673 1.4373882 0.41654536 0.6836824 0.9912984 0.058322776
hsa2916 0.74804723 -0.9367049 -0.13072331 -1.317386 0.34729004 -1.0132592 -0.5879448 -1.4735708 0.0006880618 0.9608772 -1.0842223 1.0081565 -0.20754859 -0.52100736 -0.013586025 -1.6192986
hsa5739 0.39933044 -0.822494 1.1925685 -1.3995141 0.8059103 -0.5885349 -0.4686496 -1.2972376 -1.2822844 -1.1828805 -0.6981576 0.9967081 0.4277542 0.8102099 0.9572142 -0.0096786525
D00494 -0.10914751 -0.5936238 0.31721306 0.41173452 1.073145 -0.08451793 -0.5083665 -1.1852888 -0.5560257 -0.5345663 -0.42554095 -0.6347637 0.6939648 -1.1005878 -0.44777274 -0.1412247
D01227 0.054662712 0.6259172 0.47138458 -0.3666933 -0.55026126 -0.058489993 -0.45006654 -0.21812925 -0.9608721 -2.4085884 -1.1434546 -0.058527652 0.47563553 -1.380561 0.07733061 -0.45417324
D02721 0.51763916 -1.1773728 0.6121941 -1.6464306 0.76721257 -0.67956316 -0.20012125 -1.7110273 -1.2410738 -0.9713241 -0.6857927 0.8051569 0.31040347 0.73059314 1.4451383 -0.22833048
D00110 0.6399392 -0.1875905 0.22719803 0.67091906 -0.017556418 -1.6679575 -0.648098 -0.23832214 -0.8834109 0.17341457 -0.8411466 -0.2771671 0.26859662 0.0006056115 0.04423469 -0.6338136
D00521 -0.68356204 -0.44211796 0.67134887 0.6721856 -0.24362192 -0.68024886 -0.8017565 -0.03609545 -0.41926965 -0.066883795 -1.2494761 0.3421577 -0.39257032 -1.0716822 0.33571103 -1.1151603
D00106 0.1694507 -0.8782931 1.048074 -1.4692563 0.4448804 -0.32904276 -0.0550395 -1.7016902 -0.9069932 -0.52025604 -0.8215647 0.35841015 0.066616565 0.56888425 1.5398474 -0.28590545
hsa140 0.6628141 -0.7635636 -0.39010003 -0.09216396 0.32080504 0.50148046 -0.425654 -1.5355402 -0.9257937 -0.43518314 -0.39056674 -0.26428702 0.40748832 -0.9368695 1.9208183 -0.35788083
D00059 0.7738047 -0.06399554 0.6217911 -0.20695761 0.90907973 0.033499535 0.5757867 -0.29696026 -0.65109235 0.6703099 -0.39638862 0.64019144 0.13904287 -0.7868578 -0.21880968 -0.9902059
D02250 0.43052354 -0.1241977 1.3092359 0.074454695 -0.20363851 -0.94174206 0.05917867 0.047917 0.46290267 -1.210884 -1.5576168 0.09722667 -1.1303608 -0.49242866 0.8228421 -0.62330955
D05312 0.7776999 1.0088695 0.53247267 -0.41588688 -0.7630284 -0.97520036 -0.93618536 -0.20663112 -0.4973416 -0.8491894 -0.98365647 0.013735544 -0.66744876 -0.0925865 0.33778974 -0.4391143
D01024 0.4556847 -0.49119627 0.22352406 0.14325567 0.9037626 -0.34850475 -0.37820902 -1.0655719 -0.44006798 -0.51968026 0.1771768 -0.7669313 0.34569052 -0.3279115 -0.72692007 -0.7996133
D02147 1.634709 0.17091429 -0.48046196 0.48411497 0.5599137 -0.23737073 0.84423894 -0.525351 -0.4310299 -0.62430197 -0.60066473 0.10297512 -0.14935024 -0.30474013 -0.16115817 -0.9773143
D04034 0.24537821 0.028657038 0.24855483 -0.0138272755 0.617359 -0.2556139 0.34356892 -0.2851105 -0.21376155 -1.3677051 0.24289052 0.22945087 -0.5193461 -0.60393035 0.4012321 -0.9622882
D02066 1.539706 0.15026473 -0.45172417 0.3106756 0.537079 0.11174387 0.6427606 0.054583896 -0.50637215 -1.5208842 -1.1190062 -0.11132868 -0.10020777 -0.3157645 -0.36474943 -0.693724
D04979 0.21142282 -0.54191023 0.49570546 1.0632932 0.13905573 -0.25762305 -0.9661745 -0.70746636 -0.46676806 -0.28281525 0.12851188 0.52181554 0.825155 -0.5349662 -0.036877006 -1.1884332
hsa5731 0.85532373 -0.8083366 0.8268607 -1.5484968 0.6870531 -0.6206952 -0.18246107 -1.6943839 -1.3422073 -0.7098085 -0.5201899 1.1275865 0.4309282 0.88738644 1.4233719 -0.20053767
D02358 2.2892365 -0.28107262 -0.23991062 0.6662756 0.8919842 -0.33057487 0.15734336 -0.8634844 0.35961983 -0.67242914 -0.7924397 0.18494599 -0.025060002 -0.02754838 -0.22748725 -0.4144683
D00540 0.63656497 -0.20897153 0.4233974 0.9060575 -0.6839972 -1.3408226 -0.39108697 -0.8256345 -0.9171236 -0.104918376 -0.71969205 0.13379665 0.46939582 0.069237515 -0.20671293 -0.38996354
D02338 1.9625295 -0.22618477 -0.35945472 0.66544867 0.3221802 -0.34903693 0.23529372 -0.43244535 0.39904353 -0.85912913 -0.8464849 -0.028834067 0.015684184 -0.12558018 -0.04859727 -0.99317
D00604 0.0018645455 -0.06166785 -0.058057375 0.12643202 0.4678453 -0.50779366 0.023128139 -0.71321636 -0.59429026 -0.72281986 0.18167211 -0.27832174 -0.5025888 0.1410141 0.046815816 -1.7405885
D03858 -0.8374467 0.43829435 0.23970972 0.1467475 -0.23060714 -1.1136165 -0.32435223 -0.15555026 -1.1140097 -0.25243548 -0.95875585 -0.054177858 0.24887954 -0.61779827 0.38637716 -1.1107066
D01358 0.00798169 -0.5766126 0.8748755 1.0340495 -0.076084614 -0.21485603 -0.8071556 -0.55728734 -0.42056617 -0.45289862 0.21985357 0.54877543 -0.22484517 -0.3711821 0.21250057 -1.0443517
D01020 1.1496425 -0.030412726 -0.2801217 -0.089799106 0.3247017 -0.7492204 0.15382925 -0.84936816 0.23416427 -0.04075842 -0.09858904 -0.09930598 -0.3329434 0.35456827 -0.37108573 -1.6270694
hsa10161 0.065792896 0.81251305 0.6451949 -0.4442549 0.26422483 0.08609963 -0.5232064 -1.0355676 -0.19452055 -0.79277813 -0.6271972 0.40756324 1.3921462 -0.44500488 2.097589 -0.63626915
D04006 0.39603928 -0.5421644 -0.5942333 -0.354157 0.24239817 0.9385923 -0.22237812 -1.5599219 -1.4275849 -0.3834051 -1.1078036 -0.11678263 0.73970187 -0.39384753 1.8972178 -0.45769837
D00397 0.22229937 -0.50718087 0.25139743 0.620448 0.03873225 -1.002148 -0.61876684 -1.2226949 -0.056007393 0.056707058 -1.0454963 0.17657055 0.8149007 -0.06347559 -0.89775234 -0.43442565
D00632 1.0675188 -0.5302784 -0.052827552 0.70011014 0.91655946 -0.4225444 0.1780953 -0.9078103 -0.052323416 -1.1944541 -0.9206862 0.19782208 -0.66149175 0.35898238 -0.4263503 -0.22711742
D02342 1.7568578 -0.40954566 -0.24012037 0.5304633 0.63226175 -0.43327004 -0.0447616 -0.730467 0.6172945 -0.8698832 -0.9575374 -0.019284023 -0.40690657 -0.40226936 0.0066841673 -0.6288841
hsa59340 -0.096581936 -0.46478757 0.12850441 0.94740164 -0.009772089 0.31113377 -1.2048134 -0.54718584 0.13423745 -0.5224441 -0.65138525 0.12053683 -0.013093526 -0.37877837 -0.0900734 -1.3271875
hsa10800 0.4281621 -0.12648739 1.4998834 -0.33144295 0.9113201 0.7301831 -0.33303815 -0.033954367 -0.47655493 -0.7849447 -0.46232373 0.24666575 0.94327366 -0.65363365 1.1273319 -0.49755353
hsa3354 0.54067606 0.1050268 0.8138268 0.78445745 0.48653263 0.26683372 -0.2087819 -0.026528655 -0.72044605 -0.2387423 -0.5302601 -0.16911922 -0.21912515 0.6790301 0.11409158 -1.1465216
hsa3362 0.9706911 0.019335277 -0.2591773 1.2408139 0.33114183 0.56340855 -0.04752683 -0.28785834 -0.58705854 -0.22587888 -0.77987146 0.011653753 0.12404596 0.2693872 0.16353811 -1.0936846
D01236 0.45377973 -0.35528576 0.7021531 0.48332852 0.35857776 -0.87475294 -0.76124644 0.012229506 -0.060928714 -1.0202315 0.19579534 1.0297152 -1.1428322 -0.9853126 0.9463932 -1.0957057
hsa2913 1.026496 -1.0241909 -0.1806521 -1.4524951 0.5537341 -0.8061274 -0.4227441 -1.4986784 0.16011319 0.7521496 -0.7524883 0.72050333 -0.33002508 -0.24504438 0.4680535 -1.8145506
D02359 0.7644773 -0.6627005 -0.100667454 0.110592656 0.6764605 -0.6604401 0.20929766 -0.90633357 0.3046449 -0.58569187 -1.0277333 0.84476084 0.12702893 0.1038765 -0.7338329 -0.16691886
D00837 0.82828057 0.476892 -0.22357976 -0.7396917 -0.069705546 -0.9874798 -0.6635343 -0.19450182 -0.47629672 -0.58655095 -0.7003013 -0.38800007 -1.0863864 -0.25286096 -0.48297292 -1.1119254
D02007 1.2480468 -0.4426711 -0.108149156 -1.2378042 0.214025 0.24935457 -1.4050038 -0.65256125 -0.63996863 -0.18556832 -1.3638817 -0.116696335 -1.278312 -0.4510163 -0.55304277 -0.73948133
D00426 0.52720827 0.49823922 0.035406057 0.51901096 0.41612914 -0.51494706 -0.74823624 -0.6097019 -0.5022581 -0.22260767 0.34569004 0.045939844 -0.2178011 -0.1309104 -0.23890926 -1.4143153
hsa64805 -0.026655236 -0.69036025 0.9048443 -0.5046821 0.35892084 0.2391454 0.051832363 -1.8151059 -0.81881976 -0.4086532 -0.6518289 -0.2546207 0.35904747 0.32938033 1.7774189 -0.2675605
D00432 1.7427543 0.5157391 -0.18077493 0.27912214 0.4614326 -0.105833136 0.33382335 -0.6907264 -0.5144277 -0.73336893 -0.309432 -0.26435736 -0.35399297 -0.28329626 -0.12858081 -0.6173501
D00336 0.78887695 0.2430287 0.28437665 -0.21295244 0.69806886 -0.27527946 -0.8014348 0.4263715 -0.7925325 -0.9284762 -0.42538497 0.41858223 0.481993 0.9565211 0.1586465 -0.2556272
hsa4985 0.31971872 0.24199775 0.48707423 -0.035388418 0.033728212 -0.5429885 -1.4041798 0.030941585 -0.34702936 -0.6202303 -0.87455696 -0.06903625 -1.0895493 -0.41857773 0.22733901 -0.30377486
hsa57105 0.5555424 0.15765955 1.3845851 -0.22530341 0.12490881 0.3667925 -0.16845512 -0.018799592 -0.7656718 -0.60426724 -0.65324366 0.38064647 1.3289158 -0.29228526 1.4907653 -0.4314202
D00524 0.9677318 -0.05475685 0.43955335 0.9254337 -0.65384436 -0.34082517 0.283851 -0.65053713 -0.7130742 0.0042710933 -0.7350142 -0.41446945 0.8539453 0.008774805 -0.06237233 -0.86378896
D02884 0.41735557 -0.6993914 -0.52485484 0.14580283 0.32695714 0.74782807 -0.10059882 -1.5336899 -0.95010984 -0.29932624 -1.0675414 -0.3732233 0.9874661 -0.47625217 1.631351 -0.77319145
hsa11255 0.08682907 -0.5168813 -0.24538791 0.8973831 -0.029649202 -0.12376846 -1.8406589 -0.97048837 0.11779485 -0.34886158 -0.5670195 0.42877692 0.34718898 -0.78413117 -0.22480743 -0.93944126
D02070 0.8867836 -0.20170358 0.24506783 0.9149544 -0.6557219 -1.6203555 0.108619206 -0.5063658 -0.53986466 -0.22978123 -0.89624214 -0.047047228 0.5040776 -0.13508284 -0.19974484 -0.79461515
D00394 -0.010982066 0.066704236 0.3429622 0.48783723 1.3150738 -0.5734874 -0.35149038 -0.8417923 -0.41682476 -0.38691723 -0.41159797 -0.632339 0.85754025 -1.1904222 -0.21151683 -0.35254386
D01717 0.13610147 -0.2517504 1.4975404 -0.35145178 -0.37619385 -0.24660985 -0.9477399 -0.20691934 -0.89314276 -0.13756144 -0.4617575 -0.3995281 0.20352834 -0.7467955 -0.76462877 -1.1990694
hsa1133 0.1894243 -0.3304118 0.9756862 0.9338373 0.13631943 -0.5583229 -0.55555946 -0.38529453 -1.0166184 -0.4231781 -0.34525645 0.3605225 0.7055584 -0.29741845 -0.43197507 -0.33167657
D02614 0.7215319 -0.40076917 0.009492235 0.74330795 0.65608287 -0.5096916 0.30900896 -1.3499126 0.21220046 -1.1518354 -0.70206285 0.113200374 -0.6522235 0.26920015 -0.7007402 -0.5886711
hsa6752 0.6302979 0.17030808 1.1382229 -0.3325228 -0.33336425 -0.7214408 -0.37029755 -0.13064231 0.21876463 -1.0896198 -1.2138481 -0.024876177 -0.86881846 -0.23604211 1.1407338 -0.5217543
hsa5732 0.113494314 -0.6082256 1.1175139 -0.8995256 0.34385878 -0.60046786 -0.13100205 -1.8283457 -1.5105385 -0.63241744 -0.641501 1.4490162 0.64257246 0.7211861 1.0578567 0.038732745
D00676 0.15808918 0.5190833 0.971609 0.24742249 0.8858493 0.95452523 -0.29516554 -0.22831234 -0.13830629 -0.58459073 -1.0875981 0.4010105 0.2836898 0.49056998 -0.555097 -1.3726609
D00232 0.6775316 -0.21493793 0.45992765 0.8662897 -0.42056373 -1.2205684 -0.15129067 -0.6421157 -0.8247985 -0.07881333 -0.7191164 -0.100554705 0.59530824 0.19731537 -0.41987526 -0.46120614
hsa222545 0.80310404 -0.5845715 0.92520726 -1.2781879 0.98802495 0.14811037 0.7440299 -1.565235 -0.19707493 0.6483548 -0.89005286 1.5659741 -0.33234772 -0.6106021 0.4341234 -1.6211989
D02910 0.7721789 -0.43709844 0.17772011 0.8770407 0.7889858 -0.34753796 0.058903184 -0.73594636 -0.3643251 -0.3877264 -0.24575071 -0.43365148 0.20754544 -0.80774504 -0.45756984 -0.4135113
hsa6751 0.5129932 0.4218736 1.0020534 -0.32087627 -0.24720801 -1.0305715 -0.5076488 0.049657375 0.048706546 -0.7306555 -1.4951327 -0.33543032 -0.5925659 -0.48380163 1.4154859 -0.88300216
hsa7201 1.2301599 -0.5066721 0.19864582 -1.2206435 -0.08251924 0.006758759 -1.5878929 -0.34169695 -0.09729051 -0.11711183 -1.5718558 0.17139392 -0.9471326 -0.66212374 -0.23806192 -0.74736726
hsa2914 1.0579685 -0.9577905 -0.14174215 -1.2095649 0.90465796 -0.85002947 -0.616746 -1.3337154 0.32441205 1.071209 -1.0486398 1.2891926 0.02365739 -0.45909947 0.32596242 -1.8218527
D01891 0.38893294 -0.50281674 1.1620749 -1.5657991 -0.56195205 -0.8844418 -0.45449838 -1.6552893 -1.8870126 -1.3188702 -1.5867046 1.2930622 0.4171685 0.9117261 0.489107 -0.06444305
D03165 1.1269732 0.28351408 0.99995047 0.042725593 1.2945299 -0.3381364 -1.4514128 -0.54727226 -1.3486595 0.61638397 -0.37183595 0.3585708 -0.4321741 -0.3216717 -0.4702892 -0.109390855
D03415 0.95104176 -0.20866746 -0.050590012 0.76529855 0.4553838 -0.2748737 0.48819497 -0.49517378 0.2523674 -1.6207848 -0.64641684 0.018128205 -0.06129385 -0.5755227 -0.025372045 -0.7494257
D00606 0.1605801 0.3054991 0.039767522 0.39126486 0.87430155 -0.2966177 0.07123895 -1.1779817 -0.2503197 -1.2061303 0.3917993 -0.323311 -0.56968695 0.02890905 0.08086595 -1.287506
D03187 0.034604125 -0.4374111 0.9926245 -0.5841674 -0.06312316 -0.96133447 -0.16795024 -1.8572809 -1.5441732 -0.44705507 -0.69352436 1.2557523 0.28373998 0.8361785 0.90422374 0.028664615
D00356 0.59961474 -0.8693034 1.225878 -1.6213436 -0.35843644 -0.90016854 -0.39125016 -1.5857428 -1.7070332 -1.3478398 -1.6696198 1.1048902 0.25017917 0.80999297 0.43677157 -0.11978015
D02234 0.75014865 -0.11507274 -0.0067089736 0.59364045 0.53634393 -1.2220212 -0.7925169 -0.6723212 -0.33304465 -0.695773 0.53092605 -0.19323757 -0.66458887 -0.5720323 -0.43123627 -1.4401865
D01269 0.0875427 -0.3775155 1.0074614 -0.1562218 -0.66172534 -0.3324405 -0.7158897 -0.4257811 -0.8009417 0.6032463 -0.720108 0.26604658 -0.18800929 -0.41076472 -0.78453577 -1.331945
D00306 1.7281643 1.0060772 -0.31353477 0.021888481 0.3730041 0.049032375 -0.19856505 -1.08166 -1.6945738 -0.30074835 -0.00050962996 -0.6465163 -0.9655127 -0.542524 0.315934 -0.03614122
D00687 0.6856707 -0.3887732 0.3530418 0.35243645 0.36559615 -0.84963554 0.6722208 -0.01833101 0.6693448 -1.3467852 -1.1105523 0.38529232 -0.5991371 -0.66712034 0.49220484 -0.7769228
D02278 0.6555547 -0.76379216 1.1037183 -1.6684927 0.5582293 0.01834573 0.4505335 -1.9155254 -0.4917825 0.5878125 -0.86957175 1.5689576 -0.6860536 -0.4113795 0.53119767 -1.7231835
D04040 -0.036405485 1.0987487 0.61545163 -0.61174047 0.17574133 -0.07719563 -0.61700416 -0.6265235 -0.26281044 -1.3829645 -0.9699011 1.0987022 1.2625673 -0.78766894 0.2703572 -0.511266
D00235 1.7335142 -0.33794576 -0.44529057 0.38761064 0.5948223 -0.7164466 0.17056285 -0.57557327 0.43954885 -0.5635691 -0.7599224 -0.031511966 -0.10889881 -0.11513153 0.0011619364 -0.89060295
D01965 0.4871175 -0.07775372 0.023650885 0.46801203 0.49261662 -0.31595382 -0.3068547 -0.750702 -0.9526985 -0.43366492 0.32657248 -0.17102727 0.15709004 -0.16924413 -0.5801353 -1.1667595
D00635 1.1159546 -0.26354405 0.11310507 0.39796835 0.36785886 0.058774523 0.08240035 -0.5372061 0.6948246 -0.74883777 -1.7477643 0.021191534 -0.4230716 -0.4448051 -0.7108681 -0.6420364
D00400 -0.42703998 1.2203213 0.28103667 -0.13773778 -0.3797188 -0.13692097 -0.25138986 -0.5157819 -0.14363915 -1.1310232 -1.4322045 0.58063775 0.6950691 -0.84533936 0.20423369 -1.1750989
D00779 0.13593842 0.51552063 0.53204393 0.7076248 -0.6801121 -1.2002814 -0.5995539 -0.75564593 -0.9020819 -0.41248205 -0.9603446 0.11870055 0.57025397 0.012585864 -0.020155963 -0.5602546
D00498 1.4932742 1.016766 0.36333197 -0.30452645 -0.16560964 -0.7424892 -0.2883208 -0.46270758 -0.9403119 -0.34158823 -0.13939223 -0.38486275 -0.6470988 -0.36726007 0.19104001 -0.26733488
hsa5733 0.43759817 -0.561794 1.1028916 -1.1508554 0.03681135 -0.5825493 -0.29501706 -1.3986983 -1.8174775 -1.1038667 -1.0389366 1.4084302 0.81192136 1.0534041 0.4600775 0.1013181
D02588 1.1829281 -0.40872568 0.073599756 -0.75662243 0.050538596 0.50200254 -1.6780645 -0.45659056 -0.6953786 0.1185856 -1.6188297 -0.23465535 -0.8433872 -0.31775987 -0.2551351 -0.49793252
D00598 1.8368367 -0.35900486 -0.4118775 0.5209162 0.73194635 -0.9751867 0.2537118 -0.8146967 0.18259141 -0.9922598 -0.7222999 0.037071276 -0.4017063 -0.17225935 0.08530207 -0.5589538
D03642 0.6458833 -0.25234568 0.48905692 -0.93720573 0.94653857 -0.2469431 -0.2637288 -0.66873187 -0.014007658 -0.74607265 -0.7761655 0.73420256 1.3769288 0.43611073 -0.908229 -0.27562326
D05113 1.2257595 0.8756718 0.23358586 -0.67903066 -0.7387571 -1.0639944 -0.44273445 -0.51112 -0.7625879 -0.75346315 -0.78143847 -0.22757426 -0.895759 -0.20219743 0.11457833 -0.56773204
D01964 0.81075615 -0.7286662 1.1458335 -1.7745432 -0.16369455 -1.0365312 -0.5032341 -1.2396917 -1.5243313 -1.4903184 -1.6276622 1.1406475 0.23205554 0.9828188 0.33945614 -0.041241962
D00241 0.70377696 -0.25155914 0.47783682 -0.6278687 1.0700619 0.79226106 0.5979293 -0.7237619 -0.40450174 0.33298212 -0.6714059 1.2141501 1.0465314 -0.54163575 -0.046296857 -0.7994553
D02082 -0.18203251 1.059851 0.55049 -0.28430587 -0.110133365 -0.016059458 -0.7523049 -0.5440669 -0.002535008 -1.2084455 -1.4474835 0.8048975 0.8977235 -0.96697885 0.24212818 -0.9248588
hsa2912 1.0174026 -0.78665423 -0.21587117 -1.5009925 0.43465889 -0.6292147 -0.3699995 -1.3670594 0.1776326 0.9659638 -0.92747957 0.7082784 -0.45906276 -0.32591403 0.44460368 -1.7919915
D00523 -0.41118494 1.3753947 -0.024183655 -0.052925166 -0.2261966 -0.62874997 -0.29877448 -0.31084275 -0.7140173 -0.8578016 -1.3510747 0.5247408 1.0649804 -0.8799878 0.73449653 -1.2520373
D00522 0.021024823 1.1692544 0.22034144 -0.6325975 -0.1312255 -0.31979904 -0.31405547 -0.47561112 -0.35736898 -1.7341372 -0.71848994 0.92656237 0.7494125 -0.8567443 0.3020686 -0.8761897
hsa6915 0.80075586 -0.19408014 0.54102004 -1.0207378 0.95447713 -0.2163552 -0.666452 -0.28108352 -0.8440979 -0.74197537 -0.5047612 0.9596264 0.8974925 1.0678705 0.01594381 -0.085945375
D00410 -0.25494415 0.13832709 0.22336851 0.642174 0.57485354 -0.27673322 -0.61663926 -1.1917179 -0.055079333 0.074575886 -0.92244667 -0.5261216 0.830194 -0.11904901 0.1607567 -0.5310796
D00520 -0.33027154 -0.5928783 0.14349845 0.29134044 0.17975202 0.3444754 -0.7617341 -0.46037787 -0.9629692 -0.8633013 -0.63959473 -0.3052897 0.26066792 -1.3635908 0.20207927 -0.33254635
D00838 1.1468643 0.8770686 0.3637722 -0.37369043 -0.60480297 -0.7233747 -0.9316233 0.07596976 -0.9061018 -0.822349 -0.9447773 -0.07430879 -0.99012387 -0.37963924 0.6476393 -0.4029534
D02826 0.17539373 0.05080286 0.44392425 0.5825863 0.76559573 0.24943325 -0.51087105 -0.23482259 -0.048124265 -0.23001833 -0.3989301 -0.007955753 -0.22982098 0.52557623 -0.292763 -1.8045422
D00646 0.26039433 -0.25798705 0.2569896 0.7388604 0.6381614 -0.9611516 -0.3691542 -0.889297 -0.36615336 -0.16966042 -0.5968333 0.17559442 0.7051685 -0.3962526 -0.7742548 -0.20965053
D05341 0.32860097 -0.017209131 1.4847414 -1.5181684 0.15505117 -0.32369125 0.49557632 -1.4737267 -0.734135 -0.40317357 -0.91751736 0.8800114 -0.7235403 0.49372742 1.1930461 -0.4311794
D00666 -0.18554825 0.58141875 1.116976 -0.089515686 0.14644289 0.33445394 -1.0507773 -0.8707499 -0.6393655 -0.18821691 -0.8396482 0.4320831 0.15455182 -0.8384276 -1.2085974 -0.81248355
D01103 0.09583137 -0.0018460257 -0.011572321 0.6096408 -0.4929014 -1.1346866 -0.19733594 -0.25579703 -1.029515 -0.26195988 -1.1585858 -0.071528114 0.395898 -0.3057274 -0.31426653 -0.79801893
D00442 0.46999234 -0.042948116 1.0140327 0.07499278 -0.2593009 -1.0734683 -0.086911365 -0.0031114658 0.20583552 -0.80508024 -1.4330373 -0.13551751 -0.9591129 -0.49832958 1.2007275 -0.9640221
D00415 0.98294437 0.8994286 1.0552827 0.41840833 0.81250894 0.57074946 -0.43752974 -0.339434 -0.09746531 -0.2817289 -0.9270215 -0.20912804 -0.0417479 0.9466247 -0.04871071 -1.0526378
D06396 0.7101337 0.33049342 -0.16161036 -0.28548068 -0.06401168 0.33247387 -0.8538733 -0.2781391 -1.0489862 -0.10972464 -0.9519368 -0.20161724 -0.6711717 0.6485868 -0.020259745 -0.5810546
D01346 0.49633607 -0.8026934 0.17428324 -0.27286866 0.7135821 -0.75096685 -0.6999285 -0.94911677 0.56438476 0.2829851 -0.88960224 1.0929694 0.32957143 0.035173506 -1.1049019 -0.7838896
hsa1815 -0.23524618 -0.14114767 0.806275 1.0288527 0.8395752 -0.41588634 -0.31441873 -0.44575208 -1.0172863 -0.2659311 -0.29498556 0.16397704 -0.10380769 0.20798036 -0.3645185 -0.99729997
D00601 0.92798215 -0.024687676 -0.3010701 0.445436 0.7264246 -0.3478449 0.3267435 -1.0378207 0.41226885 -0.9224427 -1.3769808 -0.25338876 -0.4676403 -0.39093733 -0.2752143 -0.21160018
D00682 0.4382472 -0.77649724 1.1078265 -1.4366492 0.5879571 -0.5168741 -0.09348871 -1.6296473 -1.2089158 -0.61428493 -0.6168925 0.7837619 0.17556603 0.75482994 1.6394067 -0.19128029
hsa3361 0.5732107 0.19834042 0.35590374 1.0571322 0.5332363 0.36159077 -0.119499005 -0.47231168 -1.0168678 -0.09840699 -0.80071306 -0.28075737 -0.3475708 0.54696316 -0.13613808 -1.192467
D03490 2.1141121 -0.39862594 -0.43238756 0.42122832 0.7753781 -0.5877176 0.15595366 -0.6455448 0.08169488 -0.7771971 -0.77669996 0.056817375 -0.22457609 -0.2700725 0.006004235 -0.41990095
D01324 0.20076731 -0.8457951 0.86917955 0.66123945 -0.10018018 -0.14115903 -0.99156076 -0.29888168 -0.73823607 -0.04283636 -0.21981858 0.82616323 0.87647265 -0.4535552 -0.32990888 -1.0026321
D02279 0.41556 -0.6076411 0.90527743 -1.2137443 0.87748796 0.15532641 0.72157234 -1.5319129 -0.6185578 0.43000343 -0.4638502 1.3890692 -0.30550593 -0.65463287 0.8549615 -1.5207881
hsa1268 1.658214 0.7558782 -0.26158735 0.3006059 0.4336395 0.52127683 -0.3528489 -1.4353393 -1.9648426 -0.3053639 -0.25510463 -0.78075325 -0.740272 -0.43517825 0.9719286 0.049892038
hsa2915 0.95495147 -0.79868704 -0.066837445 -1.0373088 1.1450752 -0.4764441 -0.3186466 -1.3508112 0.15646425 0.8927819 -0.6506999 0.9128792 -0.27593434 0.11720454 0.5159946 -1.785615
D00780 0.89985174 0.6463865 0.9766193 -0.008509421 1.4880089 -0.47468475 -0.94212747 -0.417081 -1.1034656 0.4007826 0.053672396 0.47714683 -0.43565044 -0.33725658 -0.42577946 -0.37288693
hsa6755 0.40762678 0.30678147 1.6074665 -0.2692647 -0.09923059 -0.5988173 -0.25087586 -0.060800347 0.1828552 -1.2196062 -0.78792983 0.31684536 -1.1702604 -0.41167188 1.1291823 -0.61101866
hsa5030 0.65031147 0.09437215 0.566443 -0.29407707 0.09647016 0.48311853 -0.6628071 -1.4735901 -0.3770012 -0.2447442 -1.1425167 -0.36309442 1.3316094 -0.6564341 2.3339882 -0.7106409
D03442 0.61640155 -1.0215706 0.8115108 0.06107099 -0.33312908 -0.4533882 -0.19756588 -0.0986327 0.58543766 -1.0295118 -2.0032127 0.31615713 -1.4338874 -0.990482 0.562761 -0.8381411
hsa2846 0.58683765 0.47501034 0.8673227 -0.0975313 0.41101226 0.39620972 0.01352803 -1.0373019 -0.59012955 -0.30137295 -0.69749105 -0.32627302 1.270847 -0.559757 1.9166155 -0.62919474
D01462 0.44454303 0.71888244 1.1494634 -0.036300402 1.126154 -0.14140102 -1.1218805 -0.3699041 -1.0665356 0.07541618 -0.16908833 0.51233363 -0.4583213 -0.5329172 -0.73267466 -0.5072406
D01297 0.3916651 -0.857645 0.4808124 0.36539727 0.03976315 -0.15184316 -1.0048387 -0.32093856 -0.79979724 0.31381756 -0.47649515 -0.14049861 -0.40332395 -0.072132826 -0.4914374 -0.84429157
D01925 1.1466321 0.23445392 -0.14844225 -0.59103346 0.27946582 0.26373565 -1.6530379 -0.6686346 -0.8045084 0.4428485 -1.4885696 -0.30851254 -0.29787523 -0.15355413 -0.44587797 -0.32524082
D00627 0.28763047 0.68386674 0.26394925 -0.12731987 0.27208868 -0.6398497 0.2726496 -0.20177713 -0.0047226166 -1.9113027 -0.25364903 0.6364152 0.20927647 -1.0364573 0.108835176 -0.9005884
D04625 1.4952122 0.020317663 -0.15048216 0.42756045 0.7136505 -0.049195454 0.9921389 -0.89385825 -0.019918805 -0.16083008 -0.4854853 0.32298335 -0.08513323 -0.5356718 -0.13259172 -0.8565943
hsa5028 0.90317994 -0.06987445 1.0155205 -0.0735568 0.38595626 0.70757246 -0.055424586 -0.9102804 -0.620312 0.15413557 -1.0323169 -0.06290294 1.4068476 -0.30659935 1.8183262 -0.4438512
D00094 0.3330345 -1.4468515 0.088763095 -1.1739633 0.9741572 -1.1932623 -0.15216228 -1.6477771 -0.910097 -0.44308868 -0.4977769 0.3410648 -0.038543183 0.6074719 1.585564 -0.3711886
D00332 0.0762868 -0.81345177 -0.06816898 -0.5864462 0.36330485 0.15341473 0.5798108 -0.902938 -0.9522277 -0.12980281 0.2730575 0.44647348 0.29438707 -0.7258077 0.7195151 -1.0944684
D00845 -0.23560736 0.77668214 0.6080666 -0.2552015 -0.67378724 -0.39177546 -0.6517516 -0.79833627 -0.9749566 -0.31897753 -1.3495592 -0.18928754 -0.95972097 -0.0072198445 -0.36239302 -0.76183337
D00422 1.507733 -0.43820024 -1.0612837 1.0838574 -0.0857668 0.989009 -1.2206994 -1.4136552 -0.25179136 -0.4712217 -0.73184514 0.9266106 0.55276406 -0.34825155 0.6790388 -1.0101931
D00715 0.7052033 -0.5732668 0.38529405 1.0785121 -0.66282344 -1.5557892 -0.055202357 -0.85676736 -0.7366258 0.027694603 -0.90729034 -0.252016 0.5493891 0.09405588 0.088336684 -0.39994895
D05938 -0.1670864 0.52182376 0.20737608 -0.31971827 -0.4762871 -0.78620136 -0.54090255 -0.3215711 -1.0004365 -0.36791894 -0.8808389 -0.70651037 -0.73561573 -0.38844234 -0.023826685 -1.0846237
hsa6753 0.95605844 -0.107619904 1.4591703 0.11310601 -0.097061194 -0.4408648 -0.31313092 0.1474834 0.018903665 -1.1118951 -1.2555485 0.060410976 -0.89306283 -0.3242158 1.4755416 -0.67848843
D03880 1.1396922 0.021134507 -0.37430704 0.3411806 0.9214689 -0.37815 0.34256124 -0.8222663 -0.1716229 -0.90630525 -1.0639027 -0.09026695 -0.63118166 0.007262122 -0.45939156 -0.39291152
D00514 -0.6697378 -0.08122147 -0.20091215 0.6896739 0.8672958 0.3265082 -0.1961743 -1.44203 -0.861487 -0.3423237 -0.50993145 -0.6349789 0.66729605 -0.75386673 0.5633789 -0.8143661
hsa2917 0.92781836 -0.9235239 -0.070073426 -1.0916761 0.8374273 -0.9061257 -0.63383937 -1.3038425 0.28525198 0.9717273 -0.9741694 1.2100909 0.14363335 -0.15531231 0.20418662 -1.5986365
D03654 -0.7886405 -0.32318094 0.99621516 0.62202 0.19149327 -1.6859794 -0.2533952 -0.3928179 -0.828083 -0.17567164 -1.4203069 0.45345894 -0.09423545 -1.0826713 0.20633593 -0.79305047
D00465 0.5006888 -0.22129245 0.26449305 1.021963 -0.5214633 -1.029996 -0.33371437 -0.90921974 -0.6863496 -0.1866822 -0.8274814 -0.14415954 0.45700115 0.15624854 -0.4812236 -0.313561
D00318 0.47653896 -0.7183471 -0.569576 1.1031494 -0.043735188 0.41105744 -1.7621024 -1.038712 -0.106138825 -0.49098688 -0.54326075 0.3938932 0.279305 -0.61071944 0.047970828 -1.26075
D00683 1.4759228 0.101976134 -0.6655518 0.44248042 0.6955858 -0.2399852 1.0928258 -0.12810723 -0.7606211 -0.95969224 -1.2974881 0.26919776 -0.282419 -0.65430444 -0.14969112 -1.084911
D00364 -0.17843923 0.50150955 0.7388536 0.5988467 0.41270205 -0.13612585 -1.5259519 -0.3227965 -1.0215036 -0.16422494 -0.3267105 0.2278907 -0.095506415 -0.32733193 -0.16702422 -1.3409195
D01051 -0.4859255 0.8607996 -0.17186219 -0.072874606 0.27064982 -0.70809734 -0.5067415 0.35875043 -0.9599185 -0.17164461 -1.0976427 0.10970238 0.682458 -0.51672345 0.64529204 -1.257812
D03210 0.27260756 1.3385884 -0.31418204 0.12032837 0.24385908 -0.5390839 -1.4461608 -0.83669156 -0.9843191 -0.20831293 -0.055843864 -0.12861936 0.5411981 0.38331628 0.1441274 -1.1602846
hsa1234 0.13709216 1.4502306 -0.12177244 -0.29771224 0.5579956 -0.44298434 -1.0609132 -0.6945132 -0.5482822 -0.4223816 -0.33880812 -0.16849129 0.89100856 0.1564829 0.90644854 -1.0781434
hsa5029 0.4073114 -0.095491 0.48745066 -0.33354148 0.2181619 0.53222585 -0.4278241 -1.3909144 -0.35692522 -0.38069358 -1.1161007 -0.25607476 1.1223172 -0.70443887 2.308252 -0.45078865
D00380 0.5955911 0.65385234 0.03260632 -0.31115985 1.319941 -0.23719849 -0.5747375 -0.5399426 0.07348511 -0.9399169 -0.8661099 -0.3681933 0.87178755 0.8221866 0.5861789 0.032388426
D00049 0.8364084 0.21700811 1.384939 0.24814501 0.2380658 0.21561329 0.45627847 -1.1321867 -0.9142151 0.9829185 -1.0152142 0.2892177 1.0676795 -0.7554904 0.3893997 -0.9153545
D01699 -0.78018045 -0.40392727 0.9900141 0.61314255 0.43800116 -1.504309 -0.41646844 -0.36044252 -0.94963026 -0.2022747 -1.0475779 0.22286487 -0.35733515 -0.83493835 0.21358366 -0.87624514
D00684 1.2170798 0.035170272 -0.6780919 0.27788258 0.43761325 -0.48012826 0.9712164 -0.23033814 -0.7845236 -1.0939248 -1.3662004 -0.24661134 -0.24167036 -0.34294984 -0.115354165 -0.5916497
D01745 0.39144066 0.3171581 0.44564384 0.8048899 0.7870339 -0.4193535 -1.0050297 0.24819304 -0.587472 -0.057438344 -0.4939473 0.3957546 -0.20012887 -0.47052684 -0.002910144 -1.1046605
D04716 -0.040911533 -0.71350145 0.39700937 0.46825755 0.9173132 -0.17891231 -0.8184453 -1.1294355 -0.4734194 -1.144569 -0.3132851 -0.23826659 0.59117055 -0.39177123 -0.40775162 0.15037982
D03365 0.72224015 0.024183193 1.3415525 0.8125036 -0.27847454 0.043732427 -0.08655588 -0.9710181 -0.9052619 0.91652375 -0.7537267 -0.13162483 0.5736898 -0.09180624 0.09975306 -0.67573327
hsa338442 0.9721304 0.23501801 1.3981054 0.27617463 0.023452375 0.31965983 0.3975021 -1.1489412 -0.68958086 0.7595406 -1.1446286 0.076680295 1.4198394 -0.4836144 0.8101601 -0.72097987
D00301 0.5544332 0.121361114 0.1600543 0.42039028 -0.5314513 -1.2764208 -0.009061467 0.041699957 -1.3301283 -0.60582 -0.98049176 -0.201386 -0.75079614 -0.453733 -0.30186683 -0.94636005
D01126 0.656987 -0.431937 1.115327 -0.89212894 1.1576254 0.38942817 0.75437427 -1.2309257 -0.26703912 0.49288777 -0.7244662 1.5210938 -0.17440957 -0.7356223 0.25690338 -1.4893839
D01242 -0.0981323 -0.35284275 0.10145107 0.6675451 0.33126235 0.3830742 -0.86373 -0.76864374 -1.1403629 -0.39561388 -0.37486702 -0.3349418 0.36358058 -1.298125 -0.1968288 -0.33184108
D01692 1.2480623 0.47675622 -0.13282344 0.19002165 0.27283645 0.07778961 -0.47501117 -0.9296426 -1.4574387 -0.24354956 0.14219274 -0.7383541 -0.66052526 0.17481363 -0.010818257 -0.8721117
hsa2911 1.2233268 -1.1051254 -0.082153484 -1.244981 0.9699462 -0.42573044 -0.6208947 -1.421087 0.13594143 0.93148375 -0.9154969 0.88448405 -0.37429386 0.043799818 0.5694105 -2.0611835
D06056 0.3937673 0.51167434 0.25804758 0.54190624 0.5367914 0.50222445 -0.39144033 -0.6551998 -0.37632728 -0.7809681 -0.6169533 -0.16905436 -0.37670717 0.98178625 0.27205294 -0.5941465
D00673 1.5642802 -0.5417448 -1.3691179 0.72923094 0.009619814 0.8660663 -1.1607541 -1.4331385 -0.16233836 -0.601999 -0.6569166 1.0929828 0.4139892 -0.41452512 0.88782376 -1.0106071
hsa1909 0.2671996 0.71683884 0.6922255 -1.0401444 -0.46474445 -0.2554153 -0.7834517 -0.35269514 -0.97114754 -2.385815 -1.0477086 -0.26669258 -0.012097286 -1.4498005 -0.07293162 -0.48235905
D00987 1.232406 0.49958348 1.0573839 -0.63821983 1.2124377 -0.4302721 -0.9960545 -0.32620117 -1.4557116 0.36312017 -0.0051338477 0.86499393 -0.13492969 -0.2709403 -0.5481775 -0.23231603
D01332 -0.17915657 0.16287428 0.8910801 0.1654823 0.46204755 -0.07127235 -1.3553632 -0.8949328 -0.9887206 0.28446108 -0.28935876 0.4771014 -0.076668605 -0.69931585 -0.87826896 -0.86467665
hsa5031 0.46526393 -0.30520853 0.3934765 -0.25214148 0.5464981 0.16221741 -0.2110257 -1.2494313 -0.19830208 -0.40311792 -0.97907466 -0.37552774 1.0146282 -0.5822278 2.132623 -0.31837994
D00443 0.63475454 1.3961003 0.051910173 -0.86931556 -0.6996442 -0.6944271 -0.7683218 -0.5508291 -0.44799224 -0.8629347 -1.2025231 0.6089707 0.32904986 -0.42328793 0.44889227 -0.15786135
hsa1241 1.13893 0.0014001674 1.5523909 -0.02426676 0.34855026 -0.16756485 -0.65300655 0.42913234 -0.3375331 -1.0728651 -0.84420264 0.12931643 -0.2555771 -0.2842343 1.6304291 -0.5060238
hsa5729 -0.07142465 -0.21397416 1.8087878 -0.81785107 0.5408205 0.062157717 -0.5448908 -0.6147045 -1.036029 -1.17429 -0.6273414 1.2111481 1.1220607 0.03257566 0.5401635 0.22593497
D00440 1.5245568 -0.48914048 -1.1943389 0.8113717 -0.16367514 1.0002954 -0.81753576 -1.340919 -0.25736693 -0.63168 -0.7082419 1.0030525 0.45481578 -0.40824217 0.70902985 -1.0040076
D00499 0.9772153 0.3781459 0.27999845 0.17760243 -0.03152345 0.18001021 -0.26116437 -0.9248449 -0.6434774 1.4235947 -1.2815499 -0.42487916 0.9437907 -0.5169031 0.61724627 -1.3106043
D00688 1.4514474 0.08244031 -0.6963226 0.33004633 0.73414695 -0.046672486 0.879062 -0.055445764 -0.6951738 -1.4448187 -1.3006839 0.2550196 -0.033919916 -0.545414 -0.2106432 -0.74406815
D00760 0.33353505 0.047113057 0.4810188 0.9090694 -0.38602474 -1.1076956 -0.14313841 -0.39044634 -1.3125004 -1.6355436 -0.39269388 -0.2488543 0.6132218 -0.11579425 -0.6505552 -0.35444385
D02349 1.0244125 0.09657931 -0.71519035 0.14708233 0.8469606 -0.30874673 0.9830315 -0.014277734 -0.9190188 -1.0355606 -0.63410264 -0.26736492 0.4612817 -0.12900025 0.31414962 -1.0452365
D01994 0.29650262 0.69324046 -0.30766848 0.395159 -0.16038436 0.4012197 -0.41326386 -1.0751452 -0.7836585 -0.4221244 -1.4058193 0.07112951 -0.9051063 0.08505773 -0.74223083 -0.2713491
D00675 0.29090044 0.1917178 0.93821096 0.5875948 1.586002 0.7838996 -0.21098734 0.3479963 -0.9213296 -1.165219 -0.9256027 0.061572716 0.5537038 -0.9264081 -0.06532269 -0.8622095
D00225 -0.03384272 0.2155799 0.06340463 0.9326287 0.8306398 -0.3147946 -0.76605517 -0.5969537 0.10630203 -0.31959933 -0.21350172 -0.018926956 0.9020602 0.06375115 0.6649843 -1.1533761
D01386 1.1532663 -0.31166372 -0.363509 0.6874135 -0.055678077 -1.3107113 0.7678372 -0.9971213 0.0060922084 -0.5660878 -0.7713342 0.10389875 -0.27885544 0.016451003 -0.07508694 -1.2488934
D00559 0.06490821 -0.7884506 0.20646608 -0.13891791 0.9419613 -0.49454597 -0.92308664 -0.41838238 -0.31781274 1.1151069 -0.8269774 0.6538902 -0.41392446 0.6206362 0.19712505 -1.325049
hsa9934 0.19951041 0.00543199 0.82018274 -0.4990948 0.6445289 0.5762929 -0.29557025 -1.212388 -0.45328143 -0.39585346 -0.7361555 -0.3103462 0.745472 -0.165431 1.8667026 -0.38444835
D01441 0.53146625 0.22636777 1.0769179 0.45029548 1.0296917 -0.62699294 -0.4118255 0.61594677 -0.8657601 -0.819774 0.1406794 0.13154355 0.33431447 -0.827644 0.8935639 -0.65072143
D00574 0.13702753 1.1892514 -0.49507248 -0.45177972 0.4026915 -0.68730664 -0.31887904 -0.44415924 -0.12195314 -0.059751052 -1.0345224 -0.17479299 1.0030915 -0.79500175 0.83636755 -1.1006751
D02725 0.43524516 -0.8176742 0.8812984 -1.4984944 -0.23427087 -0.8326869 -0.2680536 -1.7656561 -1.5994123 -1.1025453 -1.4720957 0.9800077 0.44988042 0.81596404 0.87282026 -0.006113356
hsa3363 0.65269476 -0.25649682 1.0736338 0.89126426 0.36040235 -0.008804817 -0.49460843 0.06696053 -0.5817604 -0.72966194 -0.27917328 -0.31817952 0.08533135 1.1002451 0.050285727 -1.6798689
hsa56413 1.4764613 0.13524576 1.3675876 -0.046685416 0.3444184 -0.47054395 -0.35990313 0.815471 -0.21899799 -0.74237037 -0.88982147 0.05350169 -0.13803054 -0.2849159 1.6292837 -0.39781818
D00954 0.76825994 0.8755233 0.5517879 -0.27959633 -1.1849918 -1.1685742 -1.129157 -0.9017776 -0.64265 -0.9099763 -1.1591269 0.2829003 0.059620634 0.06751803 0.34055585 0.14549577
D00542 0.10086132 0.29228365 -0.43526328 -0.69358426 1.400884 -0.74452156 -0.15679643 -1.1304827 0.73115176 -0.08209568 -0.23366167 -0.36612356 0.91417825 -0.3732264 0.8548573 -1.3025073
D01828 0.5283811 -0.2466399 1.1159302 -0.18388455 1.3403125 0.7677147 0.296759 -0.14434905 -0.46898073 -0.46499854 -0.6295177 0.5119099 0.86347294 -0.87576294 0.3699533 -0.5334483
hsa9052 0.4120923 -1.8286575 -0.12182678 -1.3946614 0.95765173 -1.2686826 -0.45480433 -1.9666587 -0.3477831 0.055204667 -0.8445634 0.3437398 -0.27769604 0.31355366 1.8099666 -0.27119598
D04375 0.1520981 0.19758569 0.22209628 0.24818976 0.8192133 -0.019140402 0.09877971 -1.1108445 -0.47492373 -1.3013772 0.33905458 -0.50354415 -0.44452152 0.139516 0.3117398 -1.3874533
D01782 0.10871896 -0.49023324 -0.08765794 0.23040123 0.83258873 -0.46695048 -1.3094614 -0.30331695 -0.5941906 -0.10668759 -0.41745734 0.2991044 0.37728423 0.29325208 -0.4207522 -0.6663108
hsa6010 0.32070452 0.56481916 1.5772175 -1.2850933 -0.04142869 -0.314222 0.31659693 -0.95661825 -0.70112514 -0.6195734 -0.8091648 0.5749508 -0.9493723 0.4143754 1.0964739 -0.3691097
D02357 1.364133 0.9697009 0.96726656 -0.05557171 1.1316103 -0.24470308 -1.1611226 -0.775949 -1.6030988 0.54830885 -0.061295368 0.101449974 -0.46309236 -0.47998637 -0.29821143 -0.05600441
D00295 1.3697422 -0.48746014 -1.0800822 1.0030404 -0.18301487 0.9093292 -1.1558396 -1.3322154 -0.27219692 -0.30502594 -0.69469345 0.93906754 0.43082634 -0.252046 0.6376833 -1.1185125
D00765 0.28133163 0.16712157 0.64572 -0.0015903541 -0.9435777 -1.1893553 -0.55842406 -0.94131184 -0.72466487 -0.48642135 -0.8369688 0.5614865 0.26142067 0.47176665 0.068218865 0.26733986
D00139 -0.3648455 0.24404107 -0.20265597 0.42637563 1.5469911 -0.09285765 -0.7105823 -0.8219913 -0.2498657 -0.47498274 -0.82508945 -0.46378064 0.5856647 -0.5714733 0.38360414 -0.57090557
D05792 0.8116102 -0.18721366 -0.060855873 0.65496254 0.48141444 -0.90708756 0.56764466 -0.5200171 0.26411211 -1.3168266 -1.0961102 0.30264068 -0.68872195 -0.05390329 -0.099144705 -0.51018214
D00769 0.041376613 -0.86468756 0.6360129 0.5219982 0.5082319 -0.06412458 -0.34467384 -1.3374383 -0.2731087 -0.30829152 -0.36670873 -0.858006 0.21604918 0.46797675 1.1735711 5.9550628e-05
hsa887 1.055702 -1.0736785 0.63741195 -0.14092243 -0.19489871 -0.0014424839 -0.6927764 -0.077707 0.47116306 -0.9957065 -1.7309414 0.47081155 -1.7001994 -0.9496495 0.5726787 -0.844601
D05740 0.90901935 0.482863 0.4063031 0.40619108 0.71547616 0.883872 0.030573197 0.45147234 -0.9917929 -1.882566 -1.321545 -0.47382048 0.08488954 -0.75035214 -0.3699188 -0.6934387
D00674 0.6598922 -0.038865674 0.42856908 0.55540264 1.1368383 0.30710313 -0.5466341 0.3804998 -0.36735994 -1.0203413 -0.5164375 0.39892647 0.22526939 0.8800605 0.019115523 -0.7211814
D00525 1.7702205 1.3553926 1.5225769 0.41929024 0.7308852 0.50937426 -0.7129614 -0.48529217 -1.1802021 0.5675193 -0.91404307 -0.38798606 -0.3732861 0.64008695 0.13295607 -0.5510454
D00965 0.7617977 0.36892414 -0.43552756 0.0008980762 0.7148963 -0.4659242 -0.0540778 -0.83225745 0.18928435 0.42575294 -0.14332335 -0.3014929 0.40129784 -0.3053752 0.0022272407 -1.5909877
hsa1910 0.24909836 0.64972216 0.7275399 -0.8283579 -0.6317284 -0.28723243 -0.68823105 -0.41822731 -0.7501625 -2.1759381 -1.0273713 -0.35931402 0.017514974 -1.5523529 0.19129975 -0.4874073
hsa23620 0.6449053 -0.30331028 1.3898201 -0.63762444 -0.7028375 0.2796201 -1.1757181 -0.23972777 -0.4900467 -0.6889699 -0.48656043 -0.52679765 0.26221445 -0.7901484 -0.92335826 -1.486861
hsa554 0.93622714 -0.32559878 0.8634408 -0.022016805 0.34977818 -0.5993235 -0.9628765 0.33854568 0.09147212 -0.9771498 -0.29903126 1.0502555 -1.7906135 -0.82437164 1.0339837 -1.0197724
D01603 0.35458466 -0.92517096 0.1140937 0.48723644 1.2282516 -0.08058644 -0.7800108 -1.3418126 -0.18998025 -1.0509195 -0.466733 -0.5519693 0.38014778 -0.29137474 -0.76882637 0.025515273
D03503 1.5170987 -0.38462377 -1.092117 0.9090637 -0.28422862 0.84192735 -1.1617341 -1.233592 -0.178507 -0.43914294 -0.6025598 1.128304 0.5153497 -0.22102463 0.31120503 -1.135333
D02076 0.92046577 0.2643248 0.0872636 -0.9282041 0.44936407 0.03670439 -0.5492532 -0.4803022 -0.12168197 -0.93420553 -1.0406314 0.25998816 -0.9484162 -0.39206445 -1.259017 -0.90368396
hsa9283 0.3883317 0.38041243 1.2853694 -1.3112893 -0.52825093 -0.29555038 -0.59502715 -0.81679314 -0.22331907 -2.6828263 -0.8246459 -0.38016412 -0.6260439 -1.0651225 0.7239829 -0.77198035
D00613 0.46282193 -0.3942977 0.76610935 0.48397702 1.2838417 -0.42644623 0.47406045 -0.52337176 -0.06176095 -1.5255677 -0.59880686 -0.44667286 -0.6190934 0.9868138 0.3377726 -0.2757905
D01071 0.76861066 0.9125895 -0.2504159 -0.43772298 0.4060704 -0.13985896 -0.8441551 -0.68959254 0.0021137572 0.24304058 -1.3859057 -0.78528506 0.55002207 -0.25352168 0.3067243 -0.37356672
hsa5724 -0.355718 -0.09588722 1.5307041 -0.11473409 1.1850768 0.40827522 -1.112067 -0.45933288 -1.2291522 -0.3977196 -0.128477 0.09838382 0.7698719 -0.038596585 1.8883592 -1.1627986
D01652 -0.17685105 -0.039016683 0.71823883 0.5900796 1.1266049 0.16145241 -0.79322404 -0.310927 -0.76614904 -0.20531464 -0.247108 -0.03561323 0.5041062 0.17832011 0.9181613 -1.1303841
hsa2550 1.1689057 -0.4218007 0.46283588 -1.1688188 1.3887613 0.45705706 0.12320244 -0.6324117 -0.38343617 0.5222428 -0.7850566 1.5774878 0.8423345 -0.4817954 0.074061394 -0.87521327
D00454 -0.33045167 -0.04055645 0.7997369 0.9231386 0.505207 -0.21547928 -1.1990198 -0.54807526 -1.1165205 0.033535015 -0.14257146 0.2967858 0.1482955 0.07396071 -0.26776373 -0.9383755
hsa886 0.95227593 -0.7882528 0.7017793 -0.26034674 -0.4156995 -0.33789393 -0.9137242 -0.05409037 0.16416052 -1.0033104 -1.3990793 0.26492852 -1.749495 -0.6588581 0.64309764 -0.76933116
hsa5032 0.34790543 -0.13758473 0.5467012 -0.3066295 0.39635044 0.43936443 -0.55605876 -1.4986514 -0.59469503 -0.296886 -0.9597128 -0.4582636 1.0609928 -0.54363394 2.3623629 -0.47975913
hsa552 0.7879213 -0.37653622 0.7863054 0.30458182 0.33835208 -0.7612583 -1.1464329 -0.11182647 0.20106697 -1.1388412 -0.063994616 1.116344 -1.3750124 -1.072454 1.1583747 -1.114662
hsa4543 0.30081755 0.6000332 1.3107988 -0.092422314 0.062008888 -0.14312202 -0.46353438 -0.78944296 0.2358816 -1.243937 -0.5269407 -0.15953802 -1.0790561 0.63489 0.52245885 -0.28620213
