hsa154 -0.118686885 -0.37967926 -0.617077 0.80707103 0.87554914 -0.41760573 -0.6523166 -0.59187084 -0.7963552 -0.2822873 0.6175461 0.37017694 -0.24511288 0.21555401 -0.5694728 -0.9098332
hsa148 0.1595731 0.23222438 -0.4009721 0.28843954 -0.38618514 -0.40028927 -0.41514993 -0.5110406 -0.9324982 -0.020558769 0.43697727 0.020086326 -0.43205997 0.15023579 0.1458589 -0.74656904
D00283 -0.5352993 0.2511719 -0.16789275 0.6276529 -0.20566566 0.021515995 -0.87027603 -0.17015558 -0.894057 0.20771442 0.1517357 -0.2273483 -0.16512686 0.078861594 -0.24733365 -0.691428
hsa1128 -0.31935045 0.2343151 0.4897021 0.6724715 -0.28373978 -0.77136266 -0.49890718 -0.435865 -0.8531824 0.73158497 0.10570355 -0.2007125 -0.09784964 0.09904191 -0.16717444 -0.9974006
hsa150 -0.25909084 0.13325396 -0.5249277 -0.115298845 0.13732268 0.22123763 -0.3997663 -0.2260061 -0.9324981 -0.5858824 0.44647947 0.23096487 -0.32859394 -0.22346115 0.101414934 -0.72997004
hsa153 -0.028258149 -0.3441535 -0.5479668 0.7750843 0.87983614 -0.4850433 -0.8804369 -0.83651876 -0.7678252 -0.17654468 0.5618877 0.18515225 0.09518418 0.2407013 -0.35254768 -0.5908483
hsa3269 -0.49184802 -0.40305677 0.24281123 0.18298544 -0.3997177 -0.4150635 -0.9255201 -0.42926937 -0.93764234 0.2891688 -0.045677535 -0.62160575 -0.07613081 -0.17392729 -0.49358097 -0.6632368
D00528 0.28184468 -0.29670855 0.075653456 -0.03645073 -0.1684329 0.5923711 -1.0811985 -0.871221 -1.6071548 -0.38307595 -0.7099866 0.5992104 1.6229614 -0.028132774 1.1348165 -0.25278145
D00454 -0.60869104 -0.21584179 0.16794059 0.38405487 0.03460466 -0.39732498 -0.7583709 -0.37668118 -0.8271032 0.40908435 0.58009404 -0.22940257 -0.0710875 -0.26571614 -0.29923713 -0.6472149
hsa151 -0.5670564 0.30954573 -0.26181045 0.017881803 0.13862029 -0.29101324 -0.5942163 -0.3100239 -1.0990709 -0.5275732 0.6130439 -0.1941082 -0.47485688 -0.36027586 0.07167832 -0.64924663
hsa1129 -0.3238059 0.32047805 0.47534215 0.8750835 -0.7015272 -1.258138 -0.6051784 -0.53266054 -0.815408 0.19736862 -0.13417521 0.3321345 0.26155227 -0.038855262 -0.43015358 -0.42316154
D00513 -0.392915 0.2518133 -0.39120653 0.7823675 0.45287862 0.14280596 -0.7954082 -0.63399315 -0.699868 -0.087077186 0.47555795 0.015014692 -0.33625185 0.73602796 -0.34114274 -0.8622641
hsa1813 -0.23708786 0.23443088 0.37750113 0.22651106 -0.018723909 0.18999654 -0.70211774 0.04795296 -1.3221126 0.47214586 0.09850831 -0.3984275 -0.51870483 -0.6511112 -0.44021422 -0.7734569
hsa147 -0.59966624 0.17509879 -0.5767188 0.41899267 -0.36573383 -0.5487527 -0.69567007 -0.44756675 -1.2217621 -0.22977751 0.3907559 -0.22435692 -0.48558825 0.25558248 0.09354565 -0.8451393
hsa146 -0.49631682 0.2804651 -0.38133243 0.50163674 -0.07299959 -0.45909703 -0.4970661 -0.32084024 -1.0983497 -0.26579845 0.88532436 0.017051483 -0.2656965 0.106859095 0.062624134 -0.79144037
hsa3356 -0.48291528 0.09166056 -0.006370701 0.6346174 -0.09540081 -0.05082655 -0.9163646 -0.39939404 -0.91239154 0.38413367 0.33799225 -0.4680519 -0.2333112 -0.030810792 0.15833984 -0.66011715
D00726 -0.32051212 0.6645338 0.0057705566 0.88195753 -0.3938014 0.47201717 -0.70983523 -0.3732108 -0.7823716 0.30689105 0.29934666 -0.13085043 -0.120224945 0.42837456 -0.37386623 -1.1187649
D02361 -0.32532775 -0.008738197 0.16905914 0.53415555 -0.033557925 -0.85604125 -0.56403875 -0.36792544 -1.0468162 0.2196415 0.3418877 -0.2236244 -0.08210191 -0.23099937 -0.09105231 -0.6562442
D00494 -0.11449569 -0.41865656 0.14879724 0.7249129 -0.43282804 -0.73030293 -0.718167 -0.53411084 -1.1934286 0.46653 -0.33842602 -0.48342204 -0.10260576 -0.499917 0.1710784 -0.6054869
D02354 -0.83476245 0.08176477 0.7007942 0.5734026 -0.06167591 -0.35701954 -0.7512515 -0.20599306 -0.98096037 0.519936 0.5157244 -0.39728907 -0.14333814 -0.15845089 0.0724446 -0.62105477
D00493 -0.65071374 -0.31623948 0.20814818 0.2234119 -0.37055415 -0.305102 -0.72042173 -0.35830683 -1.2742957 0.65191895 0.08129812 -0.36407146 -0.18913701 -0.14651656 -0.026873788 -0.54786736
D00270 -0.4030386 0.008736241 -0.23065943 0.17112295 0.3142025 -0.054677855 -0.50302947 -0.1663396 -1.1233236 0.17524196 0.08424365 -0.53374624 0.06904681 -0.62926537 -0.22914036 -1.0848105
hsa155 0.33077747 -0.25223148 -0.4105138 0.6029722 0.6812125 -0.1201927 -0.6422929 -0.52291083 -0.30075893 -0.51615185 0.7945243 0.60511816 -0.1523183 0.01511346 -0.10768755 -1.0381647
hsa152 -0.45376348 0.55401415 -0.4673661 0.12502259 0.04638459 -0.40428263 -0.62389797 -0.047133833 -1.2197727 -0.77654976 0.60336065 0.1074854 -0.7632542 -0.3277703 0.018460382 -0.7993092
hsa3577 0.6582844 0.54973674 0.05789427 0.36968482 -0.09539583 0.28776896 -0.38791326 -0.77617264 -1.4385735 -0.31854555 -0.9895701 0.11374238 0.67516404 -1.072567 0.12886894 -0.06048568
hsa1131 -0.4129165 -0.6557374 0.7589991 0.96991247 -0.3616487 -1.0973997 -0.6566177 -0.4777587 -0.7489351 0.52898157 0.41381443 0.21953845 0.26138166 -0.25474432 0.04424235 -0.60970145
D00996 -0.2869809 0.18550043 -0.62485284 0.12233488 0.53089035 -0.20856628 -0.5139174 -0.656528 -0.95738876 -0.41587767 0.7614424 0.11826432 -0.49277854 0.15169995 -0.12501934 -0.9094297
D00451 -0.85796005 0.40615115 0.026392903 1.2720468 -0.15134974 0.41366103 -1.148853 -0.5259188 -0.7251625 0.3793277 -0.13245687 -0.1176639 -0.17401668 0.45439604 -0.45946106 -0.90237075
hsa1812 -0.40901288 -0.32199103 0.19954574 0.3648079 0.43431544 0.14079471 -0.46750933 -0.0677799 -0.92593443 0.34054896 0.20068385 -0.30131742 -0.05572074 -0.65356827 0.18594371 -0.9779988
D02149 -0.020105984 0.028953956 -0.3560619 0.22651023 0.5746979 -0.31957266 -0.59197 -0.15928708 -0.9190595 -0.068641976 0.7177749 0.17690705 -0.388773 0.16421282 -0.13715443 -0.6045507
hsa1814 -0.39458722 -0.13164376 0.6048143 0.28455666 -0.21494025 0.3309285 -0.5867629 -0.7196345 -0.6305327 0.6526171 0.15130861 -0.34940863 -0.6241086 -0.12404324 -0.45554346 -0.81399757
D03621 -0.28995964 -0.49260682 0.57493407 0.6094083 -0.39313322 -0.9338491 -0.35746044 -0.6865503 -0.9693022 0.4193221 0.045627136 0.046071388 0.17480032 -0.39414245 -0.08792514 -0.46868706
D00775 0.7467863 -0.17650017 0.0077470858 -0.5590778 0.38621554 0.2806502 -0.8203491 -1.2722782 -0.8327504 1.0961704 0.0040733675 1.2156657 -0.6648413 -0.18291052 0.2520644 -1.303817
D01713 -0.48163947 -0.033017166 -0.5049679 0.16588047 -0.5316208 -0.088464335 -0.98266774 -0.46033242 -1.0861766 0.048147026 0.16712157 -0.2447849 -0.13244842 -0.44741204 0.2432879 -0.310074
hsa185 0.36723295 1.0178915 0.67711306 -0.55843216 -0.051925052 -0.5219446 -1.0751749 -0.3991705 -0.4877126 -1.4284062 -0.85768986 0.19170949 0.6097164 -0.510625 0.22032432 -1.3848407
hsa3358 -0.9075636 0.3334874 0.1553064 0.9895235 0.09132023 0.07904767 -0.7314266 -0.64549947 -0.9562318 0.47104672 0.48475263 -0.17836225 -0.18500325 0.21598443 -0.44044092 -0.57637405
hsa3351 -0.7075623 0.6257627 -0.116266176 0.6512552 0.2167061 0.49124008 -1.1803371 -0.18500271 -0.61532706 -0.035897244 -0.09980749 -0.48608217 0.20374604 0.66003084 -0.2648677 -1.2235235
D02070 0.067156516 -0.2332504 0.5470332 0.7769458 -0.4290187 -1.3056318 -0.5449991 -0.6464054 -0.9193454 0.92753816 0.5194416 0.19418758 0.2230055 -0.011913397 -0.09937267 -1.1302979
hsa3274 0.012185764 -0.60464174 -0.9798168 0.8453643 -0.2629981 0.30556607 -1.6416836 -0.9767549 -0.757253 0.14607649 0.24169376 0.10761837 0.5716947 0.19199584 0.3480367 -0.35536218
D01973 -1.0312734 0.34057984 -0.11532029 0.6898278 0.13647422 -0.08622603 -0.92454976 0.17857647 -1.0229822 -0.2598523 -0.20550472 -0.144424 -0.114085436 0.9296385 0.2614951 -0.9102549
hsa3352 -0.7024428 0.47736174 -0.23729186 0.80446094 0.3081575 0.35198668 -1.1239232 -0.35480008 -0.5499011 -0.1743086 -0.119970985 -0.30402958 -0.11424097 0.84730023 -0.2197252 -1.0622612
D00255 0.026177127 -0.042219285 -0.43130967 0.74987906 0.7039044 -0.5303657 -0.37009078 -0.55974257 -0.8177364 -0.44194585 0.38665104 -0.13639474 -0.22698131 -0.4057224 -0.043180607 -0.8544152
D00560 -0.38161853 -0.5026233 0.6869398 0.6780277 -0.089874215 0.11248311 -0.6286606 -0.1663771 -0.60941607 -0.2576877 -0.2159552 -0.2567011 -0.70712286 -0.9455277 0.1476417 -1.086257
D01358 -0.66370124 -0.011183439 -0.13472147 0.38098085 -0.40806052 -0.98181957 -0.9481329 -0.46867734 -1.1093569 0.27711675 0.6561659 -0.16076538 -0.025541877 -0.46187338 0.17928499 -0.44496423
D00300 -0.28608152 -0.6368059 0.0029507242 0.80804247 -0.2476932 -0.9219389 -0.98051685 -0.77893937 -0.85064137 0.09424856 -0.8095432 -0.720895 0.07930369 -0.34336352 0.12473849 -0.64021933
hsa4988 1.2494472 0.054758668 1.1547451 0.48344398 0.019691292 -0.26031542 -1.0895246 0.011715541 -0.77640355 -1.1033118 -0.43416718 -0.35829836 -0.76287574 0.09139148 0.17561495 -0.4773139
D02340 -0.24350467 0.23517871 0.022135675 0.3015626 -0.26609465 0.1455451 -0.7074439 -0.31272006 -1.4549328 0.53927004 0.20731239 -0.4307552 -0.16512738 -0.5158651 -0.36266807 -0.4593293
D01871 -0.7412734 -0.28044075 0.33860865 0.18885452 -0.34732357 -1.0853935 -0.8774512 -0.48425186 -1.1831158 0.67517066 0.18058772 -0.18696009 0.25992426 -0.07139702 0.12436199 -0.35998
D00113 -0.17218316 -0.0009997947 0.86828095 0.9240204 -0.3034843 -1.1862042 -0.5173913 -0.19104503 -0.95325243 0.83169615 0.23261912 0.1575664 0.5077928 -0.2930501 0.15457346 -1.0205022
D00503 -0.5427316 -0.13965555 0.0014559106 0.16971402 -0.20935811 0.104426585 -0.5427995 -0.52961874 -1.1083931 0.7476707 0.12865843 -0.40819037 -0.44850546 -0.3468887 0.072519585 -0.8793035
D02356 -0.6343652 0.39565277 -0.24261095 0.35423267 -0.22732513 -0.814884 -0.13140167 -0.491206 -1.1454809 -0.22234252 0.2384367 0.2929251 -0.233039 -0.23859392 -0.18977417 -0.628504
hsa3355 -0.71946883 0.549263 -0.005263463 0.51339823 0.03301053 0.056435235 -0.7994309 -0.009475206 -0.78180504 0.06870299 0.26333943 0.012462951 -0.23932646 1.1270887 -0.38843265 -1.186682
hsa1132 -0.26622012 -0.001932796 0.46964964 0.57520354 -0.07390915 -1.0726875 -0.87541825 -0.34458816 -0.966252 0.834242 0.06940206 -0.20709981 0.11436481 -0.32917076 -0.0003092687 -0.75973755
D00136 -0.51522756 0.12634163 0.373086 -0.34788948 -0.65985686 0.14061435 -0.33116654 -0.39855528 -0.9303283 -0.29022622 -0.18286692 -0.10925616 -0.2816717 -0.20802633 -0.7660611 -0.7807813
D00411 -0.37893245 0.21860352 1.2374882 0.44035378 0.20848635 0.79036754 -0.7632328 0.6520818 -1.5641711 -0.5135404 -0.45399088 -0.2080999 0.17100684 0.4620756 1.1613418 -0.54107344
hsa134 0.116052575 -1.1678269 -0.21478754 -0.5379964 -0.14829212 0.82844406 -0.90122896 -0.9522412 -1.3593081 -0.28618133 -0.17359225 0.7555575 1.6019608 -0.1129446 0.6413466 -0.6892293
hsa135 0.32195398 -0.87788147 -0.46926713 0.081476375 -0.2555966 0.9885773 -0.96106 -1.1142582 -1.4203752 -0.4326755 -0.093823545 0.2612923 1.490033 -0.05957511 0.7330691 -0.8988421
D00079 -0.15084714 -1.0323362 1.6973623 -0.4915651 0.19719142 -0.017239457 -1.2325392 -0.68133795 -1.5667285 -0.77794844 -0.2500459 1.8514547 0.42259175 0.63968086 0.043972094 0.35670814
hsa3350 -0.5996828 0.61496097 0.16846052 0.8758558 -0.26971722 0.23214705 -0.69565004 -0.31252334 -0.9391675 0.14386618 0.14887756 -0.4414318 -0.22464477 0.32412285 -0.18785444 -1.0644104
hsa1816 -0.6254127 -0.36950836 0.06376957 0.5960331 0.16055468 -0.019679654 -0.61957866 0.17605643 -1.0198638 -0.052289695 0.1825558 -0.087671556 -0.2863036 -0.47911453 -0.018350624 -0.5266616
D00563 -0.58270216 0.1524199 0.22546773 0.61275285 -0.14770824 -0.4159363 -0.6970296 -0.2977327 -1.1013002 0.27036557 0.7709061 -0.1691814 0.12408036 -0.39116636 0.11343039 -0.39425227
hsa3360 -0.14374325 0.49858892 -0.24230596 0.88088286 -0.46237275 0.3770644 -1.1615722 -0.50919956 -0.660899 0.04364191 -0.011918072 0.07876377 -0.44844177 1.0063012 -0.63156563 -0.5600783
D01051 -0.7476539 0.6623432 0.17450209 0.10840011 -0.7512105 -0.13461427 -0.4775819 -0.7050072 -0.4566119 -0.33191305 -0.056365263 0.21171407 -0.015457264 0.28914216 0.33097515 -1.339745
D03858 -0.59601563 0.046784222 1.0511153 0.51284766 -0.54309183 -1.20357 -0.4686051 -0.60499 -0.3139037 -0.046383727 -0.2439357 0.36828935 -0.22199596 -0.24756713 -0.13126409 -1.0115016
D01390 0.09580562 0.08794817 -0.38097996 0.31773454 0.6861608 -0.039051004 -0.53585863 -0.9838069 -0.7261075 -0.05570751 0.995182 0.4443548 -0.69297373 0.41111007 -0.5069763 -1.1251497
D02566 -0.4360927 -0.47106367 -0.40245095 0.32389146 -0.35096806 -0.64812857 -1.2230608 -0.94316375 -0.796614 0.118413016 -0.11818668 -0.5032308 -0.4121541 -0.46216333 0.35062593 -0.72409964
D02237 -0.24826638 0.11997479 -0.490839 0.0051604635 -0.56129897 -0.53639877 -0.45021063 0.018035095 -1.1791041 -0.6526983 0.49729493 0.22001177 -0.80477196 0.029963529 0.30914363 -0.80184895
D01352 -0.14475478 -0.8807955 1.5630667 -0.70446676 0.5575546 0.28853366 -1.1937169 -0.3905619 -2.1645753 -0.5463119 -0.18370868 2.1341379 0.39630884 0.8715917 -0.32426053 0.18284547
D00609 -0.25974107 0.40459085 -0.3183717 0.35156572 -0.47152975 -0.3519088 -0.8304673 -0.3105668 -1.0962862 -0.6626139 0.9399105 -0.05213189 -0.65485615 0.16965339 0.20062947 -0.5790035
D01164 -0.7727012 0.2756149 0.41785628 0.9013153 -0.055367354 0.2988159 -0.68372196 -0.46679115 -1.0889728 0.7454805 0.0034605705 -0.32112107 -0.4386946 0.105179556 -0.23646608 -0.7695682
hsa1133 -0.42469704 -0.107724994 0.3981672 0.6692856 -0.24495812 -0.8858358 -0.9382282 -0.15903075 -1.0783063 0.97266686 0.37299442 -0.12298072 0.287924 -0.14748637 -0.35928795 -0.5844418
D00509 -0.7338687 0.23410422 -0.6595178 0.2566511 0.21526362 -0.3653239 -0.6185914 -0.17322785 -1.0860131 -0.7222089 0.3453008 0.042186324 -0.60228306 0.1374125 0.265384 -0.8086069
D00227 0.56268173 -1.3606805 -0.113949835 -0.34731397 -0.30077967 0.6904149 -0.96057016 -1.1033868 -1.0903263 -0.20082586 -0.19907069 0.20330541 1.2932816 -0.23193084 0.45571744 -0.95246947
D03274 -0.71379364 0.24333519 -0.0013444202 -0.23058365 0.5516704 -0.18009835 -0.7736564 0.01462208 -0.74807554 -0.84235215 0.48420468 -0.14398474 -0.07728326 -0.82350796 0.3214756 -0.792152
D00613 -0.72429115 -0.3596458 -0.08835092 0.74303895 0.5980848 -0.21620923 -0.5960666 0.19686511 -1.3273361 -0.23514254 0.41988623 0.052063376 -0.40416327 -0.60811603 0.36584842 -0.16416986
D02884 0.44344687 -0.99006456 -0.0531373 -0.186266 -0.45223066 0.8010474 -0.6480517 -1.1707019 -1.446609 -0.44005284 -0.13946113 0.7495295 1.5174006 -0.25240773 0.812496 -0.8151863
D00274 0.050575856 0.8401372 0.2131051 0.42848557 -0.61537457 -0.8917312 -0.61976796 -0.633442 -0.92752475 0.18131728 -0.32371047 0.18124135 -0.42602843 0.6786418 -0.837735 -0.4508071
hsa8843 0.304157 0.8866066 0.7465717 0.86602044 -0.3039863 0.2901674 -0.10487576 -0.23436913 -1.0407052 0.5287048 0.43761402 0.47952503 1.1280243 0.2285842 0.49821514 -1.0962055
D00281 -0.4564562 0.42321748 -0.61342067 -0.012019 -0.25107294 -0.11943208 -0.48614994 -0.82001483 -1.2529508 -0.35094252 0.7493201 0.12895527 -0.6828441 -0.39673537 0.34256294 -0.9135525
D00419 -0.4898432 -0.41333136 1.517083 -0.18123585 -0.15201786 -0.21047994 -1.496453 -0.6999932 -1.5228841 -0.8302071 -0.47002044 1.9844599 0.5043961 0.6582525 -0.5390123 0.5812831
D01022 -0.042146467 0.38673928 -0.17045116 0.2842288 0.20790586 -0.4264214 -0.34313858 -0.11389227 -1.1727116 -0.4986564 0.76511115 -0.044512134 -0.7217825 0.05512854 0.19092311 -0.8597141
D03881 -0.07314354 0.27211857 -0.24383117 0.4448762 1.2236898 -1.0740352 -0.8172637 -0.24718964 -0.94838107 -0.2661065 0.13103196 0.5166243 -0.69611096 0.114567116 -0.6270803 -0.32210058
D01603 0.15521704 -0.2864405 -0.58902615 0.3551975 -0.015342891 -0.56772107 -0.3466475 -0.2522423 -1.1315979 -0.71006984 0.5248839 0.28880042 -0.54585415 -0.072927214 0.27405378 -0.7512983
D00234 -0.517089 -0.710731 0.04823741 0.6071451 -0.1532885 -0.47711596 -0.76021963 -0.50140524 -0.6602635 0.4051486 -0.8537295 0.050686684 -0.5100962 -0.48618343 0.25017276 -0.9107544
D03879 -0.196387 -0.15266532 -0.6563184 0.8242491 1.3165182 -0.5609493 -0.73725855 -0.4629026 -0.73696136 -0.20203333 0.4070297 0.77006865 -0.29154488 0.15027727 -0.29229057 -0.8195975
D00790 -0.33002043 0.12408657 -0.14305165 0.22927213 0.46377167 0.010062711 -0.65980357 0.24884832 -1.0863731 0.22921701 -0.05496475 -0.501068 0.35015315 -0.7130308 -0.15814425 -1.0238214
D02327 -0.024000924 0.18033415 0.63725996 0.0020463539 0.5149947 -1.1261973 -0.98824435 -0.35359925 -0.048996884 0.16033092 -0.84115255 -0.47704867 0.33545586 -0.094199315 -0.5998975 -1.1688607
hsa5731 -0.059120264 -0.5749668 1.1543497 -0.6621797 0.21649967 0.15191714 -1.1927181 -0.35482016 -2.311765 -0.6935066 -0.056172322 1.9463161 0.62254626 1.003296 -0.31116065 0.36829463
D00336 -0.46813554 0.4953157 0.5371201 0.24200378 -0.1937249 0.4216191 -0.6440891 0.49810728 -1.6946663 -0.15208782 -0.8292606 0.40787995 -0.019772643 1.0672591 -0.70363337 0.0880041
hsa59340 -0.37732658 -0.502866 -0.335212 1.0124681 -0.36053482 -0.4118307 -1.4208394 -0.4963898 -0.7561108 0.38289887 -0.67250174 -0.4150882 -0.1784649 -0.31782 0.23775378 -0.82101554
D02721 -0.25332788 -0.86039776 0.9437285 -0.87059176 0.18501757 0.43486595 -1.0748582 -0.43447706 -2.0368097 -0.63349515 0.113825336 1.7065959 0.74749535 0.90579545 0.21889253 0.23224902
D00483 0.36762473 0.073759325 -0.3433604 0.79556084 1.122831 0.18057598 -0.66406167 -1.011324 -0.7344192 0.036898386 0.58571106 0.299607 -0.35600206 0.530494 -0.4303417 -0.6796921
D02578 -0.21087521 0.7977423 0.2672591 1.320952 0.6449673 0.33100003 -0.44567496 -1.1250876 -0.90189594 -0.15829438 -0.53569037 -0.069567665 -0.25387344 0.09923154 -0.15159537 -0.015880572
D01712 0.34623525 -1.300031 -0.05632354 0.0058569214 -0.18119366 0.9926775 -1.0151912 -1.0373982 -1.6180629 -0.42027795 -0.2001206 0.7549658 1.8461761 -0.15401217 1.0907203 -1.022306
D00480 0.1869782 -0.23659103 -0.28968605 0.14885044 0.22539338 -0.58327365 -0.48584002 -0.56699 -1.2586097 -0.014997303 -0.40116954 -0.98567486 0.40257093 -0.65907633 -0.45870984 -1.0496645
D01454 0.41846508 -0.007888498 -0.45031327 0.50096714 0.82144535 -0.25374192 -0.38839102 -0.94258344 -0.78335476 0.012629171 1.0106612 0.73614687 -0.17812589 0.7686282 -0.31549683 -0.99267656
D02725 -0.31249273 -0.5207968 1.1495966 -0.4816725 -0.12493017 0.27563283 -1.357836 -0.8701864 -2.0033092 -1.1281365 -0.46928978 2.3180282 0.9769327 0.579861 -0.7929782 0.3852287
D02250 0.10583528 -1.0408928 1.7867078 1.0532513 0.6466664 0.29832342 -0.37222993 -0.58720976 -0.7604429 -1.3485206 -0.22349058 0.22125259 -0.53656155 -0.14617795 0.26457486 -1.1493009
hsa3357 -0.6393712 0.31919265 -0.01695635 0.9843241 0.038216937 0.44380844 -0.6566402 -0.4526731 -0.7839166 0.54436487 0.02376947 0.1264419 -0.36660364 0.61085224 -0.36349627 -0.82916564
D01118 0.33010468 -0.48192504 0.06487725 0.40619764 -0.02260038 -0.89918524 -0.15160431 -0.5565889 -1.290732 0.19226928 -0.22279657 -0.667981 0.24805786 -0.7087026 0.012636286 -1.2440089
D00645 0.06712446 -0.63967943 -0.7503406 0.10860239 0.6809807 -0.7131175 -0.27440727 -0.45089918 -1.6851676 -0.51580054 -0.25823042 -0.18167196 -0.07835764 0.17328845 -0.53472096 -0.06616428
hsa4986 1.2456237 0.32164496 1.0772903 0.29528904 -0.26852706 -0.053480707 -1.3553642 -0.07891822 -0.8593666 -1.5457091 -0.634722 -0.064751066 -0.566271 0.12814546 0.058969818 -0.7242855
hsa11255 -0.2680193 -0.6877439 -0.17220832 0.70658916 -0.37115383 -0.80756956 -1.0516763 -0.9536613 -0.721904 0.5678274 -0.5269834 -0.23252627 -0.12927262 -0.55029505 0.3766933 -0.7850226
hsa3354 -0.54648286 0.4271556 -0.23262079 1.0290198 -0.18237084 0.17952813 -0.8740669 -0.24427323 -0.739115 0.28435197 -0.054123305 0.11649477 -0.023704365 0.95903295 -0.27059627 -0.99299747
D03966 0.76894367 -0.79659307 0.19259387 -1.2780089 -0.12422154 0.09937062 -1.1501027 -0.34845787 -1.0820742 0.5459069 -0.6256019 1.538126 -0.74716896 -0.39688975 0.18557473 -1.0593885
D02150 0.2722365 0.25618014 -0.424565 0.14515282 0.8511543 -0.03390065 -0.66274923 -1.0566288 -0.7427049 -0.07662131 1.1110917 0.7045874 -0.44978768 0.71103495 -0.70508003 -1.1095679
D00106 -0.32106614 -0.90361494 1.4291397 -0.47969466 0.28375372 0.038928203 -0.86650413 -0.709375 -1.8861041 -0.48444077 0.0544521 1.3948612 0.537711 0.402913 0.7362079 0.45815918
hsa2918 0.45167148 -0.7301639 -0.20366322 -0.57709885 0.39529526 -0.2745956 -1.0867958 -0.73929566 -1.1657901 1.0875067 -0.84611726 1.748457 -0.7055992 -0.151168 -0.11338538 -1.4053504
D00095 0.08839923 -0.06341861 -0.65778214 -0.0049343836 0.8657598 -0.34447202 -0.72762716 -0.6138056 -0.8267851 -0.047041867 1.0185299 0.26843265 -0.38308498 0.2584291 -0.5819517 -0.98810726
D00426 -0.595489 -0.08554216 -0.393955 0.26315713 -0.46270397 -0.1172059 -0.8944776 -0.4364036 -1.0218726 0.27031267 0.19030143 -0.41811404 -0.41569725 0.019604994 0.10181305 -0.8715306
D02147 0.36421004 -0.009537132 -0.50739396 0.43873012 0.9468997 -0.31074387 -0.5916718 -0.6222993 -0.81503665 -0.3859751 1.467995 0.7609345 -0.30969474 0.7094381 -0.679011 -1.4551766
D00540 -0.05365336 0.13607097 0.95667183 0.46076357 -0.8691963 -1.3462756 -0.5574104 -0.3977273 -0.7600293 0.63603395 0.10102184 0.5038685 0.31469572 0.29340458 -0.17489937 -0.95167804
D00682 0.018956693 -1.0075308 1.6691333 -0.5962668 0.4105081 0.004026552 -1.3163753 -0.4288743 -2.1919622 -0.7126425 0.012105803 2.119655 0.46226904 0.9629537 -0.1934141 0.41224635
D00180 -0.113020115 -1.0086929 1.8826582 -0.30329278 0.21702626 0.03331466 -1.0809296 -0.89123005 -1.6626183 -0.6283711 -0.22757101 1.912669 0.5715485 0.336286 0.17767459 0.3427376
hsa64805 -0.3280909 -0.39530498 0.6646129 -0.11656604 0.078991674 -0.24161944 -0.56278384 -0.7202507 -1.9108772 -0.2405298 -0.08191047 0.37498665 0.67100984 -0.15083085 1.1371706 0.70610285
D02338 0.2520333 -0.55593425 -0.37543276 0.60057616 0.94364005 -0.36118287 -0.93287677 -0.8226828 -0.6655546 -0.40611795 0.9458866 0.23440485 0.018938791 0.35724565 -0.33963144 -0.5034839
hsa5737 -0.41437852 -0.3974689 1.3752062 -0.29916257 0.4639343 0.3805398 -1.3001873 -0.49245328 -2.0033412 -0.84875774 -0.5211488 2.2272243 0.6913657 0.68007326 -0.9325989 0.2270024
hsa5733 -0.55912673 -0.15668401 1.0424142 -0.2554114 -0.15267712 -0.0026101856 -1.388432 -0.7477826 -1.7633761 -0.84213495 -0.57100916 2.2358599 0.67794836 0.59638786 -1.0436158 0.4804586
hsa3362 -0.6993503 -0.01673253 -0.11089398 0.9679328 0.14855655 0.25944054 -0.9981473 -0.3736799 -0.6658961 0.33011007 0.40593287 -0.20055413 -0.20463747 0.29927236 -0.4394081 -0.95081574
D02374 0.1979362 0.011321154 -0.2038694 0.9192382 0.6727671 -0.5380847 -0.5857649 -0.75091857 -0.8152798 -0.3972252 1.0608357 0.038766474 0.23695178 0.5653584 -0.31783164 -0.8096678
D00632 -0.45593736 -0.12718353 -0.4734496 0.98324525 1.3731334 -0.7504847 -0.5617046 -0.32654056 -0.97541445 -0.43200803 0.18810625 0.4702912 -0.4740204 -0.14581731 -0.123597376 -0.58211005
D00059 0.026264636 0.042540386 0.15069972 -0.28811035 0.6323365 0.40870783 -0.32987332 0.24162938 -0.9956597 0.90965587 0.4453355 0.3423448 -0.18834768 -0.4320944 -0.11789396 -1.1008061
hsa4985 0.52233696 -0.18668117 1.1643541 0.757243 0.32609448 0.12839389 -0.7233459 0.13993688 -0.8161096 -0.74272037 -0.32723886 -0.021038957 -1.1256781 -0.4443702 0.33976546 -0.4752034
hsa136 0.40273052 -1.1479267 -0.254185 0.35346738 -0.068037376 0.918747 -1.1977125 -0.9596109 -1.5369667 -0.5306686 -0.1751125 0.34418425 1.6466624 0.12553228 0.85769707 -0.60246354
D02359 -0.42325976 -0.07209946 -0.6396563 0.7657751 0.9912679 -0.9814429 -0.59737915 -0.34278432 -0.8279412 0.13973309 -0.37198478 0.90195924 0.0014378185 0.105027325 -0.5389065 -0.4339152
D00371 0.42147785 -1.159588 0.18514556 0.2956407 -0.07160622 0.56936115 -0.5752678 -1.1125737 -1.691599 -0.77465844 -0.24025084 0.2003774 1.5095973 -0.3694468 1.1904098 -0.6322705
D03187 -0.2697497 -0.45405653 1.5217879 0.059108194 -0.3929298 -0.8728631 -1.2602237 -0.6216131 -1.1123836 -0.38566938 -0.35347152 1.8216856 0.42498603 0.59925467 -0.37471947 0.4583613
hsa6752 0.2674433 -0.4915391 1.6956112 1.2179836 0.64668995 0.27042937 -0.5340535 -0.10924621 -0.7533887 -1.2350742 -0.50430864 0.3396471 -0.44299194 0.010336856 0.24642046 -0.7412912
hsa5732 -0.7969081 -0.34857827 1.6137663 -0.09714052 0.026485499 -0.49709606 -1.6272243 -0.5135223 -1.4481082 -0.63185793 -0.40514442 2.0743845 0.1101026 0.94928294 -0.7110938 0.62967235
D01227 0.32321826 0.34140384 0.6544229 -0.008938566 -0.16227527 -0.2168517 -1.6078202 -0.53994155 -0.33481884 -1.6879919 0.13916922 -1.0901703 0.6817391 0.40523392 -0.099004164 -1.1890323
D00397 -0.35639203 0.33443132 -0.0139282225 0.85056585 0.049204763 -1.37695 -0.60827285 -0.47621185 -1.0638955 0.72122884 -0.47752523 0.36794612 0.36979994 -0.30219725 -0.11693258 -0.43774283
D00521 -0.5417009 -1.0399629 1.1104778 1.0214959 -0.5351733 -0.32232717 -0.20053504 -0.36346745 -0.536572 -0.16401044 -0.6351908 0.17164104 -0.42222023 -0.35503972 -0.021925056 -1.1865507
D04006 0.37119836 -1.2481341 0.09730636 0.21932985 -0.043528423 0.7888087 -1.0763303 -0.911131 -1.6640041 -0.6755607 -0.42905873 0.55868477 1.7673808 0.09621565 0.9972267 -0.661893
D00094 0.16381405 -1.4181776 0.51063335 -1.4142933 0.5085679 -0.014126614 -1.0903618 -0.674991 -1.7956369 -0.23724768 -0.07647481 1.2842025 0.43595046 1.0499862 1.0068312 -0.1491142
D03490 -0.048243314 -0.6635195 -0.8489472 0.38965958 1.396327 -0.57477456 -1.1237128 -0.8533099 -0.9557678 -0.25728124 0.6899499 0.11580787 0.37692156 0.73866206 -0.61649656 -0.5795146
D02342 0.46598998 -0.69530684 -0.6215281 0.23349454 1.5187534 -0.4671147 -1.1307684 -1.1738086 -0.76950973 -0.19930027 0.44736388 0.21401294 0.58180505 0.52888435 -0.58590597 -0.58670425
D02066 0.19067083 -0.28228834 -0.6408375 1.1736574 0.88239956 -0.28144854 -1.055522 -0.31234482 -0.47701815 -0.6535894 0.7171199 0.42279232 0.41220865 0.553249 -0.40762883 -1.372699
hsa10800 -0.19683316 0.39288023 0.5545714 -0.1109481 0.64446765 0.5317936 -0.9235632 0.20534408 -1.260468 -0.016901048 -0.43967474 -0.086339876 1.1437207 0.23979986 1.1188833 -1.0240343
D04979 -0.5567273 -0.18084635 0.61696553 0.22065161 -0.105183765 -0.6137126 -1.039854 -0.34726846 -1.1896925 0.2602854 0.05636243 -0.7947085 -0.27779076 -0.13014807 0.3900508 -0.27198556
hsa3361 -0.57498324 0.39149532 -0.14435247 0.9447365 0.024005491 0.31792933 -0.878172 -0.29718807 -0.8881961 0.41699088 0.24551535 -0.2503602 -0.17534034 0.528011 -0.38170704 -1.1039819
D00676 -0.79400426 0.49761283 -0.033139285 0.5536371 0.111904904 0.0270895 -1.2921652 -0.04123512 -0.34373316 -0.13720487 -0.49940068 -0.529704 0.06717513 0.68744373 -0.75199944 -1.4319235
D00235 0.46609184 -0.5785501 -0.6307071 0.16116472 1.3274916 -0.5120428 -1.022273 -1.3471973 -0.7451629 0.034660995 0.67687577 0.34114972 0.35508192 0.66239524 -0.70373213 -0.6593683
D02614 -0.38873094 0.25210145 -0.25544363 1.2942075 1.2373472 -0.7401647 -0.5414398 -0.5902358 -0.76913184 -0.510101 -0.04002085 0.5662288 -0.3533122 0.035159513 -0.4730972 -0.49995708
D00604 -0.48669457 0.59916085 -0.28974298 0.012689008 -0.2508206 0.2029366 -0.3660807 -0.68159413 -1.2071776 -0.50533414 0.39189857 0.29515585 -0.7723444 -0.40253308 0.24598075 -0.56661713
hsa2916 0.86608654 -0.593795 0.20845035 -0.8707192 0.27740923 0.19466709 -1.3065459 -0.7385651 -1.101196 0.8202279 -0.55303025 1.7088822 -0.7075142 -0.5133401 0.299535 -1.4681277
hsa7201 1.0275707 -0.1213867 0.88666236 0.53038055 -0.46742684 0.9556562 -1.9509504 0.14507179 -0.5580245 -0.63010734 -0.33542708 0.48697138 -0.94223547 -0.69769746 -0.59324396 -0.5487536
hsa5739 -0.4789947 -0.7767664 1.5371052 -0.59938043 0.54662704 -0.022120519 -1.2773972 -0.11675816 -1.9740812 -0.5094805 -0.1795138 1.8723632 0.33184698 1.3351109 -0.3341998 0.4049115
D01103 -0.3381687 -0.19659874 0.9364807 0.39855954 -0.5986968 -1.2975448 -0.3024851 -0.2658079 -0.6675616 0.3616198 0.2965308 0.44162336 -0.1661014 0.18825811 -0.06511816 -1.6128882
D01891 -0.72921234 -0.31343722 1.4777304 -0.22630203 -0.1998069 -0.010652149 -1.5961176 -0.83122057 -1.7318324 -1.1264217 -0.53772247 2.481092 0.7750234 0.41610852 -1.1841995 0.34245026
D00241 -0.1949311 0.16564512 0.026868226 -0.9222427 0.82566 0.44257408 -0.4409102 0.58242285 -1.1634754 0.19756645 -0.40158334 1.112165 0.7934574 0.109933585 -0.34528843 -1.5789223
hsa2913 0.8065617 -0.82287043 0.31546873 -1.1892713 0.34205252 0.25563574 -1.2285118 -0.7811498 -1.2661031 0.8379944 -0.24350284 1.6748836 -0.63688165 -0.022997875 0.21125485 -1.0950652
hsa1815 -0.86515075 0.18732083 0.4038367 0.5258511 -0.07739391 -0.4318626 -0.83650863 -0.37526348 -1.0719581 0.42163837 0.45554233 -0.4709352 -0.21518216 -0.39845937 -0.2219089 -0.6744256
D04034 -0.6761777 0.2835637 0.14991444 -0.13491844 0.119794026 -0.40517062 -0.56499267 -0.28688133 -0.9105757 -1.2031709 0.5245476 -0.32227212 -0.30004117 -0.9246068 0.06746558 -1.2723658
D00410 0.21673319 0.48361883 0.4044102 1.2726753 0.18383421 -0.3655156 -0.16004471 -0.7749365 -1.3550737 0.24551491 -0.83261096 0.02490119 0.63491166 -0.8118048 0.1368906 -0.26387125
D03642 -0.0073002717 -0.07831178 -0.64219004 -0.3364338 0.9060883 -0.4567719 -0.5731775 -0.008046001 -1.3245544 0.15508571 -0.88579786 1.3593112 0.17202903 0.13421537 -0.82394147 -0.3289775
D00432 0.7281216 0.0848267 -0.19451976 0.8749402 0.7716235 -0.3286741 -0.54090583 -0.34867865 -0.97331643 -0.26682016 0.91692156 0.007564884 -0.42545116 0.53360033 -0.34697282 -0.99125427
D00606 -0.42581564 0.7042098 -0.3201646 -0.01970541 0.050991397 0.3344878 -0.39991787 -0.8741498 -1.1063533 -0.7750586 0.4833878 0.12292196 -0.764122 -0.23663355 0.1567496 -0.6174002
D02076 -0.028170828 0.28811666 -0.67982584 -0.36837897 0.34418383 -0.113613404 -0.88412035 0.29039368 -0.9140604 -1.043145 -0.14031608 0.39446425 -0.90792304 -0.5270854 -0.33281678 -0.8046967
D02358 0.38179028 -0.42382035 -0.48881808 0.44698292 1.0677106 -0.47697616 -0.9007569 -1.1696647 -0.6829528 -0.52123976 0.73399955 0.12711501 0.6164866 0.7119452 -0.4966197 -0.76105577
D00442 0.22274475 -0.7364514 1.4732391 1.4199833 0.80379283 -0.047297057 -0.3770957 -0.2295839 -0.72565126 -1.2268138 -0.53504175 0.39702407 -0.32248497 -0.14448544 0.1888601 -0.9328137
D02279 -0.28892922 -0.63232654 0.9373249 -0.862744 0.7913341 1.2312118 -0.041448057 -0.2358355 -1.5407116 0.278959 0.074494496 1.4190892 -0.21762624 -0.13863143 -0.20066628 -0.86812204
D04716 0.6722523 -0.56090695 0.22184168 0.6855104 -0.12610644 -1.0360708 -0.4092853 -0.26994714 -1.1792473 -0.2624908 -0.33984074 -0.7057899 -0.52494675 0.11243072 0.07101034 -0.4271655
hsa2912 0.711 -0.58437324 0.18846521 -0.8542276 0.18966007 0.13644338 -1.3052168 -0.92543256 -0.96135974 0.8445469 -0.28073356 1.7145579 -1.0392438 -0.13679686 0.33358404 -1.2885039
D05312 1.3811485 0.22222982 1.0086453 0.5482781 -0.07466077 -0.5319734 -0.92696244 -0.030212045 -0.9432447 -1.1680598 -0.39922965 0.01676146 -0.8479144 -0.11241505 0.3435885 -0.6283286
D05246 0.087443784 0.7364976 0.6257059 -0.77462685 0.07605725 -0.7771598 -1.2670051 -0.41465533 -0.16715729 -1.320119 -0.5355841 0.25004467 0.7098813 -0.37602878 0.16420552 -1.6639655
hsa6915 -0.20619088 0.102312244 0.22150537 -0.35218766 0.33308253 -0.03727671 -0.6603494 0.1627676 -1.4515792 0.08200308 -0.9996883 1.3402227 0.14681773 0.7369613 -0.91794926 0.09341486
D00356 -0.5405942 -0.39820898 1.4745029 -0.24709442 0.15435168 0.10846664 -1.5849386 -0.66617066 -1.8786293 -1.0044006 -0.4746483 2.3830674 0.63041526 0.5811984 -1.1284295 0.30827516
D00520 -0.09345295 -0.82967824 0.20530856 -0.25824624 -0.35513902 -0.48426092 -1.1721185 -0.8069106 -0.66375154 -0.118832596 -0.33467495 -1.3958302 0.75711954 -0.29372466 0.19556701 -1.1314439
D00332 0.001046774 -0.8241903 -0.52028114 -1.2112492 0.0877756 0.7042927 -0.39470938 -0.2699772 -1.2216742 -0.18893076 0.21600603 1.1499299 0.2105377 -0.16813082 0.2927343 -1.015959
D01324 -0.7515878 -0.1061051 0.7152658 -0.35665196 -0.22849643 -0.63031054 -0.91435516 -0.2723465 -1.3888993 0.7444806 0.26667696 -0.6890997 -0.26185957 0.16099654 0.37096027 -0.6315039
D01297 -0.42853898 0.14790922 0.15548542 0.46620405 -0.9747152 -0.50086915 -1.1820278 -0.015548772 -1.2879497 0.36169404 0.49846545 0.020231532 -0.22949612 -0.36454496 -0.06230101 -0.29149655
hsa140 0.40412426 -1.361535 -0.13068657 -0.20232727 -0.102076575 0.9196516 -1.2289715 -0.977536 -1.1999438 -0.12140063 -0.08124467 0.6562134 1.4011916 0.42368394 0.82139915 -0.6455972
D03415 -0.110162385 -0.053756915 -0.16492584 0.37958854 0.7760742 -0.30354798 -0.6749271 -0.8393858 -0.11870023 -1.20552 0.77984875 0.2185073 0.361082 -0.3020702 -0.31382754 -1.1964862
D00646 -0.40529394 0.40305483 -0.07941147 0.5879425 0.06700563 -1.2015976 -0.45093548 -0.10029783 -1.1255342 0.35900342 -0.20228107 0.25433484 0.17331362 -0.5618167 -0.3596399 -0.7237129
D00627 -0.21361636 0.5707147 0.35841975 -0.49390537 0.53010064 -0.81935096 -1.116346 -0.41818807 -0.3159987 -1.5734798 0.09656626 0.053561356 0.37970147 -0.7715789 -0.034878682 -1.580317
D00837 0.90651286 0.34164917 0.20891185 0.07124341 -0.1468226 -0.071246415 -1.1972284 0.16580485 -0.89241385 -1.1097888 0.18364188 0.11250145 -1.1498756 -0.10420006 -0.05283689 -0.6178074
D00498 1.6582639 0.43821767 0.8404249 0.77734655 0.32460794 -0.2541326 -0.9647542 0.482319 -1.2035438 -0.59726524 0.7594438 -0.23827684 -0.8250127 0.42871365 -0.04955749 -0.76015085
hsa6755 0.16091749 -0.268855 1.8568391 0.9707986 0.6085823 0.60750633 -0.4682405 -0.41011727 -0.93545556 -1.1315541 -0.54136074 0.14870684 -0.7450776 -0.13751592 0.36545527 -0.81608933
D00598 0.21207134 -0.6298369 -0.7535312 0.5875289 1.1752154 -0.62184036 -1.2493448 -0.96608853 -0.936233 -0.57840884 0.9434542 0.1195288 0.5473401 0.73293716 -0.69059694 -0.6637073
D03442 0.24119101 -1.1071448 0.98900175 1.2099564 1.2601215 0.31420624 -0.9477678 -0.69514346 -0.06686796 -1.1847898 0.13590291 0.4459514 -0.4373548 -0.59173816 -0.37364283 -1.1671879
D06396 0.26391968 0.6189613 0.075999446 0.46188048 -1.0132072 0.31206673 -1.2251085 -0.10516655 -1.0384521 -0.16038461 -0.11758163 0.1595682 -1.0216371 0.82011855 -0.6983864 -0.36818075
D00715 0.107756175 0.33728707 0.60039884 0.30328748 -0.61633587 -1.2515556 -0.59285873 -0.32310906 -0.9421882 0.8841757 0.35069528 0.21375963 0.5288346 0.18284196 0.024067698 -1.3831507
D01964 -0.29558355 -0.39867157 1.3950963 -0.41783586 0.34055248 0.26376995 -1.322748 -0.5979396 -1.8756211 -1.1117134 -0.50255656 2.437874 0.78586864 0.37345877 -1.0461949 0.11070024
D01965 -0.2125543 0.5407085 -0.40913394 0.2610066 -0.42625824 -0.79663026 -0.5321011 -0.45523793 -1.3898864 -0.5463436 0.27191198 -0.45565662 -0.24139878 0.22224794 -0.38312674 -0.75113827
D01242 0.24616456 -0.93609124 0.040080708 0.055962387 -0.18706106 -0.6011855 -0.5285674 -1.125101 -1.6809666 0.17419362 -0.3481029 -1.4113225 0.09996614 -0.5483364 -0.12654628 -1.4931455
D02910 0.18170503 0.34188294 -0.14318313 0.2996764 0.048625913 -0.4109426 -0.54885477 -0.28884044 -1.0942718 -0.20707683 0.3369394 -0.7488389 -0.13688436 -0.36539456 -0.2867652 -1.138245
D02234 -0.74675345 -0.13173358 -0.35935068 0.23749402 -0.1635445 -0.8700837 -0.5167211 -0.21368785 -0.57898635 -0.42525268 0.15027866 0.2515617 -0.6192575 -0.47151464 0.12096917 -1.5033723
D01745 -0.6137178 -0.34059212 0.43050006 0.68347526 -0.35301715 0.66323596 -0.7599772 0.023612302 -1.0377656 0.42352667 -0.41015676 -0.255695 -0.71114016 -0.1916866 0.20581433 -0.84835833
D01925 1.0819792 0.1344609 0.2976359 0.5937507 -0.6321098 0.9544622 -1.8603722 0.20795749 -1.110034 -0.24896127 -0.3713199 0.6202351 -0.74923027 -0.9477979 -0.8172899 -0.4011464
D00524 0.070900686 0.37744945 0.376131 0.9154188 0.06068001 -0.5313952 -0.15557852 -0.5501339 -0.86081326 0.53185683 0.6759611 0.09108401 0.9828272 0.38956752 0.010565643 -0.9795648
D01699 -0.91185695 -1.1184527 1.3110764 1.0107954 -0.5921139 -1.0302035 -0.45084745 -0.08934687 -0.8241185 -0.33866903 -0.17252192 0.6078279 -0.2980016 -0.697423 0.045405407 -1.2529933
D02082 -0.052586716 1.0449833 0.43035668 -0.63818294 0.48579305 -0.6148465 -1.5208638 0.036883127 -0.6320676 -0.8039234 -1.2083201 0.26688045 0.59195065 -0.29528725 -0.14714026 -1.3651218
hsa6751 0.795276 -0.18229009 1.2832931 1.1440418 0.5973163 0.27911583 -0.6736704 -0.055999823 -0.75619036 -1.1871052 -0.8799542 0.11093852 -0.38833883 -0.21423206 0.23719193 -0.50331175
D01717 -0.4546069 -0.552646 0.78207695 -0.32381266 -0.7778936 -0.36970565 -0.765361 -0.27289757 -0.68370056 0.019164348 -0.05183014 -0.5508851 0.09953093 -0.077810906 -1.3733976 -1.0125976
D00394 0.22349584 0.11686681 -0.31374282 0.54647833 0.13376427 -0.2640956 -0.0539245 -0.80110615 -1.4987651 -0.062100653 -0.35689682 -0.59431726 0.43485752 -1.1067595 -0.09589836 -0.8538672
hsa5028 0.093453765 0.19591503 0.7063625 0.20334725 -0.11299803 0.4752177 -0.70846164 -0.5356345 -1.5158552 0.20060015 -0.26851118 0.522291 1.8482232 0.36823487 1.123108 -0.7589592
D00440 0.73660433 -0.68473876 -1.2772545 0.84229594 -0.45937848 0.27761024 -2.2059028 -1.1810886 -0.8697767 0.32970297 0.0066288654 0.38450494 0.8919529 -0.028182454 0.30465806 -0.5508351
hsa10161 0.093911365 0.50618196 0.59380007 -0.43428746 -0.031520065 0.5232767 -0.8972592 -0.59454995 -1.3250518 -0.47683632 -0.83437294 0.23578788 1.173571 -0.0033707852 1.3136584 -0.5359145
D00683 0.55686283 -0.6520803 -0.6880522 1.2692477 0.62856245 -0.4517661 -0.7900819 -0.25714284 -0.8759475 -0.5895439 0.9301447 1.1414135 -0.23227338 0.34589258 -0.46561697 -1.2585317
D01782 -0.45246035 -0.72303104 0.04893659 -0.31564108 -0.16338293 -0.5205805 -0.39783463 -0.69646835 -1.4657633 0.07660034 -0.29844657 -0.5175776 -0.012192424 -0.09015341 -0.5914651 -0.15100093
D05341 0.2080366 -0.7364982 2.0441966 -0.72095335 0.8744021 0.5589016 -0.58934903 -0.6575594 -1.5934948 -0.48599482 -0.29004207 1.5787028 -0.4316045 0.33848602 0.21448572 -0.11008341
D00665 -0.26212695 0.55991364 -0.0543069 -0.7061339 0.6763486 -0.42669454 -0.90741515 0.4628712 -0.65311927 -0.27115223 -0.8288313 0.14141838 0.52190423 -0.04077533 -0.80889183 -1.3852654
D00779 -0.118117325 0.16673994 0.79892373 0.65151906 -0.82784754 -1.3992982 -0.5738567 -0.6403687 -0.6842965 0.4632772 0.048074212 0.3874348 -0.19444604 0.194269 -0.093495436 -1.1710497
D01332 -0.26449174 -0.38569915 0.89849913 -0.3574816 0.13333896 -0.484753 -1.1238313 -0.31622025 -1.1994746 0.83947283 -0.37114218 -0.8642856 -0.53850377 -0.3692257 -0.8172993 -0.7550172
hsa222545 0.2008046 -0.58446765 0.69226974 -0.9378108 1.0217947 1.0658662 -0.3210335 -0.66962236 -1.3980707 0.55309826 -0.21063805 1.8950855 -0.40285137 -0.29513136 0.02637611 -1.1744807
D00522 -0.014610336 0.74523854 0.38750452 -0.41291472 0.31632206 -0.9396699 -1.0910523 -0.46585855 -0.27849257 -1.2900978 -0.62174237 0.28861746 0.45584425 -0.52605736 0.1702715 -1.5787193
D01269 -0.027135964 -0.23482586 1.2178692 -0.68715304 -0.20478249 -1.015072 -0.85058683 -0.23673771 -0.7022351 0.8596502 -0.21636838 -0.27962732 -0.23529807 0.41247797 -0.25622907 -0.98168164
D03654 -0.99295634 -0.8290785 1.3414776 1.1606344 -0.41387957 -0.9008003 -0.3422978 -0.18508129 -0.87704414 -0.25460377 -0.12140397 0.71988666 -0.24045472 -0.765541 0.014392477 -1.2676628
D00110 0.25931296 0.28658682 0.5569471 0.2592278 -0.48948222 -1.6230537 -0.68896395 -0.67446154 -1.3073282 1.0397934 0.6307631 0.5464643 0.63114715 0.041706145 0.04273041 -1.8106849
D00687 -0.4019391 -0.2898085 0.15464732 0.7526761 1.266084 -0.35387525 -0.40011013 -0.5097154 -0.47405648 -1.2993288 0.4910445 0.17222178 -0.25656345 -0.70159215 -0.07301843 -1.0323879
D00465 -0.1590519 0.15878522 0.5649652 0.5761306 -0.7445777 -1.4990919 -0.77062494 -0.5992086 -0.8087145 1.0291339 0.23320918 0.36360592 0.413333 0.23452376 -0.36059242 -1.191437
D02007 1.0476071 0.042285837 0.141619 0.019153284 -0.41263318 0.75139046 -1.8124454 0.04764228 -0.54568857 -0.6142208 -0.24724779 0.74158466 -1.382685 -0.6074333 -0.2102013 -0.7762513
D02588 0.78090274 -0.024857225 0.4688554 0.8008657 -0.88598114 0.97800356 -2.152202 0.14123558 -0.49022883 -0.10052408 -0.051782325 0.76027036 -0.9771797 -0.43280232 -0.6987144 -0.43518212
D01441 -0.65899837 0.19277346 1.5249215 -0.055010926 0.10199091 0.2660101 -1.0696535 0.10256381 -0.9436289 -0.38237962 0.4597092 -0.7876708 -0.058612913 -0.7842061 0.7634536 -0.88873035
hsa57105 -0.23846588 0.24512072 1.2967017 0.39602908 0.30516827 1.0637616 -0.7061215 -0.009908456 -1.5659521 -0.17916387 -0.5062881 0.028305836 0.8454273 0.49136952 1.4388835 -0.57796365
D05113 1.4751415 0.40274495 0.8090753 0.46572408 -0.42034265 -0.7291155 -1.0466046 -0.26987395 -0.91981304 -1.3509725 -0.20803368 0.24007995 -1.1688572 0.10806546 0.3399013 -0.7966893
D00318 -0.11964919 -0.7397547 -0.6394052 0.9505539 -0.5948625 -0.23716542 -1.6386167 -0.99564236 -0.47067016 0.41299725 -0.4635615 -0.15531386 0.08638745 -0.3490296 0.6016865 -0.6524502
hsa5729 -1.4838519 -0.31677747 1.4108989 -0.45679912 0.40858918 -0.33884528 -1.8686749 -0.105135135 -2.056588 -0.114570946 -0.25754747 1.9114892 -0.15770677 1.4256661 -1.1097434 0.44366017
D00601 0.41895458 -0.39093965 -0.2174964 0.5835735 1.7243799 -0.68147147 -1.1286811 -0.75742763 -0.6218115 -0.40605184 0.4696409 0.112442076 -0.11352742 0.042918365 -0.69066566 -0.57178676
D02357 0.3511237 0.27510488 0.7089487 0.69868684 0.12424275 -0.11728814 -1.271928 0.47181976 -1.7381196 0.583045 0.418855 -0.3950702 -0.6396242 -0.19401552 -1.0783617 -0.56130683
hsa2846 0.25692323 0.30313548 0.8173972 0.20319656 -0.2432822 0.7298507 -0.9059241 -0.3283975 -1.4223443 0.15838388 -0.25718778 0.23810348 1.486345 0.51605344 1.3511819 -0.6085662
D00838 1.4237481 0.23584802 0.84086925 0.61693376 -0.3077158 -0.16618103 -1.3684309 -0.023871358 -0.9686467 -0.78408134 -0.34918192 -0.13914904 -1.0229212 0.6297508 -0.06261628 -0.7241934
D01295 -0.6035499 -0.5307103 1.468852 0.53031313 -0.47964895 -0.7919287 -0.16616164 -0.36535904 -1.031762 -0.16848741 -0.48111585 0.5722815 -0.31176987 -0.84500873 0.34990212 -1.2971818
D01828 -0.2549193 0.6714793 0.24431741 -0.5398732 1.2915297 0.49088633 -1.0865355 0.5558262 -0.9387349 -0.047963455 -0.4272765 0.031268395 0.7195804 -0.06582088 0.3444001 -1.4944429
D00400 0.031172266 1.1490188 0.7672941 -0.51715904 0.17191142 -0.84342974 -1.1537515 -0.637335 -0.1720957 -1.1042695 -1.0628608 0.18489248 0.48485106 -0.08679366 0.031694565 -1.6023319
D00666 -0.18462119 0.49458578 0.79220134 -0.4188878 0.6769009 -1.0859993 -1.0541959 0.08478353 -0.6095487 0.0091590695 -0.63913107 -0.3788671 -0.19470295 0.046056774 -1.493479 -1.3992832
hsa2914 0.73092055 -0.609482 0.07989025 -0.9063572 0.476126 0.06779748 -1.1199024 -0.94520736 -1.1599854 0.9918411 -0.4486383 2.029931 -0.7188912 -0.2466906 0.052591033 -1.4622023
D02671 -0.99511826 0.042832453 0.81426936 0.19320256 0.104673736 -0.26672637 -0.867982 0.19907661 -1.2940735 0.24712092 -0.3355263 -0.40686348 -0.2473666 0.40170637 0.4016854 -0.18417409
D04625 0.09652876 -0.057148844 -0.5389932 0.23349218 0.9773284 -0.2303549 -0.90732175 -1.0673368 -0.7349883 -0.1519461 1.0801573 0.5927161 -0.5502456 0.6162782 -0.74339 -1.0713664
D03365 0.08267961 0.46078834 0.782145 0.94865525 -0.3551312 -0.25585565 -0.09372402 0.32514212 -1.4377242 0.79198813 0.6406562 0.29489553 0.88678837 -0.22032782 0.3033309 -0.88071144
D00845 0.5820591 0.38696915 1.3470879 -0.027421163 0.4171813 -1.477163 -1.2946349 -0.3963684 -0.41863418 -0.38643327 -0.7307818 -0.32402575 -0.862662 0.6819269 -0.3789787 -0.7277623
D00965 0.7036581 0.67035764 -0.5726137 -0.09052419 -0.0923724 -0.27585363 -0.19221817 -1.2631007 -0.735403 0.69922006 0.41628116 0.57282937 -0.3459396 -0.28888488 0.42797154 -1.3204727
D00380 0.040051863 0.4279434 -0.27646285 0.57841843 0.39880994 0.005238622 -0.38631126 -0.42957902 -1.7762297 -0.40451878 -0.95039016 -0.045733195 0.30579 0.2510318 -0.6262519 0.33395362
D00364 -0.4470653 0.12887792 0.17052665 0.17810972 -0.83788013 0.04421046 -0.8069636 -1.0986168 -1.1960348 0.27098435 -0.315856 -1.021113 -0.08850668 -0.005463214 -0.324892 -0.859509
D00673 0.5873508 -0.4644526 -1.2215083 0.97714084 -0.81584036 0.03753351 -2.3867438 -0.9360031 -0.9317593 0.5829399 -0.0034920927 0.34788713 0.58050954 -0.19383094 0.27347454 -0.57845354
D00225 0.0054771965 0.49916536 0.05097895 0.23976186 -0.32141447 0.3377934 -0.5683605 -0.6713058 -1.4860841 0.04156745 -0.36681435 -0.21218032 0.52233535 -0.82198745 0.23295526 0.12232408
D01020 0.69270587 -0.29032385 -0.31205305 -0.10030302 0.7508731 -0.40864438 -0.45908946 -1.5054811 -0.5424979 0.6614654 0.737025 0.95074046 -0.6345328 0.3259047 -0.38250494 -1.225435
hsa5030 0.33922568 -0.18778257 0.6848936 0.039555125 -0.050141145 0.32914758 -1.0898589 -0.7695412 -1.7620866 -0.5372772 -1.0132636 0.41920164 1.695722 0.19925243 1.2346126 -0.19412239
D00635 0.43911055 -0.5327367 -0.015267294 0.49456045 1.602452 -0.7226431 -1.0481782 -0.81173676 -0.104811065 -0.2375816 0.41173294 0.1003149 0.11543827 0.010788308 -0.6382682 -1.0668426
hsa9052 0.6799428 -1.5061319 0.6047096 -1.2748549 0.7220158 -0.061742127 -1.4235 -0.86630577 -1.7904872 0.14743745 -0.30321166 1.2113507 0.24477924 1.1942388 1.4110957 -0.27292147
hsa886 0.6663367 -1.1008601 1.6097919 1.2616726 1.0970309 1.1503389 -1.7604635 -0.8382082 -0.16062905 -1.2368413 0.24227698 0.6944767 -0.56059915 -0.58797884 -0.42150676 -1.124676
D00523 -0.43904063 1.2230288 0.5152958 -0.24606408 -0.5394076 -0.6207588 -0.66791505 -0.62301445 -0.25565302 -0.82792675 -0.5964909 0.638213 0.30524096 -0.44425246 0.40798214 -1.4759972
hsa9934 -0.06861193 0.048696864 0.39941284 -0.20268959 -0.036324143 0.5991385 -1.121534 -0.82273275 -1.7994097 -0.4260498 -0.5064458 0.31601807 1.3685548 0.12259541 1.247769 -0.034508213
D01462 0.0029388673 0.43517634 0.77125406 0.10752096 0.32398438 -0.29611883 -1.2697875 0.62152785 -1.5155059 0.8178976 -0.014501904 -0.39574304 -0.29798344 -0.39193943 -1.1526573 -0.67351156
D00422 0.48269522 -0.40246502 -1.1763693 0.94893265 -0.70804924 0.21982135 -2.0863016 -0.9795964 -0.8542202 0.56779903 -0.11128126 0.48585805 0.7901566 -0.029107979 0.5499896 -0.70349467
hsa5724 -0.69277155 0.0905528 0.47458392 -0.40285635 -0.022664689 0.62680274 -0.98805296 -0.35167646 -1.8323351 0.30917078 -0.48440847 -0.25594923 0.45486614 0.33767566 1.3589288 -0.048994645
D01652 -0.8737359 0.108348705 0.38723156 -0.18698612 -0.23693098 0.60597014 -0.6829299 -0.3400712 -1.6672647 0.39771593 -0.41560668 -0.3948624 0.39850864 0.04096606 0.936021 -0.08223984
D00675 -0.51852214 0.42745808 -0.23915267 0.2896185 0.5617216 0.4897356 -1.1687406 0.034982376 -0.5289773 0.03777016 -0.22183463 -0.77441037 0.22820058 0.41874608 -0.3316113 -1.563957
D03880 0.07910092 -0.04919219 -0.18087016 0.7685896 1.4826725 -0.64836055 -0.6804044 -0.48413166 -0.70150167 -0.42929238 0.31511864 0.26202485 -0.45583302 0.16202228 -0.4695953 -0.50358576
hsa2917 0.68658555 -0.4227676 -0.043515354 -0.97293013 0.50209534 0.07622889 -1.3336664 -0.7885456 -1.1659979 0.93681 -0.5321807 1.8403189 -0.7078183 -0.15494196 0.06359903 -1.441171
hsa3363 -1.2314628 0.27725118 -0.06781748 0.38142174 -0.2335737 -0.1408705 -0.7404443 -0.11941289 -0.78096145 -0.043410163 -0.24004379 -0.024941538 -0.196051 0.61026055 0.12237694 -1.1355387
D03503 0.7100581 -0.5507509 -1.4799458 0.7512089 -0.5314995 0.18512449 -2.204116 -1.1516651 -1.1068224 0.23803706 0.20420857 0.4143481 0.9721975 -0.1660965 0.47422448 -0.6341399
D01386 0.19770677 -0.25760204 -0.11651691 0.49313086 0.60419315 -0.76935744 -0.46400076 -0.9229847 -0.3460896 0.5031821 1.0956323 0.8726981 -0.13959278 0.24559596 -0.2526595 -1.1380795
D06056 -0.25436306 0.99792916 -0.03385672 1.0987084 -0.12094418 0.7878318 -1.1415573 -1.2421299 -0.56411856 -0.104780525 0.088550396 0.1913935 -0.64867085 0.76356065 -0.6277692 -0.4888839
D01994 0.022962248 0.7279091 1.2134243 0.2529849 0.48376024 -1.6330657 -0.74860054 -0.65340376 -0.6377327 -0.04188549 -0.6273628 0.23158257 -0.78046227 0.79691094 -0.82148635 -0.74309736
D05740 -0.19925418 0.3576399 0.012466573 0.7716202 0.41323802 0.09858328 -1.669296 -0.21347862 -0.056657363 -0.7074618 0.1864341 -0.82859373 0.44795525 0.8212634 -0.2592347 -1.3428836
D00415 -0.49839878 1.0559672 -0.067605644 1.6077311 0.62986815 0.21429144 -1.1087719 -0.4464663 -0.7085277 -0.20167747 -0.24058525 -0.38222152 0.09674799 0.7228461 -0.19768561 -0.9899681
D01024 0.0069603 -0.20763275 -0.5705849 0.37782583 -0.27807435 -1.2252573 -0.2278262 -0.6231344 -1.6812671 -0.4883355 0.13161004 -0.64141893 0.22175571 -0.51225084 -0.44027692 -0.93141013
D01126 -0.2016924 -0.28443018 0.87698585 -0.8185945 1.3721263 1.0286762 -0.26961696 -0.15561499 -1.6248512 0.43988833 -0.021299355 1.8894047 -0.37043813 -0.29780817 -0.30995533 -1.4101458
hsa5029 0.6642997 -0.21485722 0.7371042 -0.10304519 -0.011080086 0.5443306 -1.1626832 -0.96869975 -1.6872332 -0.5160781 -0.94545513 0.7028261 1.7699587 0.06217936 1.3236985 -0.35621098
D00295 0.6064045 -0.38352865 -1.3644353 0.9212856 -0.5962193 0.49412826 -2.0793173 -0.9568645 -0.9265189 0.29610085 0.052218225 0.4304535 0.9018998 0.0004912894 0.3979346 -0.76968837
hsa552 0.9926265 -0.16739525 2.1940544 0.92008996 0.77648026 0.88594985 -1.7289798 -0.8769232 -0.39459243 -1.0387646 0.4316044 0.54769355 -0.51460093 -0.6961077 0.52838194 -0.92003244
D00954 0.823661 0.6036684 0.36509 0.09291698 -0.8692572 -1.2144608 -0.7380365 -0.6697149 -0.47040853 -0.6868275 0.18998161 0.5510272 -0.67076695 0.16153505 0.31339994 -0.6344276
D04040 -0.245502 0.79810286 0.5087059 -1.0285658 0.8543865 -0.8171474 -1.2629644 -0.118152566 -0.51441866 -0.96037364 -1.0601236 0.050622076 0.7255831 -0.24242827 -0.042554457 -1.6268171
D05938 -0.52107584 0.10786408 0.9808352 0.34236753 -0.16156928 -1.399481 -0.65009415 -0.68775606 -0.60357565 0.12549247 -0.055960882 -0.24669178 -0.48637575 -0.031220617 0.37713763 -0.8282194
D02278 0.14018857 -0.73024243 1.6064965 -0.8955878 0.9257458 0.8858547 -0.26066977 -0.20980541 -1.2700399 0.22815059 -0.27082962 2.2174063 -0.46905446 -0.09163403 -0.32391524 -0.63982093
hsa338442 0.20392293 0.57559806 0.721267 0.57019544 0.15601785 0.5441791 -0.22099628 -0.009469868 -1.4857956 0.89113295 0.085418805 0.82137585 1.3259796 -0.0103836125 0.6609432 -1.2186532
D00049 0.043502968 0.44841734 0.50522655 0.4701235 0.45941597 0.46050867 -0.08400824 0.2705631 -1.5393925 1.094864 -0.120302975 0.93668723 1.2235212 -0.46493307 0.05536134 -1.3662043
hsa5032 0.58345264 -0.22079782 0.84768146 0.095457785 -0.42650583 0.47417456 -0.9639634 -0.98583347 -1.6325566 -0.3041848 -0.74800074 0.5007695 1.9193826 0.055698622 1.2110342 -0.5674223
D00232 -0.19211298 -0.054358497 0.4555369 0.73105246 -0.43976888 -1.32094 -0.55987716 -0.5394367 -0.936334 0.85777664 0.20666754 0.2500765 0.58117497 -0.08268044 0.30503657 -1.2961946
D03210 0.16485685 1.0292258 0.0801139 -0.25426793 -0.9270765 -0.0644747 -0.50305104 -0.79406774 -1.3688388 -0.082851425 -0.8492646 -0.43149653 -0.033693224 0.124870785 -0.16901523 -0.6676142
D01346 -0.14864476 -0.47719458 -0.7240062 0.12715992 0.40675837 -1.0430638 -0.5940745 -0.5023926 -0.96776164 0.59234154 -1.2969916 1.179952 -0.6231494 -0.36051127 -0.33397958 -0.73408645
D00443 1.2449541 1.0451014 0.8564589 -0.03251274 -0.45974633 -1.0457273 -1.1888096 -0.44123223 -0.7460813 -1.3160977 -0.5925136 0.68025935 0.28690326 -0.3826553 0.23978424 -1.0526209
hsa6753 0.44454128 -0.50345445 1.9635628 1.0986505 0.56440043 0.24722712 -0.8299406 -0.11468615 -0.6083865 -1.4418365 -0.55210745 0.17694812 -0.69989103 -0.06894383 0.102765664 -1.0936259
D00688 0.52066016 -0.52931434 -0.9909559 1.1452652 0.7613762 -0.5986471 -0.77803326 -0.48235843 -0.7459489 -0.35231018 0.79314846 1.1124759 0.018633211 0.3328718 -0.3902925 -1.4392914
D00514 -0.13429381 -0.42543972 -0.52218115 0.48756146 -0.123913094 -0.123360515 -0.20803863 -0.6971788 -1.2798079 -0.6757775 -0.2730468 -0.30223227 0.40994284 -0.6055771 0.58904916 -0.47387773
hsa2915 0.67643017 -0.5272619 -0.023438636 -0.9263206 0.2869654 0.18725777 -0.85485315 -1.3731225 -1.2563019 0.7647816 0.034978393 1.6491228 -0.8888403 -0.29664192 0.34802812 -1.3424369
D01692 0.5193216 0.9162471 0.01573013 0.69708854 -0.61995953 -0.13789439 -1.2164301 -0.31831422 -1.3270729 -0.25425547 0.6107305 -0.078821786 -1.2424153 0.24573335 -0.59167886 -0.48226294
D00684 0.40642363 -0.93239635 -0.38470915 0.9937902 0.11122683 -0.46389952 -0.6549928 -0.5232823 -0.4088955 -0.49614927 0.99273705 0.9132069 0.12245535 0.15584773 -0.8674841 -1.7805009
hsa1234 0.75269204 1.1191223 0.34814963 -0.21876122 -0.5090518 -0.13013843 -0.56058085 -0.83033776 -1.3046649 -0.7822033 -0.90872264 -0.22360295 0.22690825 0.064183876 0.057005268 -0.5056734
hsa1909 0.45516336 0.50846016 1.2716159 -0.17640334 -0.08757988 -0.04427259 -1.8950431 -0.47000626 -0.45656785 -2.1148598 0.10002542 -0.9731824 0.62880725 0.10662704 0.011936868 -0.8219517
D00987 0.41358492 0.66833985 0.7535408 0.39542037 -0.2527477 0.004510214 -1.0840871 0.6075415 -1.6768967 0.3776238 -0.06986216 -0.22425827 -0.69931936 -0.013468331 -0.89725083 -0.47125724
hsa2911 0.96118015 -0.57387334 0.14381137 -0.8376804 0.30088612 0.13829993 -1.2330511 -1.3069271 -1.0507796 0.9408761 -0.15566921 1.9950646 -0.94022876 -0.12542078 0.2855568 -1.315395
D03165 0.5946359 -0.04988766 0.6434126 0.52348316 -0.12381298 0.29780716 -1.2978226 0.42952675 -1.6938721 0.73190314 0.17893413 0.003463013 -0.52080286 -0.8943986 -1.4650697 -0.4966129
D00674 -1.0968988 0.101465665 0.17309597 0.42327178 -0.12318374 0.26972803 -0.8219222 0.030896047 -1.128737 0.038611513 -0.16376136 0.049582377 -0.0073075565 1.0830505 -0.41478205 -0.4946165
D02349 0.3146832 -0.09260903 -0.49161917 0.19901974 0.41172114 -0.65873045 -0.31925726 -0.82147825 -0.6232111 -0.5741008 1.2566388 0.6705002 0.18217272 0.19677736 -0.42627963 -1.3375506
hsa4543 -0.042389378 0.28172618 1.1097335 1.0140055 0.81461036 0.18083906 -0.6519459 -1.1226125 -0.9786901 -0.7872117 -0.42460856 -0.29006892 -0.6355885 0.17378236 -0.052669186 0.3279796
hsa887 0.80385405 -1.0766805 1.3342253 1.0851276 0.98487884 0.4539082 -1.4234325 -0.6677821 -0.025722675 -1.0001953 0.19138321 0.334368 -0.51312274 -0.4053246 -0.17233358 -1.0779362
D00499 1.0082093 0.83446413 0.3822938 0.26466867 -0.72434497 0.7763161 -0.5897251 -0.79349303 -0.90412617 -0.17950733 0.10287478 0.85240096 0.8878335 -0.31528836 0.73315275 -1.3471937
D00769 -0.72541726 -0.5334225 0.26315877 0.47731823 0.289684 -0.67891824 -0.43434325 -0.4575822 -1.8460872 -0.2650333 0.4328978 0.037527934 0.33115736 -0.29661244 0.7043791 0.46572685
hsa1241 -0.19933337 -0.08844714 1.9505519 0.9288953 0.5251214 1.1188115 -0.89353824 0.23025735 -1.5341915 -0.76359326 -0.66384774 0.046449743 0.22003415 0.51717883 1.040285 -0.80450964
D00525 0.5124423 1.0119598 1.0686365 1.192314 -0.14220698 -0.426928 -0.6162475 0.55570227 -0.9899659 0.5204384 0.4286658 -0.29064333 0.11055981 0.34736812 -0.08772491 -1.25918
hsa5031 0.53530294 -0.39661464 0.7140664 -0.022927085 0.062018644 0.6118445 -1.0641367 -0.8596725 -1.7098802 -0.077123925 -0.5984101 0.60210943 1.7732592 0.4701478 1.3222988 -0.45925775
D04375 -0.69192386 0.9981705 -0.7510149 -0.12922993 0.00906617 0.42816463 -0.66647214 -1.005157 -1.2563293 -1.3486358 0.82737345 0.26280126 -0.5102632 -0.17229168 0.1974463 -1.030101
D00780 0.21722615 0.17742562 0.5707976 0.5760501 -0.18580377 -2.5330228e-05 -1.0073001 0.5089782 -1.7450255 0.555573 0.34833077 -0.112781234 -0.53215957 -0.79582995 -1.2463535 -0.44032314
D05792 0.11607846 -0.24779347 -0.043250766 1.5059994 1.4735286 -0.36788392 -0.6138826 -0.53204244 -0.5951325 -0.9243429 0.26082745 0.9408207 -0.6095497 0.14199057 -0.42326638 -0.5722728
hsa554 0.58115417 -0.437033 2.025965 1.0386418 1.188739 0.96494025 -1.4576137 -1.016035 -0.14717114 -1.2429422 0.3350595 0.53029615 -0.14553589 -0.45844275 0.3369397 -0.853668
D01071 1.3990953 0.6128852 0.23326592 0.4151756 -0.52634645 0.74893856 -0.73051935 -0.5018421 -1.0871005 -0.37493625 -0.7721036 0.5278933 0.41940266 -1.1811357 -0.22866298 -0.6485374
D05129 -0.7155887 0.88490266 0.6090228 -0.6589189 1.1443102 -0.19620979 -1.1052217 0.38005424 -0.60619295 -0.22259088 -0.763111 0.08565067 0.87886304 -0.23455173 0.11916086 -1.5466746
D00607 0.8304569 0.22584921 0.27182832 -0.2688508 -0.37178427 -1.0865531 -0.8324251 0.24971773 -1.6777838 -1.3731405 0.5329875 0.26355684 -1.5722281 -0.38604197 -0.14414716 -0.48780996
hsa9283 -0.37436727 0.37130234 1.8876468 0.112186395 -0.017106649 0.08645273 -1.4119403 -0.19905399 -0.83175516 -1.0845231 0.31617123 -0.8356582 -0.027441962 -0.64714885 0.41955075 -0.7537783
D00559 -0.16295291 -0.0045760754 0.5616843 -0.32028726 -0.3064206 0.5964536 -0.7020567 -1.0711347 -0.8733817 0.8826809 -0.050432622 0.31014332 -1.5353336 0.3524484 -0.2920843 -0.67955685
D00139 0.07421545 0.3669171 -0.2830947 0.4145056 0.09801617 0.4112079 -0.45133883 -0.38273543 -1.4912465 -0.13703516 -1.0242885 -0.29815888 0.37447202 -1.0820808 0.038996782 -0.4354038
D00301 -0.40019593 -0.65503705 0.26783916 0.94571966 -0.7201112 -1.3313963 -0.16131523 -0.2571908 -0.3408837 -0.77760553 0.37937707 0.44362223 -0.079526305 -0.026903974 -0.25252685 -1.6330556
D02826 -0.31749505 0.24402505 -0.2616955 -0.03859767 -0.48764357 0.13906808 -0.5702776 -1.3116091 -1.2150358 0.43479133 0.5859426 -0.026377346 -1.1983275 -0.45681185 0.08458951 -0.8683444
D00760 -0.37345245 0.17552282 0.30354375 0.91474956 -0.90348554 -1.4031622 -0.37159103 -0.6723177 -0.98457 -0.6059927 0.29306018 -0.09522098 0.6934648 -0.10313388 -0.40245655 -0.86016834
hsa6010 0.38259217 -0.52685523 2.068158 -0.3066423 0.9251046 0.3431581 -0.5192542 -0.57134736 -1.2509761 -1.0241644 -0.43370405 1.056483 -0.840225 0.2632262 0.1616958 -0.18365756
D01236 -0.6503233 -0.1460395 0.10561819 0.28363597 0.281931 -0.45250168 -0.8131464 -0.0882921 -0.86116624 -0.94622654 0.22611037 -0.12994139 -1.189639 -1.2777965 0.15347116 -1.3170124
D00542 0.76515067 0.7444182 -0.36409563 -0.20560238 0.1615742 0.41972035 -0.36203504 -1.3170887 -1.3808233 -0.01656304 -0.6127272 0.5765003 -0.25447384 -1.0421449 0.6157389 -0.3879267
D00765 0.2183239 0.23218837 0.7602772 0.12357857 -0.8706074 -1.5252602 -0.5694893 -0.5333552 -0.67688537 -0.23466519 -0.04096208 1.0695251 0.35047254 0.23479344 -0.35700247 0.034215495
D00574 0.6191862 1.3997021 -0.34034994 0.1092084 -0.5614104 0.4269578 -0.5677071 -1.2257593 -0.5551868 -0.37858436 -0.18210553 0.94574326 0.062177937 -0.31720072 0.5870486 -1.5397961
hsa56413 -0.1487118 0.10054737 1.5702353 1.0292066 0.39681002 0.71827614 -1.0839452 0.4702568 -1.2943981 -0.48769224 -0.7007877 -0.24803938 0.005464604 0.29947442 0.7510838 -0.37413448
hsa1910 0.42315677 0.20524722 1.0850357 -0.081001766 -0.056995224 -0.1936067 -1.960794 -0.39277884 -0.6424015 -1.6731794 0.23738103 -1.2428924 0.32631078 0.28925368 -0.062557094 -0.9796871
D00437 0.43238512 -0.09782103 -0.050925195 0.08311182 -0.29652238 -1.2957385 -0.30145782 -0.92598 -0.8791508 0.9383321 0.8798301 0.90737724 0.48358685 -0.12133074 0.21370275 -1.8899735
hsa23620 0.512616 -0.5121991 0.9340495 -0.36014855 -1.1086662 -0.35281518 -1.2931637 -0.2955149 -0.60800093 -0.46207535 0.1188605 -0.6338775 -0.23297027 -0.26973072 -1.3114514 -1.1037261
D00306 1.0733299 0.6519404 0.56205773 0.88998973 0.38464937 -0.4870135 -1.2871873 0.087354556 -1.6068184 -0.2630546 0.809789 -0.15383402 -1.2918171 0.33374965 -0.5457701 -0.6495476
hsa2550 -0.112482116 0.27158147 -0.099396445 -1.0756023 0.81209534 0.4321974 -0.6000352 0.57712287 -1.1186402 0.19442064 -0.3302367 1.494343 0.6409868 -0.048837613 -0.31406084 -1.9971045
hsa1268 0.115170814 -0.4972389 -0.40605593 0.7904129 -0.85048753 1.022563 -0.9146896 -0.89463776 -0.67397964 -0.30140594 0.20839062 0.30825344 0.1418842 0.8849062 0.1274694 -0.4789311
