hsa154 -0.07344536 -0.45981625 -1.0747508 1.286641 -0.5494315 -0.34911245 -0.2941699 -0.4743611 -1.1289957 -0.3231939 0.72970587 0.51557684 0.06766908 0.16978349 -0.067313895 -0.2254095
hsa148 -0.119500384 0.039722525 -0.6152923 0.6390012 -0.27132896 -0.33174798 -0.35036325 -0.7960304 -0.9410379 0.4748501 0.17396957 0.1520232 -0.75236845 -0.24295796 0.48939827 0.2790079
hsa150 -0.3369392 0.3549365 -0.6211315 0.2887399 -0.033436637 -0.05028721 -0.12232796 -0.3387296 -1.3593602 0.16795269 0.24016228 0.028547851 -0.6455761 -0.2951972 0.55503666 -0.14989126
D00283 -0.49423295 0.0009362467 -0.23324923 1.0162567 0.047859732 -0.048635658 -0.3430322 -0.49577275 -0.75943905 0.77315533 -0.18469928 -0.061888117 -0.5271652 0.22375524 0.26823303 -0.00074431143
hsa153 0.0047049364 -0.48108944 -1.3074229 1.0333155 -0.24334367 -0.017221352 -0.39726263 -0.511435 -1.1678947 -0.5163382 0.5777481 0.30272123 -0.2696682 0.14066842 -0.10614314 0.03049856
hsa1128 0.5654889 -0.43969125 0.21916717 0.9190199 0.4049369 -0.86142886 -0.95195216 -0.45746422 -0.5913146 0.7843554 0.013035421 -0.09145139 -0.20549957 -0.040978875 0.13198288 -0.18663855
hsa3269 0.01323137 -0.46810156 -0.21730387 0.6527738 0.28758457 -0.31038213 -1.1251552 0.2625702 -0.6221643 0.55157083 -0.9190176 0.36326116 -0.50131243 -0.13562898 0.59858394 0.28559342
D00454 -0.0922615 -0.15102436 -0.3291739 0.94432276 -0.07119834 -0.4776594 -0.4744711 -0.39161187 -0.6707243 0.44203648 -0.011377652 0.27583572 -0.46537033 0.09094591 0.08141718 0.08753553
hsa147 -0.27396414 0.06459795 -0.4693338 0.51609004 -0.19125946 -0.6579067 -0.54871184 -0.5487179 -1.1320335 0.4638306 0.3260497 0.118520886 -0.8700591 0.048508763 0.5797538 -0.087837175
hsa151 -0.1939959 0.27190155 -0.5182902 0.54879504 -0.11274537 -0.16721706 -0.43653178 -0.53172344 -0.9202908 0.18791665 0.22562543 0.3676434 -0.77735776 -0.15530169 0.5310798 -0.031147921
hsa146 -0.2765175 0.3055314 -0.6002828 0.50311106 -0.04494116 -0.48863012 -0.5770333 -0.5594471 -1.2236648 0.32106203 0.3636705 0.06769445 -0.7251692 -0.25581098 0.5466581 0.040814314
hsa1813 0.10042245 -0.13266979 0.10505038 1.1759392 0.13813837 0.029208083 -0.15257452 0.029874843 -0.6242815 1.0699505 -0.5485386 0.38011575 -0.5143699 -0.3470242 -0.11786788 0.20398866
D00513 -0.5272338 -0.06735133 -0.6195315 1.1384361 -0.029917423 0.0137467235 -0.31462342 -0.26382646 -0.9970098 0.29701707 0.40631542 -0.11108416 -0.5686368 0.46082398 0.06989952 -0.22646289
D00528 0.045651913 -0.71558917 -0.041185103 0.6257752 -0.20987673 1.4697077 -0.30057868 -0.46322072 -1.1678485 0.5038029 -0.42117554 0.3777359 1.244566 -0.4947066 1.090931 -0.051758695
hsa1129 0.24120496 -0.14269868 0.29270175 0.6168734 -0.17200448 -0.671529 -1.0102646 -0.8411534 -0.60573 0.6400934 -0.05337805 0.027198136 -0.028663216 -0.0052330294 0.022525046 0.16801526
hsa3356 -0.3754769 0.0678567 -0.18497123 1.0961506 0.09002749 -0.09109993 -0.5716991 -0.07524188 -0.7668025 0.68997663 0.016543083 0.19118132 -0.6721585 -0.039143667 0.31845275 0.34240565
D00726 -0.22437724 -0.18480963 0.32079533 1.3360356 0.1308836 0.08138265 -0.28023988 -0.44723034 -0.8075155 0.8020379 -0.04124539 -0.43070307 -0.25102365 0.41011104 -0.12061799 -0.07281773
D02361 -0.18516092 -0.18970959 -0.16457944 0.7752219 0.23071496 -0.7631546 -0.8312212 -0.3350895 -0.8409611 0.41667086 -0.09309153 0.19785725 -0.36547628 -0.48738235 0.1349193 0.37895447
D00494 -0.05035617 -0.3816497 -0.42021033 0.65875435 0.10085597 -0.7194604 -0.986582 -0.36204252 -0.73168564 0.38990012 -0.5744075 0.03362837 -0.10267354 -0.83160335 0.06861175 0.3013473
D02354 -0.09456546 0.15194398 0.46504036 0.92107826 0.13094854 -0.62946045 -1.0411668 -0.046794303 -0.6031835 0.8135054 -0.041810557 0.3974884 -0.61316174 -0.25700575 0.25640544 -0.10525711
D00493 -0.15653062 -0.036463067 -0.044304747 0.9657507 0.021352962 -0.06822025 -0.4470928 -0.016922357 -0.5783872 0.7347163 -0.48400342 0.58123773 -0.72370535 0.26975662 0.30797192 0.15466611
hsa1812 0.13164903 -0.14520139 -0.21647693 1.2708575 0.27388245 -0.19389002 0.04127889 -0.45593897 -0.30262455 0.751539 -0.41370106 0.61617714 -0.3061654 -0.24703133 0.03292613 -0.1610617
hsa155 -0.31725058 -0.067519374 -0.97629124 1.1447872 -0.47748074 -0.0069922833 -0.3588034 -0.3819123 -1.1019118 -0.105706364 0.66680735 0.3301093 0.020555725 0.11352332 -0.36935347 0.01260988
D00270 -0.14186773 0.22202861 -0.4966331 0.79262495 0.5086352 -0.5100914 -0.304611 -0.34697694 -0.75360245 0.14096463 -0.80874 0.46936494 -0.1923339 -0.2725429 0.31840244 -0.07877582
hsa152 -0.4222289 0.66443914 -0.49011397 0.29362494 0.3188282 -0.32474166 -0.49064857 -0.724305 -1.2774559 -0.11215997 0.06454303 0.3591396 -1.0873414 -0.118882045 0.4238379 -0.6220461
hsa1814 -0.10951263 -0.21930362 0.29247704 1.2108138 -0.04673988 -0.22823459 -0.31077924 -0.45741475 -0.44037414 0.86693656 -0.64714116 0.3713479 -0.972821 0.07512879 -0.2122724 -0.36063877
hsa4988 0.45340416 -0.43198562 0.33937648 0.39209428 -0.8153987 -0.27901423 -0.73588514 0.26680836 -1.4272695 -0.04022674 -0.31860247 -0.33566475 -0.7870329 -0.71886325 -0.3303962 -1.1103678
hsa1131 -0.37656665 -0.43964437 -0.011933006 1.0596348 -0.3079797 -1.2056042 -0.9485447 -0.22045416 -0.5913518 0.84783334 -0.3020581 0.2668106 0.15660678 -0.4267782 0.2206102 0.052452337
D00996 -0.106434114 0.06416078 -1.031138 0.7917954 -0.0078403335 -0.22166206 -0.14157091 -0.53910047 -0.97656167 0.44006956 0.7028283 0.3052765 -0.64303696 -0.48930737 0.06744506 -0.08186506
D00451 -0.5847668 0.010149303 0.070818916 1.4371722 0.5543992 0.07854545 -0.5812584 -0.175478 -1.2135969 0.48106632 -0.15398273 -0.090685055 -0.4824345 0.91181076 -0.29359344 -0.082735
hsa3351 -0.57174814 0.41883877 -0.29232243 1.0480851 0.7363696 -0.04750986 -0.7365616 -0.32017544 -1.1527061 0.48009795 -0.19812408 -0.13815647 -0.41481072 0.5987885 -0.2689944 -0.3528878
D00255 -0.29917333 -0.14089487 -0.7767577 0.69882655 -0.5028579 -0.2699188 -0.1553827 -0.5895824 -1.0272372 -0.34533048 -0.008055899 0.24220058 -0.4686869 -0.29954025 0.41927177 0.1919493
hsa3352 -0.74286664 0.408522 -0.03486381 1.2037083 0.62656116 -0.08097066 -0.49493676 -0.6591385 -1.1682274 0.4043649 -0.4529178 -0.10475413 -0.3931652 0.5380695 -0.29639533 -0.4422203
hsa3577 -0.30339342 -0.48771542 -0.092605904 0.78848344 -0.24934334 0.63481385 0.07628555 -1.0693454 -0.92138225 -0.10075934 -0.80220795 0.25611243 -0.05797483 -1.2571745 0.4182385 0.98073864
hsa3358 -0.50729454 -0.22705866 0.03417007 1.0316995 0.69866127 -0.2809294 -0.7051348 -0.1220659 -0.8454652 0.5994889 0.405868 0.07221212 -0.5759762 0.015089418 0.19239172 -0.06622201
D00775 0.24810782 -1.0836201 -1.0242051 0.07466326 0.30604777 0.93836135 -0.35741833 -1.5601225 -0.6401895 1.0360068 -0.03289281 1.5238534 -0.70465 -0.46873248 -0.3932624 0.1165295
D00437 0.024740689 -0.07612788 -0.54571086 0.9446374 -0.41475472 -0.16961014 0.026301742 -0.89389956 -0.8463095 -0.007227257 0.31046227 0.16358435 0.022980224 -0.50393397 0.22836544 0.24781819
D03621 -0.059577134 -0.58798116 0.18980394 0.591146 0.27411446 -0.6240927 -1.2311575 0.35185203 -0.64971566 0.67275167 0.18011926 0.3184611 -0.22082639 -0.32469067 0.6236861 -0.051252097
D01713 -0.16320524 0.29053614 -0.7275652 0.84194976 -0.23555602 0.18422684 -0.5980068 -0.41746187 -0.68160963 0.59475946 0.044733584 0.06266467 -0.46831843 -0.08884611 0.9709944 0.14400421
hsa3360 0.13801323 -0.13698152 -0.05267134 1.1402851 -0.22722259 0.6368635 -0.7224174 -0.5040225 -0.8936632 0.5361655 -0.095878124 -0.50838 -0.959801 0.8764182 -0.016753813 -0.1292012
D00560 -0.45585766 -0.10082039 0.25551024 1.1789553 -0.3785858 0.09955005 -0.11259523 -0.15016483 -0.27455547 0.7016312 -0.7676488 0.662611 -0.773097 -0.4687177 -0.02954046 -0.75011593
D01973 -0.9027823 0.38851333 0.28279904 1.2895905 0.60913056 -0.06281274 -0.5218945 -0.39312962 -1.2039652 0.25852397 0.11273275 0.57806623 -0.2510966 1.1809902 0.36284617 -0.13597485
D02070 0.26828492 -0.6052644 0.032825164 1.1351281 -0.55118734 -0.974087 -0.84971017 -0.70215005 -0.51519287 0.74425375 0.10523305 0.053852953 0.118967265 -0.29058784 -0.114023045 0.022495138
D02340 -0.25641236 -0.11420408 0.12262948 0.9905309 -0.34369248 0.16920829 -0.4834153 0.00013407262 -0.7560451 0.88299 -0.474225 0.14213543 -0.951392 -0.29362494 0.46704444 0.47676462
D00180 0.6619453 -0.79808396 1.1880674 -0.4338959 0.08148681 0.33117655 -0.5003831 -0.7955819 -2.0249524 -0.06612393 -0.34213293 1.7775444 0.90364516 0.19998038 0.3977482 -0.42602482
D01051 -0.43847457 0.55234504 0.19514677 1.2640017 -0.4188885 0.0039437586 -0.63211095 -0.4207144 -1.2023863 0.313939 -0.021546137 -0.30687582 -0.42039835 -0.5759889 0.4097337 0.66733336
hsa185 0.5787151 0.41629562 0.2655742 0.9657214 -0.26950935 0.7035766 -0.9927112 -0.46839207 -1.1200848 -0.74200803 -0.96040094 -0.005104496 0.33987564 -0.85642934 0.5723427 -0.0057341955
D01352 0.17293678 -1.0319542 1.2495416 -0.3609992 0.14371221 0.49142867 -0.27375326 -0.67601717 -2.6516507 0.103709094 -0.052566778 1.6977131 0.98550326 0.4377038 0.061039772 -0.58669627
D01358 -0.5699287 -0.12147646 -0.3615417 0.73013943 -0.28551707 -0.48728907 -0.69860107 -0.11807049 -0.80524135 0.7279311 0.18242739 0.54044676 -0.97350407 0.08854125 0.79984385 0.1187643
hsa3350 -0.53577375 0.47474432 0.10170932 1.2009714 0.06775297 0.077968344 -0.53164357 -0.414782 -1.1507549 0.24446747 -0.07187693 -0.052393813 -0.6009888 0.42362455 0.26763132 0.13005327
hsa1816 -0.4033036 -0.3097013 -0.39752424 1.2287453 -0.08308775 -0.38234374 0.056976795 -0.013462975 -0.51774746 0.70736516 -0.51259613 0.5357861 -0.504833 0.08432331 0.27933103 -0.22279689
hsa3355 -0.49368072 0.18371011 0.046139944 1.2404575 0.33923346 -0.018010242 -0.5529799 -0.23257652 -1.2032601 0.5046243 -0.106656834 -0.106449015 -0.43518874 0.93706036 0.2400602 -0.129051
hsa3274 0.31336662 -0.15069667 -1.1848272 1.1150665 -0.990446 0.9356968 -0.7963927 -0.29397026 -0.49231994 1.121465 -0.239525 0.02487503 0.14271086 0.29203537 0.6300656 -0.08450229
D00503 -0.21839303 0.037217066 0.27809235 1.0901096 0.13406569 0.056441724 -0.08456758 -0.612816 -0.45256332 0.8980854 -0.677953 0.56098 -0.7518274 -0.28019682 0.13457778 -0.031774096
D01871 -0.20246767 -0.21586832 0.17263214 0.74133927 0.021654163 -0.68046844 -1.0992599 -0.53320694 -0.42002404 0.8120078 -0.25612256 0.60844713 -0.27170965 0.49985436 0.4490512 0.29818508
D02671 -0.17575102 -0.1339931 0.18145406 1.0714878 0.17330843 -0.28369585 -0.20014961 0.031800926 -0.59434813 0.78463143 -0.38862237 0.7735412 -0.34887496 0.56802994 0.53616166 0.08272031
D01295 -0.3167162 -0.43585077 -0.1108126 1.135088 -0.29392168 -0.7138616 -0.37580875 0.48595572 -0.6909798 0.8713339 -0.86482894 0.7160231 -0.43289545 -0.32532108 -0.048545055 -0.062414367
D00136 0.28875762 0.38101676 0.31586748 0.5394004 -0.40901306 0.05401586 -0.69501674 -0.21868032 -0.64994085 0.3234067 -0.45387375 0.4211786 -0.7520424 -0.11027044 0.43832114 0.24104485
hsa1132 0.08862493 -0.5255175 0.06743194 0.91995484 0.28384697 -0.8196419 -1.2163719 -0.6342013 -0.28653437 0.8845784 -0.04439424 0.30417815 -0.0048120786 -0.12092618 0.04893814 -0.009475413
D00113 0.32860237 -0.4872423 0.2578929 0.97961086 0.06331422 -1.033261 -1.1841527 -0.698879 -0.31002584 1.0338511 0.23831429 0.3151786 0.34889817 -0.16662988 0.07538385 -0.31543487
D02356 0.32714295 0.07475886 -0.23275028 0.33144408 -0.041164868 -0.891853 -0.47594786 -1.09399 -0.8319504 0.4591625 0.25235236 0.12689151 -0.42207107 -0.20547919 0.46685314 -0.10890699
D02150 -0.065742806 -0.37331367 -1.099016 1.0258857 -0.16988185 -0.21121477 0.025825975 -0.42082474 -1.2957652 0.45200887 1.1107465 0.1273131 -0.40126216 -0.05658377 -0.36409795 -0.3434591
D03858 -0.07594306 0.044593226 0.65240204 1.1374778 -0.4896854 -0.874007 -1.1073314 0.05882807 -0.76204526 0.24656017 -0.37154368 0.2691617 -0.011567728 -0.40547806 0.24310155 0.0023051302
D01390 -0.40004286 -0.39724052 -1.1608734 0.94850063 -0.3966949 -0.27640226 -0.25514585 -0.47426873 -1.1075517 0.44409877 0.8865901 0.37950003 -0.39150268 -0.13669436 -0.53208816 -0.16869868
D00563 -0.5919096 -0.16640101 -0.09197573 0.5279945 0.24238634 -0.3371362 -0.65927184 -0.15713276 -0.9119417 0.9691966 0.67414385 0.15221788 -0.6383476 -0.32051367 0.6373431 0.060715638
D03879 0.3036491 -0.47702873 -1.0293509 1.01053 -0.07707331 -0.49524364 -0.19528635 -0.55506426 -1.0094547 -0.3960146 0.45518312 0.53911144 -0.38982937 0.26190358 0.03919664 -0.14198905
D00609 -0.26040635 0.23839268 -0.22178757 0.2496342 -0.1641211 -0.059452 -0.4650958 -0.7130793 -1.2537206 0.51440537 0.3118051 -0.18782678 -1.0651687 -0.23702815 0.6184121 -0.016184822
D00509 -0.31227547 0.43032798 -0.46763387 0.4625977 0.24455716 -0.31580797 -0.37692007 -0.6398394 -1.2180284 -0.01925541 0.47772825 0.5310823 -0.72137004 0.08383257 0.7340377 -0.052460793
D01022 -0.1887221 0.4432806 -0.7440065 0.47032452 -0.41327295 -0.47848582 -0.21900792 -0.4142317 -1.3800955 0.37837642 0.4174007 -0.06859299 -0.7427241 -0.1203582 0.38629937 -0.57560074
D00079 0.56343454 -1.000906 1.237801 -0.5640579 0.079646416 0.23379813 -0.37949905 -1.0805877 -2.291851 0.15719514 -0.31245443 1.7869005 0.98058784 0.20504062 0.092522256 -0.6385943
D00411 -0.5342797 -0.015070168 1.1534599 1.1732779 0.116725646 0.9743744 -0.25634924 0.3488973 -0.7537236 0.4682368 -0.06813491 0.73724735 0.04709159 0.3536803 1.0933938 -0.95892984
hsa2918 0.7292053 -1.1304767 -1.0261877 -0.15130295 0.33829728 0.9198929 -0.9801656 -0.8756086 -0.7076823 1.0624 -0.042957734 1.8680291 -0.48914137 -0.22629327 -0.48313764 -0.3432908
D00300 -0.21997918 -0.658666 -0.7518794 0.26980212 0.4607746 -0.3435076 -1.9064996 0.45521125 -0.59717697 0.36288154 -0.39482337 -0.045403454 -0.14118855 -0.53634584 0.57368696 -0.38246113
hsa134 -0.21066293 -0.7603585 -0.7993892 -0.20992179 0.054989494 1.5870402 -0.5216106 -0.1885499 -1.1116434 0.8569301 -0.33927515 0.651776 1.088391 -0.51734555 0.48268765 -0.21824288
D00480 -0.029256528 -0.5884188 -0.451876 0.3685157 0.25838053 -0.8602613 -0.98579955 -0.27806827 -0.9598248 0.20547067 -0.93110776 0.3301175 -0.28191245 -0.7925226 0.269451 0.6505203
D00281 -0.6353162 0.5470626 -0.51655465 0.25604028 0.3518926 -0.13130382 -0.2968293 -0.85564804 -1.371259 0.5557205 -0.044062242 0.16982575 -1.2688491 -0.17979255 0.5483597 -0.3903005
D01164 -0.26470807 0.07339623 0.07987892 1.3676094 0.404162 0.20051114 -0.5135889 -0.29569915 -0.50914925 0.8705978 0.09339844 0.41344786 -0.73386925 0.07627703 -0.099289104 0.1216364
hsa5739 0.6175845 -0.6527825 1.0799876 -0.3033701 0.35414585 0.36458784 -0.5398881 -0.5297349 -2.092546 -0.0714127 -0.31723776 1.8888214 0.9545532 0.49541414 0.33841038 -0.53963584
D01603 -0.15121074 0.104649715 -0.5956665 0.06776443 -0.24991152 -0.40021855 -0.6158382 -0.61222655 -1.1419756 0.087791316 0.39409846 0.26861915 -0.60263854 -0.3577831 0.6110998 -0.08879271
hsa5737 0.06953559 -0.68653786 1.068729 -0.1270949 0.19136079 0.54809654 -0.37188813 -0.58734274 -2.693749 0.25729004 0.13539846 1.7768637 1.0525227 0.8636464 -0.49705705 -0.36934754
hsa135 -0.40703785 -0.65964955 -0.9330132 0.498696 -0.84240663 1.457177 -0.54199797 -0.29252753 -1.4173787 1.0093375 -0.83906174 0.39000002 1.3692226 -0.26343986 1.04166 -0.059511643
hsa1133 0.0064940164 -0.32181475 0.10026529 0.9163616 0.13449654 -0.77132654 -0.9421043 -0.7009005 -0.44984132 0.5934254 -0.22161226 0.25754765 -0.2169133 -0.31339 0.007943325 0.14923106
D00790 -0.07942256 0.13635716 -0.3852907 1.2005054 0.53816223 -0.67893875 -0.16896784 -0.42868227 -0.7818556 0.6192715 -0.6990899 0.55872643 -0.22273624 -0.7233201 0.20722653 0.2310477
D00274 0.6183509 -0.082658 0.40545508 0.7904836 -0.3525975 0.15089303 -0.83008254 -0.96195453 -0.9023948 0.5636205 0.08395071 -0.13199821 -0.91650635 0.6962618 0.43808922 0.22950391
D00095 0.28055963 -0.25590563 -1.2452639 0.9130677 0.11289312 -0.06485837 -0.101632 -0.6117625 -1.1675595 0.23450166 0.85104936 0.2616627 -0.55803543 -0.3005514 -0.30400163 -0.23223218
D02566 -0.37892583 0.10942908 -0.837171 0.91004544 0.22789472 -0.03809704 -0.9207089 -0.47811282 -0.3998799 0.77916497 -0.5275996 0.27302542 -0.6515403 -0.009291441 0.85477704 -0.14040123
D00419 0.53407925 -0.36014777 1.3568292 0.027167782 -0.13101949 -0.020298043 -0.8000913 -0.9744966 -2.274467 0.1512899 -0.30371687 2.0351844 1.2257302 0.4789907 -0.07209285 -0.07483632
hsa6752 -0.27473077 -0.743683 0.96098894 1.2221421 -0.89592165 0.106389806 -0.27761775 -0.121962585 -0.96499866 -0.45570377 0.057676263 0.5784277 -0.23220529 -0.43024877 0.076375335 -1.6636206
D03274 -0.73893243 0.8090415 -0.48431838 0.73249555 -0.33581072 -0.34043208 -0.5764352 -0.532974 -0.7077027 -0.27068618 -0.25304288 0.76225245 -0.43590185 -0.49693045 0.6896054 -0.84071904
D05129 0.39310667 0.01835301 0.62892085 0.6884311 1.0077012 0.3880895 -0.74496335 -0.17765634 -0.8387754 -0.010033068 -0.87990654 0.79304385 1.039136 -0.19329488 0.9324377 -0.5514467
hsa4986 0.5599878 -0.116560966 0.6324738 0.9843094 -0.8936866 0.12985669 -0.70924383 -0.6432637 -0.9863118 -0.23171628 -0.4629359 -0.47593343 -0.7636947 -0.7277778 -0.60008 -1.1670002
D02578 -0.59283733 -0.8143832 0.07860867 0.8306593 0.899772 -0.36546695 -0.8569668 0.06445299 -1.0344931 -0.067953475 1.0143667 0.26907822 -0.89426845 -0.06443282 -0.3055582 -0.5322481
D01454 -0.0662236 -0.41611385 -1.2060574 0.8883678 -0.672476 -0.31016675 0.07539654 -0.4693939 -1.4740784 0.3299509 0.73990005 0.19996807 -0.021640753 0.47276303 -0.12221676 -0.09022575
D02237 0.015406577 0.52503556 -0.47399738 0.20427446 -0.1744155 -0.43059406 -0.4564519 -0.6381685 -1.2551686 0.39064893 0.22186902 0.24032697 -0.95111156 -0.25532213 0.63509643 -0.2118149
hsa5731 0.5409303 -0.90649796 0.8039405 -0.29199308 0.063963085 0.5808606 -0.5157415 -0.5251187 -2.2544174 0.2160646 -0.08136456 1.9112232 0.97538483 0.6792237 0.1083796 -0.39325055
D00234 -0.3520428 -0.501085 -0.25628984 0.8371189 -0.09165285 -0.050757684 -1.0557369 -0.11051638 0.07025675 0.35691583 -1.1295142 0.8926953 -0.5557913 -0.19854859 0.28345445 -0.43380037
D02250 -0.6533113 -0.87396044 0.6445402 1.5722907 -0.9974425 -0.18144046 -0.2476255 -0.19322284 -0.78791904 -0.65651053 -0.09425111 0.96058697 0.046613544 -0.25709125 -0.18874066 -1.6815742
D00645 0.09134483 -0.16170494 -0.464008 0.33284086 0.15354866 -0.42590338 -0.9861079 0.12466168 -1.1620064 -0.5516933 0.89373034 0.90851575 -0.20787323 -0.0807805 0.5588699 0.5072699
D00613 -0.47282988 0.12188642 -0.36182997 0.87376714 0.25204927 -0.40870905 0.070475236 -0.6326463 -0.8182548 0.14847006 -0.012964905 0.5638933 -0.47704637 0.27164328 0.73976356 -0.29850385
hsa8843 -0.2282662 -1.0079304 0.5325734 1.5728174 0.4237775 0.4276186 -0.17419545 -0.6937111 -0.7489791 0.8618563 0.13337702 -0.8694992 0.45442614 -0.3732057 0.30005696 -0.14762038
D00483 -0.29080585 -0.4448076 -0.9774727 0.92747396 -0.14397728 -0.15282783 -0.5076291 -0.22806667 -1.1247841 -0.036686674 0.8986707 0.05066446 -0.4796811 0.08760861 -0.4529438 -0.3976101
D03187 0.83464706 -0.509281 1.3354651 -0.11973602 0.00091003196 -0.5311228 -0.77908695 -1.0225822 -1.8915548 0.28638232 -0.4616526 1.7051234 1.1101218 0.2702875 0.03825814 -0.20091583
D00106 0.16919425 -0.9038676 1.2398776 -0.4532809 0.043019634 0.6687512 -0.117965244 -0.83780634 -2.3515527 0.13343531 0.055219606 1.4827383 0.742177 0.046572104 0.6339582 -0.257668
D00059 0.5772085 -0.25684232 -0.6149793 1.094418 0.766568 0.29273397 0.14559904 -0.18847232 -0.46343762 0.6367393 0.4124277 0.584266 -0.18172367 -0.80866563 -0.22868432 -0.38364643
D02884 -0.33552977 -1.353751 -0.59578323 0.24520646 -0.4784319 1.1644211 -0.37924933 -0.25753215 -1.3954008 0.8862595 -0.49258244 0.28475872 1.4026144 -0.44132057 0.7400311 0.17276269
D00607 0.09445991 0.43629292 -0.38017055 0.13249072 -0.064017154 -0.27144468 -0.24019748 -0.50346863 -1.4776686 0.27629566 0.09941266 0.02942371 -1.0458772 -0.4309316 0.4538161 -0.20168188
D02147 -0.15439291 0.11779783 -1.2719654 1.0684726 -0.39663568 -0.26089907 0.11355102 -0.07816993 -1.765312 0.27825147 0.97749907 0.32427442 -0.03130989 -0.01137806 -0.20748957 -0.42913055
D02327 0.7221073 -0.32555184 -0.4315513 0.7407593 0.4927296 -0.17089191 -1.4001701 0.402974 -0.8722645 -0.21030706 -0.5534823 -0.34536713 0.06133786 0.25179955 0.49839506 -0.47521192
D01712 -0.29610044 -1.095072 -0.9378628 0.073832676 -0.64177376 1.293985 -0.26741558 -0.29989722 -1.3117013 0.7648396 -0.53837097 0.8215134 1.4860817 -0.33452526 0.8551049 -0.0274948
D02725 0.39899787 -0.6176834 0.94632685 -0.28590065 -0.067987755 0.26337582 -0.7660603 -0.84753263 -2.6929069 0.13665545 -0.2522464 1.8591561 1.4448179 0.8560558 -0.42217866 -0.323581
D04034 -0.5864701 0.62397575 -0.7156069 0.7875365 -0.1121677 -0.47387812 -0.5496102 -0.589566 -0.8755224 -0.56242096 -0.20928328 0.805845 -0.71793544 -0.36283314 0.6613109 -0.49905163
D00665 0.8456973 0.060576327 -0.23815313 0.80897546 1.1775256 0.10135944 -0.98068726 0.43523365 -0.94004273 -7.8171026e-05 -0.50807697 0.28330094 -0.026175182 0.12203787 0.6039875 -0.04913265
hsa5732 0.90669745 -0.5886642 1.4923579 0.1839213 0.09569939 0.06846976 -0.88205016 -0.7786681 -1.8408477 -0.018304683 -0.52239007 1.9246833 1.1606615 0.28487465 0.24198052 -0.49902987
D01024 -0.07163944 0.071141124 -0.55506974 0.3355092 -0.016626848 -0.93683666 -0.78208154 -0.5947853 -1.244611 0.15184462 0.07928714 0.41605762 -0.43390512 -0.16173519 0.44575584 0.6380398
hsa4985 0.009841276 -0.40733644 0.50009054 1.2106047 -0.5849728 0.20893252 -0.51585644 -0.117346145 -0.48098078 -0.001020283 -0.46360683 0.37739772 -0.924105 -1.0876131 -0.33742633 -1.7210186
D00371 -0.6008489 -1.1765388 -1.0725762 0.21009172 -0.411857 0.9178418 -0.41593385 -0.11205297 -1.3591927 1.0573457 -0.6414298 0.4597719 1.3231828 -0.68991065 1.2361107 0.24704526
hsa3357 -0.7267711 -0.2208787 -0.017697271 1.4880121 0.5345287 0.25308588 -0.41728145 -0.37558407 -0.83805996 0.6508306 0.016678803 -0.051592886 -0.39658347 0.4172169 -0.31931087 0.095128916
D03966 0.96780145 -1.0490202 -0.49667332 -0.5676092 -0.009032478 1.0162327 -0.854696 -0.5520317 -0.80219567 0.8803365 -8.792465e-05 1.38526 -0.6302723 -0.6207788 -0.40691614 -0.9796914
hsa59340 -0.3188818 -0.20394899 -1.1372972 0.82180977 0.11434218 -0.021971375 -1.5156423 -0.38903314 -0.20039444 0.85032034 -0.7212085 0.015729867 -0.17658304 0.1302566 0.40162665 -0.42524725
hsa136 -0.1155201 -0.942103 -0.74244714 0.65456307 -0.74553454 1.3111409 -0.13325647 0.05348869 -1.4554075 0.8875776 -0.3626022 0.4055791 0.95329416 -0.29083303 1.0452046 0.3110218
D02066 -0.2717393 0.052019984 -1.3740832 1.2438267 -0.09669055 -0.31319746 -0.18099672 -0.060080316 -1.4800386 -0.46686316 0.31992373 0.51752996 0.3655702 0.27979338 -0.5191048 -0.33453313
D02721 0.47617948 -0.6388844 0.7057344 -0.5632047 0.016130915 0.4513435 -0.437002 -0.50975305 -2.310003 -0.0150886355 -0.2391991 1.9131463 0.7793036 0.52108604 0.6173377 -0.48211873
hsa3354 -0.6544178 0.07269256 -0.05539935 1.1336755 0.533126 0.08635235 -0.553579 -0.4453389 -0.92324257 0.60766006 0.15432383 0.07069504 -0.33105248 1.0004696 0.15054047 -0.18282083
D00336 0.30508676 0.28694728 0.8359231 0.7197948 -0.10449661 0.5819388 -0.21767451 0.19391987 -1.1576984 0.3675184 0.2724315 0.9839204 -0.51478785 1.2200363 0.36155236 -0.03791497
D03881 1.0970603 -0.7537394 -1.0687939 0.8711302 0.54588836 -0.18090133 -0.47249898 -0.60263497 -1.0904286 -0.7406162 0.32808825 0.342283 -0.86766165 0.24849436 -0.090550296 -0.6118777
D02374 0.02776413 -0.34356746 -0.92329055 1.3177745 -0.51388913 -0.44574133 -0.1828855 -0.4417308 -1.2369019 -0.14251679 0.5916606 0.10410555 0.16150373 0.24780098 0.0006763241 -0.17256401
D01118 -0.43791738 -0.34047538 -0.7751066 0.6494084 0.23394735 -0.707871 -0.6243252 -0.6621166 -1.1782912 0.100116685 -0.714012 0.12002541 -0.060183797 -0.692782 0.09597705 0.7666816
D00241 0.8617936 -0.6056095 -0.37599844 0.62765807 1.4171736 1.0261692 -0.5679718 0.22876203 -0.97003573 0.33741435 0.35152665 0.79636645 0.32545713 -0.53214335 0.17001164 -0.33268622
D00227 -0.5313891 -0.7170395 -0.78116816 0.18971463 -0.49692973 1.1764894 -0.80857694 -0.14195295 -1.719336 0.8737611 -0.8663534 -0.1284877 1.4612712 -0.23103048 0.51368856 0.17338832
D02359 1.0546851 -0.7302819 -0.6278748 0.6970637 0.4288951 -0.59470326 -0.61639816 -0.32941577 -0.8289633 -0.4598415 0.51227224 1.0758752 -0.042735726 0.5289817 -0.15743166 0.09050982
D03642 0.8929263 -0.048763677 -0.10731965 0.6636767 0.9249447 0.16815582 -1.1176676 0.16144256 -0.735841 -0.41123992 0.38278097 1.5077963 0.25000077 0.5359728 0.28303397 0.19066484
D00110 0.20017281 -0.17052683 0.30003977 1.2371562 -0.41308677 -0.6216441 -0.51555926 -0.9466767 -0.48988086 0.8135838 -0.2135346 0.022108981 -0.53420556 -0.16051011 -0.33856958 -0.38861862
D00682 0.36760026 -1.1388797 1.1624553 -0.31719032 -0.1331751 0.248686 -0.29898062 -0.8857016 -2.4802346 0.2679244 -0.22551578 1.7518787 0.9803216 0.32210085 0.23995775 -0.59990066
D01964 0.16360961 -0.5373249 0.8753144 -0.14911033 -0.012288091 0.22205852 -0.6535758 -0.84293246 -3.0804713 0.10045775 0.043131724 1.8882338 1.3702179 0.6603993 -0.8974702 -0.43861973
D00356 0.25578073 -0.43524966 1.0185235 -0.12171299 -0.10162482 0.2584317 -0.8087685 -0.73461014 -2.9852598 0.27636856 0.057174858 1.8109721 1.4737267 0.6865347 -0.76791763 -0.30969247
D00432 0.10823194 -0.17934148 -0.84725 0.8558842 -0.87893 -0.043340247 -0.2638532 0.21218498 -1.6481901 0.09880741 0.8302953 -0.033184506 -0.43799183 0.3488356 -0.3615618 -0.20145756
D01020 -0.2184223 -0.5938792 -0.95343864 -0.08408808 -0.6983646 -0.3698503 -0.2616379 -1.123978 -1.0087743 0.5759057 0.7823462 0.4560861 -0.5930633 -0.20108947 0.0475566 0.03276475
D00442 -0.48340818 -0.93499744 0.5535334 1.3849381 -1.1481322 0.07776416 -0.29289797 -0.05415324 -0.88749033 -0.70013326 -0.31455255 0.5672702 -0.031850275 -0.7132591 -0.081172794 -1.211152
hsa64805 -0.24555519 -0.40462872 0.85534585 -0.048296634 0.03474597 0.27532053 -0.20130928 -0.37921888 -1.4774076 0.46720827 0.2678992 0.7381241 0.80270046 -0.27691856 1.5602933 0.5696118
D03490 -0.17689334 -0.9354561 -1.1726874 0.895586 -0.47914073 -0.26579633 -0.5738473 -0.33656332 -1.3929075 -0.604411 1.0141499 0.3739803 0.32483467 0.3842025 -0.03403617 -0.16833244
D02338 -0.14542131 -0.56496835 -1.2088916 1.0977558 -0.43848163 -0.14575085 -0.64126605 -0.5422532 -1.3295934 -0.49268433 0.7907799 0.15859587 0.22346488 0.3517321 -0.15416504 -0.10827146
hsa2916 0.67117584 -1.2339664 -1.1503774 -0.16420153 0.2739617 1.2061969 -0.970768 -1.0330744 -0.98721635 1.1668323 0.18414305 1.8246695 -0.6175214 -0.27614585 -0.41826913 -0.4720547
D00646 0.68001366 -0.19481361 -0.01706182 1.0186278 0.7555576 -1.1970435 -0.7245799 -0.71468836 -0.7484672 0.5194303 -0.17867269 0.40149397 -0.0110702505 -0.18302527 0.17926523 0.2203103
D01965 0.09117001 0.42643636 -0.18588096 0.5936796 -0.19616617 -0.71618205 -0.6360356 -0.91286814 -1.1239197 0.38486582 0.0050214073 0.1264633 -0.7140097 0.10674599 0.656685 0.32645345
D00632 0.36287197 -0.572926 -0.995562 1.2336115 -0.16044119 -0.5463136 -0.14180705 -0.4007096 -1.1645141 -0.94288146 0.61278445 0.76209694 -0.31507295 0.3675288 -0.11932213 -0.34852436
D03442 -0.70496285 -1.1257751 -0.44145706 1.4913137 -1.087351 0.7245195 -0.22640166 -0.449725 -0.8735283 -1.0848097 -0.024924396 0.8181641 -0.561394 -0.15567032 0.016021686 -1.6966105
D00397 0.48623163 -0.6090323 -0.11633315 0.5631086 0.5847708 -0.94716877 -1.3953334 -0.4462554 -0.40652576 0.5264893 0.12531222 0.59361595 -0.14552599 0.055482745 0.0010436573 0.049163397
hsa11255 -0.22725014 0.052527912 -1.0554767 0.9165044 0.19015972 0.041386977 -1.3435584 -0.3572293 -0.19717662 1.0138187 -0.72428125 0.1096873 -0.32407552 -0.46075577 0.42157236 -0.2661592
D01891 0.2455586 -0.5066235 1.0611676 -0.060794044 -0.24328567 0.03373073 -0.9719392 -0.9503452 -2.8704891 0.080675915 -0.32076886 1.8856894 1.7480533 0.67135763 -0.4755218 -0.1818215
D04040 0.9966726 0.6932419 -0.18573944 0.876004 0.6908729 0.5597894 -1.1788738 0.009905037 -1.0568047 -0.75360656 -0.84102464 0.4026356 0.2852409 -0.7389324 0.89336497 -0.395725
hsa10800 -0.08522051 -0.24754226 0.61122626 1.1993366 0.77565056 1.0323542 0.116193175 0.055804517 -0.70406824 0.52076 -0.32154012 0.7389566 0.64568657 -0.35538837 1.1653918 -0.38235265
D02358 -0.4280166 -0.8383652 -1.265693 0.7329843 -0.5430828 -0.34604192 -0.8095762 -0.60923254 -1.8249083 -0.5067212 0.94790125 0.0161754 0.23138504 0.5352322 -0.22197358 -0.20267063
D00635 0.16435984 -0.8622743 -1.2557381 1.0600078 0.21602912 0.0610845 -0.9052723 -0.13106748 -0.98379534 -0.9822564 0.056490693 0.07060892 -0.16327924 0.26840377 0.17268617 -0.7546702
D05938 0.02745802 -0.2839423 0.77240896 0.60867923 -0.11269689 -0.7356113 -1.0831556 0.3998924 -1.3453432 -0.013608445 -0.3152984 -0.49038747 -0.92356074 -0.4115154 0.07712406 -0.5898723
D05312 0.9167842 0.03450331 0.55417895 0.88324875 -0.75951546 -0.14068592 -0.50101274 -0.08686175 -1.2614996 0.11511689 -0.41485703 -0.051971555 -0.845073 -1.0888308 -0.41960746 -1.4576981
D05341 0.5912286 -1.1373887 1.4911498 -0.35232103 0.10311553 0.7081169 0.2710042 -0.85601753 -2.0002124 0.021870779 0.0033635232 1.6400489 0.4332102 -0.41915384 -0.4034307 -1.3143947
D05246 0.37815928 0.7226689 0.31118464 1.1544602 0.099564776 0.59435993 -1.5818493 -0.23762992 -1.3404052 -0.82818747 -1.1294637 0.025653856 0.6314253 -0.7445895 0.31399712 -0.31727612
D00540 0.58757347 -0.22973609 0.6753001 0.91015285 -0.2875817 -1.1216102 -0.8138443 -1.1627457 -0.73290783 0.83838004 -0.052932005 0.01723668 0.4573683 0.01291833 -0.038515534 -0.27382573
D00235 -0.32392907 -0.9751438 -1.366018 0.65838057 -0.38035592 -0.21968842 -0.6933387 -0.74242556 -1.406481 -0.54972655 0.7836086 0.21296495 0.20711136 0.24594249 -0.10769806 -0.07006757
hsa57105 -0.07143714 -0.16033675 1.0721862 0.8603074 0.47815302 0.8352276 -0.52526075 -0.2529577 -0.78691065 0.30677545 -0.38775343 0.6105505 1.0823514 -0.3848841 1.2985722 -0.7478458
D04979 -0.68669266 -0.3764761 0.06633297 0.6905153 -0.11900582 -0.20281106 -0.75079304 -0.0777438 -0.5102737 1.1721963 -0.058225065 0.77174467 -0.58089364 0.2713588 1.0376304 0.2715429
D01236 -0.44559222 0.21495995 0.04974456 0.8206775 -1.1805211 0.03775571 -0.58276975 -0.1251689 -0.61809057 0.05843059 -0.14142199 1.4136612 -1.2686427 -0.9297884 0.94802403 -0.9435821
hsa10161 0.17295396 -0.26091748 0.37963822 0.806011 -0.010949416 1.2238673 -0.5030409 -0.5830325 -0.9164583 0.28492564 -0.4682718 0.14638099 0.9081555 -0.59138256 1.4121244 0.019528674
hsa6755 -0.3891711 -0.69442314 1.3671302 1.0754889 -0.9090983 0.19018112 -0.112510115 -0.21063337 -1.1555816 -0.38507536 -0.18886976 1.037844 0.047821958 -0.7628014 -0.06054491 -1.8097553
hsa3362 -0.35137156 -0.21116321 -0.3430135 1.4836254 -0.05251546 0.04248809 -0.3753623 -0.5563365 -0.70960206 0.7183045 -0.005127838 -0.27890632 -0.2684074 0.6941847 -0.12058817 -0.059991356
D01227 -0.6788573 0.507007 -0.22807895 0.45573446 -0.26234433 -0.07088343 -1.7066538 -0.197052 -1.499097 -0.31211007 -1.0607865 -0.3080286 0.7234516 -0.5103887 -0.6054667 -0.629936
D00687 -0.76612246 -0.28443742 -0.6150518 1.3942405 -0.8421189 -0.42536566 -0.18578038 -0.678655 -0.6600637 -1.0150247 0.24521372 0.9554375 -0.1664496 0.0465234 0.3366766 -0.9143665
D01126 0.87483096 -0.87754893 -0.17351283 0.3340359 1.3441151 1.4663072 -0.0025210646 -0.58942425 -1.0152617 0.5090603 0.32601854 1.3177847 -0.033373944 -0.88369 -0.196056 -1.3306379
D00094 0.48311862 -1.6855291 0.080964655 -1.2788092 0.21571848 0.9420127 -0.47281712 -1.0882467 -2.3835483 0.25739092 -0.58243036 1.3065884 0.5148748 0.63688046 0.9682473 -0.7996286
hsa1815 -0.35372844 -0.037977297 -0.28446564 1.1482731 0.31218013 -0.6599451 -0.723559 -0.41671753 -0.78034073 0.89287937 -0.22437893 0.3476777 -0.54361475 0.05708137 -0.014822949 0.30634153
D00332 0.034106098 -0.5349718 -0.77055657 -0.6622321 0.38629532 1.1658204 -0.3229087 -0.038032215 -1.2341894 0.5403443 0.050559986 0.9867608 0.34557763 -0.49289092 0.43394822 -0.40440586
hsa2917 0.6543794 -1.0147142 -1.2206798 -0.054597937 0.6342644 1.3251956 -1.0717101 -1.2117895 -0.92055297 1.0797633 -0.23322621 1.9130754 -0.83518606 -0.35575017 -0.24019569 -0.30551997
D04006 -0.380429 -1.3552483 -0.82299674 0.625402 -0.6434025 1.0966432 -0.27060428 -0.21212846 -1.2240597 1.0917675 -0.47143537 0.66453063 1.2560341 -0.6262994 1.2043265 0.05759359
D00606 -0.9190161 -0.15283582 -0.5334585 0.01713546 0.58937615 0.17258115 -0.39146236 -0.6662511 -1.3517635 -0.07578995 0.36963677 0.20274113 -1.1951162 -0.41271046 0.44504097 -0.4881271
hsa2912 0.72608286 -1.2816265 -0.57425654 -0.32348293 0.4472194 1.0113388 -0.6825581 -1.2263827 -0.78147626 1.077439 -0.13723968 1.838003 -1.132632 -0.1698574 -0.23574452 -0.97114855
D02910 -0.03239046 -0.2583819 -0.7259095 1.0391972 0.0013905994 -0.46215287 -0.22270146 -0.5878947 -0.9280483 0.24918477 -0.07512557 0.049089234 -0.24692662 -0.23954372 0.11584152 0.4395809
D02614 0.41688785 -0.8349806 -0.64898485 1.0955541 0.4252306 -0.60143024 -0.40340242 -0.74899614 -1.1167005 -0.530299 0.8540465 0.53507453 -0.68196815 0.17140633 -0.11471458 -0.21642658
hsa2913 0.68352467 -1.1474619 -0.9718666 -0.49336922 0.2814064 0.9778837 -0.6781143 -1.3147094 -0.8931072 1.0451071 -0.054750364 1.8514841 -1.1026961 -0.39362642 -0.3929747 -0.7190242
D02342 -0.14587425 -1.0595937 -1.2658575 0.73146963 -0.35236493 0.024529189 -0.9977433 -0.85634816 -1.7181718 -0.9656355 0.91235363 -0.06230452 0.37704396 0.4276683 -0.036624838 -0.45353904
D01324 -0.28319144 -0.28412992 0.2108988 0.5698601 0.22661205 -0.59587306 -1.0770662 0.12517816 -0.5694556 1.0408298 -0.47638538 0.81814045 -0.28190896 0.48047757 0.75679785 0.12060785
D00601 0.25202352 -0.85376734 -1.405859 1.0042545 -0.3254164 -0.04720423 -0.5633508 -0.6860566 -1.2214669 -0.9870997 0.38034725 0.19438794 -0.34401637 0.2847018 0.010967362 -0.671394
D00521 -0.5869273 -0.6163728 0.20056598 1.407146 -0.7981894 -1.0272967 -0.44201982 0.34307268 -0.53997946 0.44888714 -0.8757826 0.58502275 -0.13426954 -0.7785947 -0.049698327 -0.70156157
hsa6751 -0.5483875 -0.8301716 0.69243115 1.0789127 -1.0171263 0.47337633 0.077506 -0.26344296 -0.9890956 -0.41786638 -0.75594324 0.21438016 -0.37536815 -1.2958727 0.13405235 -0.82821137
D02234 -0.37084636 0.2763289 -0.8169792 0.4314081 -0.65835476 -0.69366467 -0.43879953 -0.5462822 -0.87438506 0.37212306 -0.11971057 0.49732578 -0.91275775 -0.5231255 0.6899607 -0.50276005
hsa338442 0.01629037 -1.0596899 0.45473146 1.685081 1.182621 0.8861242 -0.465476 -0.54070586 -0.9383562 0.7570629 0.63820666 -0.42712379 0.7676732 -0.79752725 0.50067633 -0.3063501
hsa6915 0.8872743 -0.15605007 0.5533788 0.56561106 0.28086868 0.4390691 -0.4559502 0.22899951 -1.334314 0.078512624 0.24054882 1.6346115 0.18014818 1.0479275 0.08721194 0.0047103814
D01782 0.08614379 -0.18453035 -0.042607255 0.6847352 0.19549637 -0.39918798 -1.3574326 -0.002612576 -0.44340578 0.29413453 -0.40901908 1.0464486 -0.7937304 0.13531089 0.45122677 0.5329259
D00394 -0.14391202 -0.48492792 -0.6011714 0.5685585 0.08907275 -0.3750671 -0.5544958 -0.9942675 -1.0328742 -0.32106683 -0.86983395 0.12832877 -0.22046477 -1.0349144 0.35123083 0.8721089
D00520 -0.5794165 -0.29042882 -0.5043025 0.05345561 0.30364892 -0.43274698 -1.4929627 -0.008754246 -1.0599285 0.46851152 -1.2845267 -0.06808367 0.48081416 -0.30398285 0.2573751 0.02895538
D00598 -0.14668618 -0.9045081 -1.3756504 1.0412999 -0.21335344 -0.059763316 -0.7715276 -0.43505675 -1.4074891 -0.47953993 0.73091894 0.19729316 0.5085548 0.390094 0.044024117 -0.18540299
D02076 0.24262537 0.21356156 -0.6937193 0.06732711 0.2961715 0.1124303 -0.4528821 -0.2578835 -1.3680799 -0.3053447 0.15147816 0.16812164 -1.3602635 -0.51368904 0.028557524 -0.5318233
D02826 -0.65146416 0.27171 -0.29629332 0.85896254 0.8671702 0.4265626 -0.44181675 -0.7897986 -0.9619287 0.69840366 -0.70310026 0.31306905 -1.1858678 0.26545647 -0.047408167 -0.15451255
hsa3361 -0.6460812 -0.22615832 -0.055611834 1.2723979 0.35696176 -0.020910606 -0.62593114 -0.5475611 -1.0523889 0.3209887 -0.030143265 -0.2811843 -0.5307646 0.74725515 -0.1665107 0.14087002
D00676 -0.14222491 0.6554431 -0.35399616 1.3566047 1.1675321 -0.19250387 -0.9252418 -0.013425265 -1.4021391 0.08638804 -0.33975402 -0.16641892 -0.60371983 0.7440991 0.23682289 -0.61104774
D01242 -0.110963665 -0.49357292 -0.73011297 0.35780695 0.48228905 -0.7236443 -1.462364 -0.23765258 -1.0634336 0.4838385 -1.1171744 0.12810156 -0.043023583 -0.26080707 0.25531232 0.6843486
D04716 -0.051952098 -0.6723749 -0.22126006 0.2373325 -0.05051557 -0.8215462 -1.4670739 0.535978 -1.281043 -0.02978757 -0.46000034 -0.0061505064 -0.5674814 -0.6892493 0.22896442 -0.36151493
D00683 0.08346986 -0.0035488782 -1.470213 1.4929653 -0.29184207 -0.43552852 0.35400012 0.20266381 -1.7578213 -0.29489776 0.36662084 0.4696524 0.33042336 -0.0042516366 -0.17900601 -0.55956763
D00715 0.55184233 -0.5784647 0.39708945 1.1694121 -0.2276892 -1.0061308 -1.2581717 -0.75492 -0.45852244 0.94749427 -0.15465474 -0.07722394 0.15593395 0.06371793 -0.015322586 -0.17781147
D04625 -0.39388192 -0.38457596 -1.260367 0.989566 -0.39713132 -0.29032883 0.055854797 -0.3221916 -1.3412393 0.6673718 1.0514369 0.37982583 -0.4428411 -0.24544227 -0.3380653 -0.1566022
D01745 -0.26745525 -0.15245438 0.36673388 1.5669025 0.08683244 0.40744126 -0.47654098 -0.23501702 -0.19733167 1.1339725 -0.90470386 0.7142041 -0.7547193 -0.43547297 0.0050994875 -0.19798392
D06396 0.35781547 -0.119462505 0.5756982 0.5387396 -0.43599725 0.82741266 -0.80429137 -0.28868473 -1.0785528 0.3080714 0.11204499 -0.18435208 -1.1317244 0.8119903 -0.65396833 -0.22208071
D00232 0.33866012 -0.68295383 0.12034889 1.155548 -0.07897003 -1.1028146 -1.039146 -0.67945635 -0.51597196 0.91506904 0.2416932 -0.011843164 0.33096343 -0.17132927 0.090176515 -0.12113979
hsa2914 0.80402774 -1.0886651 -1.3385466 -0.105002 0.37693813 1.0240767 -1.1838808 -1.0943971 -0.76294774 1.0808593 -0.06741226 2.1217704 -0.71225756 -0.22488779 -0.41878116 -0.4153998
D00498 0.737729 0.13044202 -0.017590703 0.84222025 -0.7783063 -0.29576668 -0.6514187 0.6613356 -1.6663882 0.33309525 0.3093925 -0.38212827 -0.46573403 -0.49191368 -0.5722553 -0.7921271
D00049 0.47987002 -1.1128695 0.13562125 1.2440462 1.3694985 0.5037359 -0.9545184 0.08450296 -0.7919638 0.9322078 0.94514 -0.19300215 0.49468532 -0.9054188 0.24307515 -0.43787995
hsa6753 -0.25060704 -0.88393176 1.147932 1.7463037 -1.0360355 0.58441776 -0.046712358 -0.2804413 -0.9939813 -0.51295537 -0.040312815 0.69529635 -0.034333095 -0.5136405 0.25476474 -1.8603002
D00666 1.3126116 -0.22295181 -0.32783437 0.65117455 0.5175845 -0.109286696 -1.2168863 0.58999765 -1.0602393 0.5873697 -0.57516176 -0.15217021 -0.47828677 0.3789059 0.75389326 -0.03207168
D00524 0.087854736 -0.96813625 0.48136103 1.4518356 -0.10378119 -0.6566847 -0.5617102 -0.6140287 -0.6064051 1.000354 0.13793643 -0.7017193 0.51991326 -0.018194726 0.4232904 -0.090034544
D00627 0.083153345 1.0987517 -0.4082516 0.9397876 -0.22241633 0.040654488 -0.97647375 -0.655616 -1.0612606 -0.99061173 -0.9589391 0.5533523 0.37301165 -0.45460492 0.5154688 -0.5330314
D01103 0.86406493 -0.2802534 0.44116595 0.5682239 -0.44132814 -1.3197196 -1.0715965 -0.18335003 -0.8409382 1.0139709 -0.22147247 0.21632813 0.23679712 -0.21794446 0.11087585 -0.49559972
D02279 0.70279676 -0.89835054 -0.056083377 0.071493745 0.6472146 1.0757375 0.24317765 -0.52015376 -1.4286324 0.72351307 0.46120554 1.269213 0.32506955 -0.97994226 -0.119384214 -1.0634502
D01925 0.16082767 -1.4239328 0.2580524 0.23222838 -0.6702034 1.2650968 -1.0711128 0.19058308 -1.3797299 0.6140015 -0.5483148 0.19310021 -1.4841561 -0.16165183 -0.9421421 0.0853644
D01441 -0.99726284 0.691084 0.7080464 0.70756656 -0.37717664 0.27827904 -1.1773843 0.24569042 -0.51398796 0.88587904 -0.33184218 0.75374603 -0.3020017 -0.41840342 0.2031286 -1.460328
D00838 0.877825 -0.15831943 0.8145251 0.98760253 -0.9314656 0.21007717 -0.7517108 -0.15896621 -1.6787094 -0.21043172 -0.19313568 -0.6492679 -0.91320586 -0.51683265 -0.5373572 -0.9522707
D00779 0.68045187 -0.043651506 0.7232618 0.5895907 -0.31349885 -1.0378362 -1.0464784 -0.9770071 -0.6960723 0.76009506 -0.029243946 0.0926472 0.27641037 -0.54400104 0.2046615 -0.4284079
D01297 -0.18822981 -0.5530535 0.364087 0.41507462 0.089982085 0.012676721 -1.1319028 -0.3200055 -0.8751713 0.7141554 -0.0037985253 -0.14235342 -1.2186867 -0.16980267 -0.09184611 0.1994212
hsa2846 -0.1246716 -0.7406302 0.57982993 1.1581612 0.24345338 1.2788491 -0.4212002 -0.34190714 -1.0385156 0.5248598 -0.17673911 0.07982612 1.3049113 -0.2695005 1.2429575 -0.15200977
D00837 0.7779078 -0.19881989 0.010356821 0.25454038 -0.24342404 0.047340825 -0.44106194 -0.59695536 -1.3038063 -0.26402062 0.0679184 -0.23354991 -1.1556474 -0.9249739 -0.5287877 -1.2034544
D05740 -0.99664414 0.6533589 -0.39599428 1.2052865 0.48458397 0.017150048 -0.55584997 -0.04044481 -1.5090222 -0.25645807 -0.51530796 -0.025943806 0.17037816 0.3971902 -0.6880211 -0.5161201
hsa140 0.04678775 -1.1551665 -0.51516 0.2012188 -0.60749537 1.4583282 -0.36954165 -0.16631787 -1.6923304 0.97518086 -0.438613 0.016428769 1.2877154 -0.3358851 0.8581022 0.04345589
D00675 -0.6147095 0.5449841 -0.4072912 1.3180876 1.1995806 -0.083374575 -0.31888828 -0.30165893 -1.1835855 0.34265226 -0.69277424 0.007717745 -0.08591096 0.02309186 -0.2552014 -0.46046257
D00225 -0.6434052 -0.14359911 -0.08970325 0.8586689 0.017281584 0.56948316 -0.3855016 -0.45134792 -0.7600486 0.36662382 -0.63632923 0.28416887 -0.5738327 -0.4812603 0.8729464 0.83955663
hsa5733 0.54423517 -0.31755465 1.120017 0.07835916 0.030484473 0.20545162 -0.9470258 -0.6774383 -2.2977962 -0.021973781 -0.36749345 1.9098918 1.2250558 0.80880105 -0.28538966 -0.1457137
D03415 -0.17308117 0.09961289 -1.1161861 1.0420153 -0.74624175 -0.12532847 -0.53399456 -0.45457655 -0.9541761 -0.7521391 0.31171802 0.7955277 -0.1521115 0.02414291 -0.017314598 -0.21055754
D02349 -0.57083243 0.31197298 -1.1552212 0.74290025 -0.4293246 -0.37564513 0.5160966 -0.2136387 -1.7628604 0.18181263 0.5158527 0.36789465 0.17613438 -0.4225578 0.14442147 -0.5320944
hsa3363 -0.77587724 0.7585775 0.4401303 1.7245306 0.13109101 0.04458262 -0.6978782 -0.6526531 -1.297443 0.4444198 -0.32219532 -0.18492955 -0.4075974 0.44669068 0.096381396 0.1775602
D00523 0.117515 0.7576185 0.3763101 1.5813628 -0.4826207 0.24459037 -1.1818067 -0.06977163 -1.1927276 -0.5736305 -0.8878941 0.053705335 0.28647923 -1.0515577 0.4816041 0.6701395
D00301 0.2761923 -0.114710234 0.02056539 0.43557724 -1.0566206 -1.2107106 -0.5078826 0.41116023 -1.341471 0.26399854 -0.3074681 0.17956652 0.043877706 -0.68590564 -0.16619693 -1.0452878
hsa5724 -0.3085143 -0.13314772 1.0220566 0.844474 0.5814167 1.0503893 -0.08722141 -0.29074833 -0.97579247 0.8317448 -0.8014354 0.64748627 0.23930767 -0.39922175 1.420791 -0.045454815
D02007 0.6090732 -0.67527 -0.16193974 -0.16384113 -0.43379498 1.1152318 -0.88328195 -0.38063052 -1.420428 0.042673945 -0.18579784 0.34919843 -1.6720461 -0.8839951 -0.8975038 -0.41179454
D00499 -0.03207959 -1.2121202 0.56743217 1.1303824 -0.09160621 1.1012487 -0.34969524 -0.67323 -0.9301791 0.58860916 -0.010272085 -0.8186316 0.4643115 -1.0849327 -0.07355596 0.04731047
hsa2915 0.48813292 -1.2593292 -1.0365869 -0.14182921 0.4922893 0.8353721 -0.8529032 -1.5379443 -0.9532061 1.4054992 -0.10126599 2.1651578 -0.81972045 -0.24169911 -0.29472628 -0.5788781
hsa222545 0.6466623 -1.3384955 -0.53993976 0.4216923 1.1582403 1.7283902 -0.33640113 -1.3511345 -1.0739882 0.8885662 0.31518605 2.305357 -0.46066785 -0.6201365 -0.2179075 -1.4377451
D01828 0.19733626 0.1065315 -0.2453777 1.2113899 1.710954 0.48294815 -0.07771676 0.08486983 -0.73502564 0.5738827 -0.32181254 0.638375 0.49946392 -0.6947939 0.6651879 -0.5305259
hsa2550 1.1024476 -1.0198375 -0.77185315 0.6856414 1.5455056 1.4675026 -1.171886 0.24070835 -0.98083496 0.7983638 0.45042118 1.1944343 0.40338004 -0.24135514 -0.42783618 -0.37724152
D00845 0.98430955 -0.6009484 0.55959296 0.36578697 -0.11570923 -0.46684888 -1.3657291 0.31404427 -1.3725723 -0.16495608 -0.6352272 -0.7021788 -0.7835391 0.074881524 0.09065117 -1.0182227
D00522 0.43908334 0.791192 -0.1614357 1.1101582 0.026487403 0.57581544 -1.3718218 -0.17533396 -1.1797351 -0.9973292 -1.0221963 0.40734014 0.50292826 -0.39734334 0.64448357 -0.3601941
D03210 0.7387057 -0.0048866 0.78063077 1.1380663 -0.49391636 0.920255 -0.7302191 -1.1824752 -0.61483306 0.24316047 -1.4064895 0.13194743 -0.7488272 0.17786416 0.47372812 0.30026272
D01346 0.63737404 -0.7702535 -0.718133 0.25170732 0.45098352 0.07942028 -1.1036899 -0.36896467 -0.135972 0.14333357 -0.07263092 1.7583693 -0.1036435 0.30312008 -0.16409643 -0.07701097
D03165 0.45898405 -0.14140582 0.26469615 0.71466345 -0.29045096 0.15974282 -0.040449534 0.4298084 -1.2914467 1.4687436 -0.13470404 0.5034158 -1.0361202 -0.38627532 -0.48954967 0.37907234
D00364 0.091247715 0.03627581 0.4033778 1.3867322 0.19394565 0.035240017 -1.0053096 -0.4945132 -0.4725706 0.6642002 -1.0279455 0.13409096 -0.9052365 -0.076509014 0.21477076 0.13398354
D01386 -0.00013648137 -0.8855796 -1.0814542 0.91549325 -0.7428935 -0.9136545 -0.22010079 -0.83570725 -1.1369859 0.4584813 0.71430326 0.50955206 -0.040084925 -0.35173693 -0.25533807 -0.5579027
hsa1910 -0.7017915 0.22048442 0.14325087 0.12075227 -0.718371 0.5625465 -2.065451 -0.096014805 -1.7152855 -0.3036536 -0.7859517 0.105797 0.40655747 -0.72502136 -0.6377041 -1.292329
D01269 1.2122828 -0.32160375 0.0053074006 -0.08522642 -0.053989805 -0.68626225 -1.1938826 -0.14825276 -0.5876143 0.90239716 -0.46768314 0.3662285 -0.4312996 -0.03339164 0.32308617 -0.5399007
D03880 0.5388796 -0.8333593 -1.3220998 1.0071775 0.002872297 -0.13179746 -0.21890935 -0.6849336 -1.1119277 -0.82005596 0.34404486 0.6431824 -0.6329574 0.2534194 -0.19242069 -0.45892322
D00380 0.11627609 -0.25630525 0.42168745 0.62110317 0.67293423 0.08929302 -1.3430433 0.5652863 -1.3351653 -0.5679246 1.4209416 0.98479044 -0.6414834 0.28408092 0.11834477 0.20359121
hsa1234 0.63548064 -0.0751261 0.6423378 1.0965195 -0.69506836 1.3591933 -0.65634584 -1.0603025 -0.7741692 -0.072438456 -1.3775443 -0.2983691 -0.19041112 -0.36602515 0.50168955 0.1275805
D00684 0.21099342 0.10266311 -0.9633454 1.2678415 -0.86121756 -0.86880475 0.17117816 0.11591126 -1.7505028 -0.27733284 0.2276817 0.37010306 0.3960145 -0.21465325 -0.3988161 -0.72042155
D03654 -0.43539917 -0.5559033 0.58299875 1.4455843 -0.5850536 -1.2272378 -0.9316233 0.26308715 -0.7650598 0.8529378 -0.6516846 0.7849522 0.10209145 -0.44753888 -0.13113473 -0.25726172
D01699 -0.40352196 -0.44307923 0.45540544 1.4036328 -0.63269323 -1.3761939 -0.8298102 0.15230574 -0.7935744 0.7841262 -0.8222182 0.5346805 0.050484676 -0.46805218 0.09253705 -0.24894898
D00400 0.8856258 0.7530338 0.14951967 1.1312556 -0.2792708 0.34479034 -1.5776728 -0.10199901 -1.3814497 -0.8679584 -0.96149576 0.16293226 0.36822146 -0.7610611 0.6875495 -0.27244756
D00769 -0.3421244 -0.29735237 0.24464399 0.08231936 0.10057631 -0.14919214 -0.38271904 -0.14963672 -1.1789477 0.40820253 0.6159109 0.8260464 0.12243597 -0.34203756 1.8335521 0.51369804
D00780 0.7891964 -0.1267212 -0.40767178 0.8420537 -0.0942763 0.1477563 0.060292803 0.47674844 -1.4368498 1.3813946 -0.5201362 0.3125029 -1.1915576 -0.36963248 -0.17905971 0.36407062
hsa9052 0.41401374 -1.9400226 -0.05605939 -1.2192812 0.04545887 1.1542985 -0.55668986 -1.3389349 -2.12855 0.45327482 -0.7560669 1.2630999 0.4450337 0.40274248 1.0722227 -0.7379324
hsa6010 0.2720383 -1.0110033 1.5519954 -0.17260818 -0.07369598 0.5283603 0.12164042 -0.56718373 -1.9138496 -0.5272653 0.00023050071 1.5811872 -0.049989417 -0.34964204 -0.44421378 -1.7346811
D01652 -0.25408098 -0.07184473 0.57565373 0.96388006 0.17281112 0.6985287 -0.041792512 -0.41362962 -0.826298 1.0945758 -0.72660756 0.5341528 -0.2871025 -0.20536833 1.3058935 0.1665199
D00673 0.5338979 -0.25436372 -1.6527294 1.2078152 -1.2235434 0.9319158 -0.92134863 -0.50963557 -0.64148587 1.3332125 -0.45638195 0.09289427 0.30442125 -0.22756779 0.5532239 -0.15606876
hsa5031 0.15283036 -1.5380353 0.25720996 0.5261301 -0.5597189 1.7319789 -0.3818737 -0.6402656 -1.2403468 0.3101076 -0.5824827 0.41433766 1.5690686 -0.34995407 1.2991023 -0.66430193
hsa2911 0.27917194 -1.1712403 -1.0636989 -0.2565221 0.2521229 1.0000514 -0.72872484 -1.6944014 -0.91557 1.3421135 -0.1654315 1.975739 -0.9683765 -0.24228951 -0.22041282 -0.4353593
D02149 0.839492 -0.5095529 -1.0095217 0.6130356 0.6343555 0.10793355 -0.29607716 -0.79863375 -1.1228127 -0.20287432 0.6745368 -0.15812412 -0.85234994 -1.094683 -0.26731715 -0.81512487
D05113 1.0226402 0.0959236 0.59760714 0.29417187 -0.9789625 -0.23455393 -0.4669976 -0.25186744 -1.7571744 -0.20814264 -0.104702346 0.030352032 -0.8588666 -0.74903315 -0.35310763 -1.183526
hsa887 -0.6161471 -0.92149603 -0.3707814 1.5738502 -1.0220988 0.81259656 -0.3373214 -0.17407262 -0.7560847 -0.65569246 -0.07858519 0.85998946 -0.92587423 -0.3040833 -0.3603194 -1.624697
hsa7201 0.20389222 -1.1519076 0.0831853 0.087316304 -0.86997885 1.344081 -0.8558706 -0.04231967 -1.2604675 0.20301451 -0.43886966 0.5568525 -1.4905231 -0.7285198 -0.9021142 -0.82078797
D02278 0.9668016 -0.99620974 -0.06576493 -0.06735892 0.5097091 1.3919581 0.08625148 -0.6712353 -1.2940212 0.73488593 0.38618228 1.4411467 -0.10375434 -1.0941166 -0.29800257 -1.2605307
D02357 0.6999857 -0.088046886 0.14496604 1.0794773 -0.27947196 -0.22734731 -0.026965989 0.7262432 -1.778383 1.1222969 0.16030858 -0.13057663 -0.422856 -0.07858942 -0.117507204 0.45320502
D00574 -0.121894464 -0.48386455 0.37237754 1.0796541 -0.34345898 0.70771813 -0.33148256 -0.93066645 -1.4133481 0.07087182 -0.3226852 -0.46410748 -0.112144426 -1.7718909 0.27976367 1.0297554
D00422 0.90169364 -0.17840706 -1.6603283 1.2705263 -1.482702 1.1503159 -0.87433213 -0.7115319 -0.7154367 1.2761809 -0.47379547 -0.0875767 0.4535423 -0.24657214 0.48426124 -0.43362132
D05792 0.08299903 -0.83671165 -0.6355616 1.3406411 -0.3225008 -0.53315914 -0.055302374 -0.6817226 -0.8780103 -0.9222027 0.668552 1.0250658 -0.43659776 0.25590387 -0.27337426 -0.6640663
D00318 0.017068863 -0.18089609 -1.4398787 1.1728286 -0.350587 0.5458757 -1.338126 -0.40008345 -0.3019016 1.238464 -0.57039267 -0.0010456797 0.2104002 0.040070456 0.53557765 -0.15357958
D00674 -0.64078075 0.27924767 0.4090534 1.0695385 0.22423588 0.09508117 -0.51602364 -0.091332085 -1.1600189 0.4823495 -0.0882511 0.56535614 -0.5873135 1.1862948 0.08382017 0.06700012
hsa554 -0.35417032 -0.32015043 0.44898874 1.0533749 -1.403102 0.30918384 -0.44842806 -0.34200582 -0.5659867 -0.28220722 0.080452904 2.060259 -1.3069743 -1.0772071 0.97611016 -1.4657828
D00415 -0.28798214 0.15566932 0.14480324 1.3773069 1.0305023 -0.2516622 -0.7449859 0.15790947 -1.4824767 0.4624247 0.23086086 -0.22520728 -0.62683964 0.49529678 -0.38223484 -0.6491863
hsa5030 0.19840164 -1.2117113 0.27549797 0.71949124 -0.48148832 1.7189952 -0.16852035 -0.76655406 -1.3945085 0.4617814 -0.21435109 0.23086238 1.3110783 -0.8242409 1.4985942 -0.46331742
hsa9934 -0.07587761 -0.3059565 0.34094396 0.5704541 0.12564509 1.0827215 -0.3342107 -0.44920948 -1.5362458 0.51657575 -0.29128483 0.4982015 1.094774 -0.42383978 1.7863268 0.14155117
hsa5028 -0.22513856 -1.028783 0.66337746 0.9836899 0.041503105 1.0307695 -0.35666898 -0.42810687 -1.1693957 0.6657713 -0.058526427 0.23941024 1.4140418 -0.5765119 1.183268 -0.3855529
D03503 0.6745728 -0.27883488 -1.9235305 1.1349612 -1.3491665 0.9201394 -1.1445901 -0.74511266 -0.6738317 1.2731342 -0.30956808 0.14365253 0.40906513 -0.15779601 0.6510613 -0.36823866
D00987 1.0296023 0.30172378 0.6038044 0.75746024 -0.6055777 -0.00535556 0.10903379 0.5207502 -1.6957564 1.077865 0.20622748 0.4440917 -1.0390521 0.12235207 -0.016068248 0.0028229658
D01462 0.94524086 -0.011148024 0.05725467 0.7914207 -0.13028648 0.18681395 -0.011022117 0.76765364 -1.395799 1.1112303 -0.5604326 0.35954016 -1.1851928 0.09087093 0.25162843 0.27619436
hsa5729 0.62061566 -0.13225551 1.157915 0.2755439 0.8605165 0.27999038 -0.8369889 -0.43700042 -1.3767343 0.05602268 -0.78323495 1.5119172 1.1997632 0.16125475 0.4885049 -0.89000064
hsa5029 0.1877221 -0.956714 0.018238734 0.746444 -0.39344168 1.5217001 -0.3389513 -0.83478606 -1.113259 0.43229622 -0.22168614 0.32097784 1.3548081 -0.6235252 1.4173551 -0.3131694
D00514 -0.5227544 -0.6600487 -0.6720085 0.18073942 0.34628648 -0.26808664 -0.8427104 0.23116694 -0.95557386 0.7435668 0.03799939 -0.124432705 -0.07359524 -0.8462625 0.6798624 -0.07485907
D01994 1.1237267 -0.51021135 -0.041204114 0.8234456 0.324585 0.19565618 -1.0085006 -0.26480195 -1.0695924 -0.021492273 -0.31420383 -0.5540851 -1.1622119 0.87819093 0.12194068 -0.368483
D00440 0.65296596 -0.09803271 -1.726011 1.2564546 -1.4576684 0.92042345 -1.0171016 -0.57879055 -0.54794955 1.3713967 -0.49880072 0.17690723 0.2008654 -0.26060826 0.6359971 -0.3576192
D00604 -1.0849924 0.2946626 -0.4055842 0.09642481 0.70387524 0.17598636 -0.31469342 -1.1572776 -1.4850359 0.2205343 -0.13336618 0.38851005 -1.3911976 -0.23920175 0.4522858 -0.34246027
hsa886 -0.7252423 -1.1128122 -0.09393657 1.2766765 -1.3407059 0.9510454 -0.08748495 -0.36389655 -1.0961126 -0.71438855 0.23159356 0.64561266 -0.64937675 -0.3828187 -0.23193726 -1.7772641
D00965 -0.046935193 -0.89521235 -0.67356765 0.31250876 -0.2059567 0.27557224 -0.11141043 -1.2532016 -0.7170308 0.5468886 0.5715001 0.22284976 -0.4759128 -0.88549834 -0.1414369 0.50307643
D00465 0.7452264 -0.8345106 0.27778864 1.3378595 -0.49911654 -1.2614095 -1.207785 -1.2668757 -0.48145652 0.9429256 -0.047993314 -0.040921535 0.68573993 -0.027022757 0.29608595 -0.27662382
D06056 -0.5592515 -0.4255467 -0.07486824 0.9962162 0.19055432 0.39380598 -0.34648022 -0.5580364 -1.3605227 0.17781684 0.63659394 -0.36424303 -1.3096638 0.737556 -0.51136285 -0.49397483
D02082 0.8733617 0.41438434 -0.12009253 0.8366515 0.6896161 0.1892197 -1.5153184 0.041658476 -0.9491355 -0.41641933 -1.0313846 0.26917 0.38200867 -0.20323296 0.7957167 -0.25848252
D01717 0.8491751 0.17253613 0.5347567 0.21165712 -0.009146386 -0.6528958 -1.5188333 0.27264854 -1.1335782 1.1645187 -0.15087983 0.128841 -0.4994275 0.14259605 1.1072164 -0.21591932
D00295 0.5486614 -0.095000125 -1.7453296 1.2204453 -1.1856675 1.0264841 -0.9994991 -0.6671396 -0.6903407 1.3701168 -0.27471 0.0350592 0.20884776 -0.15215199 0.66581064 -0.3256603
D00765 0.8935699 0.11912513 1.0049187 0.45809078 -0.39817867 -1.0723816 -0.66731447 -1.2260368 -1.0671023 0.22417721 -0.50035006 0.56323683 0.3434979 -0.24343853 -0.12533611 0.20766175
hsa9283 -1.1175095 0.67880565 0.6768651 0.51459914 -0.55066496 0.4647344 -1.6242924 -0.15537803 -0.7708299 0.44489256 -0.27919775 0.74260026 0.14392969 -0.38000566 -0.14730583 -1.9616182
D02588 0.18651684 -1.0717987 0.43097958 -0.0953327 -0.39517227 0.9369177 -1.4343098 -0.3369366 -1.1208644 0.6089911 -0.14125045 0.16135274 -1.5019835 0.055231772 -0.856779 -0.07952939
D00410 -0.22486055 -1.2771777 -0.19029565 0.5508011 0.8910622 -0.6183115 -1.3213614 0.32632554 -0.7568398 0.5166706 0.71790653 -0.00809278 -0.21161711 -0.7182342 0.36317408 -0.1405349
D00525 0.60103226 -0.09483545 0.42672688 1.2451382 0.30282515 -0.7500963 -0.8792568 0.51312053 -1.3160179 1.000547 0.8319798 -0.4213212 -0.24773526 -0.31312793 -0.15033214 -0.5415999
D00306 0.74419427 -0.31654716 -0.29275012 0.70291644 -0.9743575 0.4695452 0.15758154 0.6349604 -2.2375648 0.48432937 0.43619913 -0.49662876 -0.367526 0.16823691 0.028723136 0.17982458
hsa1909 -0.6187279 0.650068 0.2184531 0.16890965 -0.55003583 0.043374546 -1.7060894 0.1967128 -1.8404021 -0.4148848 -0.79037184 -0.10339412 0.26486376 -0.56879777 -0.6273946 -1.4225059
D00443 1.4441252 0.21171561 0.6345298 0.75253826 -0.7087034 -0.06767241 -0.7764054 -0.9493321 -1.317873 -0.5236253 -0.7661219 -0.17848931 0.1559738 -1.4478998 -0.19469759 -0.19261895
D04375 -1.0229346 0.01958848 -0.43867415 0.13132977 0.52432543 0.23645458 -0.13623844 -0.99493575 -1.464602 0.20695135 0.26652926 0.21209069 -1.2142243 -0.07845351 0.3210423 -0.522702
D00542 -0.22257127 -0.6105502 -0.655595 0.3256911 0.05298177 1.3481537 -0.1946161 -1.5863409 -0.7617332 0.24001664 -0.7800653 0.5230878 -0.5192696 -1.2093443 0.33072537 0.6596284
D00954 1.0447009 0.36210504 0.4202067 0.33687678 -0.5312639 -0.673148 -0.38152048 -1.1042815 -1.1703532 0.1680934 -0.007355911 0.052113105 -0.14517012 -0.6822976 -0.123572394 -0.25190094
D01332 1.1376191 -0.016204435 0.001514807 0.4448295 0.058932908 -0.28435454 -0.86588275 0.35893884 -1.0134176 0.8748612 -0.70537055 0.28696454 -0.7208173 0.12776217 0.7244255 0.00016946746
D01692 0.26579353 0.13605215 -0.21244447 0.5743223 -0.575884 0.060922388 -0.20225339 -0.49815148 -1.5554291 0.60006607 0.47501713 -0.40611404 -1.0275007 0.40004075 0.18839563 0.24917834
D01071 0.2923771 -0.8560197 0.36446851 0.32475114 -0.67267996 0.99395174 -0.3650466 -0.9254015 -1.0472635 0.013099962 -0.55231327 -0.3730802 -0.21969594 -1.4077936 -0.062182214 0.36029032
D00688 -0.0664885 0.051244557 -1.5700473 1.3593447 -0.24043812 -0.33178473 0.26546 0.33233917 -1.76773 -0.16934693 0.2814928 0.6110187 0.51479834 0.032863215 -0.38635808 -0.70699406
D03365 0.33461645 -0.5647106 0.40126145 1.107659 0.79757476 -0.6919778 -1.1137358 0.22464949 -0.7219954 1.1352919 0.99524826 0.0036907664 0.12151218 -0.75321954 0.38840657 -0.5137429
hsa1241 -0.3586019 -0.44293955 1.429276 1.3989584 -0.184147 1.1426039 -0.09312069 0.14623435 -0.76887417 0.33936468 -0.2726468 0.89215887 0.22549899 0.025640327 0.99330276 -1.5648705
D00760 -0.15813233 0.54631656 0.20900403 0.41186085 -0.53408116 -1.0436116 -1.2657939 -0.66738456 -0.99231774 0.20296577 -0.3855915 -0.08962846 0.3099091 -0.10666215 0.009378847 -0.38020593
D00426 -0.0046655415 -0.5404017 0.6239491 1.2962115 -0.16667637 0.77538186 -0.914561 -0.54336846 -0.29856312 0.77769184 -1.6601312 0.40190974 -0.94605976 -0.035715993 0.13096671 -0.03857187
D00559 -0.13706982 -0.34456727 -0.23387319 0.3904472 0.16237806 0.12379585 -0.7609928 -0.60970956 -0.2753971 1.2014543 -0.49745497 1.2760379 -1.6744741 0.4581596 -0.55181026 -0.26789245
D00139 -0.26083547 -0.4471309 -0.16382699 1.0821766 -0.02318291 0.32934147 0.031516857 -0.37196657 -0.9988687 0.37454286 -0.7176255 -0.027360654 -0.22588801 -1.1594205 0.53021187 0.89141464
hsa4543 -0.33870032 -0.7984148 0.73440284 0.6298628 0.426466 -0.12835512 -0.32976553 -0.04375034 -1.0275384 -0.2712662 0.6541189 0.3980387 -0.8333035 -0.2889757 -0.779747 -1.2920878
hsa552 -0.59229517 0.007973683 0.23890471 0.878097 -1.3390287 0.07460001 -0.34484717 -0.18485487 -0.80553585 -0.341957 -0.14911179 1.3369381 -1.1107773 -1.1821698 1.091951 -1.2657106
hsa56413 -0.116971225 -0.028601693 1.3037413 1.3368311 0.06478515 0.75062567 -0.3026048 0.41579956 -0.95503044 0.17233959 -0.07984053 0.4346759 -0.15895444 -0.19554088 0.8277239 -1.6043454
hsa5032 -0.014691828 -1.0819684 -0.01420638 0.498668 -0.47038537 1.4529976 -0.23808272 -0.52522624 -1.3632889 0.48571077 -0.33652145 0.5672399 1.4333541 -0.50658846 1.3083696 -0.15357599
hsa1268 0.7600724 -0.52444595 -0.27878252 0.58540195 -0.87533593 0.77060413 0.23335777 0.7410545 -2.0870197 0.6165003 0.23261595 -0.50918645 -0.16665299 0.066541426 0.18381156 0.3132297
hsa23620 -0.033656985 -0.5232622 -0.32175738 0.53007793 -1.1787865 1.128849 -1.3753376 -0.35187003 -1.3872094 -0.30849603 -0.32375756 0.27540997 -0.5441206 -0.5046355 -1.403336 -1.2506434
