hsa154 0.85883385 -0.08891515 -0.752812 1.0238352 0.9321903 -0.5267059 0.6110012 -0.44020632 0.38086793 0.20068942 -0.41398048 0.7628767 0.50261605 0.38166282 0.3912744 -0.28955784
hsa148 0.47389752 -0.16954525 -1.1164534 0.42565134 0.33661315 -0.3564269 -0.43217388 -0.44276768 -0.0022394038 -0.13591188 -0.07659163 0.39525118 0.27856225 0.47093788 0.30313504 -0.3283135
D00283 -0.33101076 -0.63100344 -0.8881047 0.8387436 -0.43336582 0.22882144 -0.17787838 -0.8255725 0.15050688 0.41408554 -0.40030915 0.22580713 0.10764437 0.34606612 0.48517248 -0.2743079
hsa150 0.06637693 -0.37735474 -1.0730761 0.6336163 0.58274144 -0.25050107 0.098754704 -0.43426335 -0.4315751 -0.11475346 0.080697164 0.5165639 0.11495532 0.062392868 0.54511434 -0.3213889
hsa153 0.7177576 0.30932444 -0.9591257 0.9984266 0.7624732 -0.29574373 0.39872426 -0.53101283 0.4059828 0.36847585 -0.3527967 0.6416287 0.49550757 0.28973433 0.2229477 0.14951414
hsa1128 0.42599297 -0.5017763 -0.09918644 0.6479925 -0.7096764 -0.32366037 -0.48966885 -1.2543359 0.12098891 0.6949355 -0.6027408 0.17006676 0.51227444 0.32168305 0.36931297 0.03585021
D00454 0.034926616 -0.16600299 -0.6801438 0.77827764 0.22486366 -0.32828838 -0.31400296 -0.7171521 0.010859111 0.5464538 -0.13811678 0.32516408 0.0435285 0.34381396 0.55733925 -0.2278885
hsa3269 -0.20288698 0.1951262 -0.97256124 0.21328697 -0.21072403 -0.22675675 -0.6431192 -0.9460303 0.09138511 0.9420555 -0.8933335 0.13532707 0.33264273 -0.45384395 0.5362199 -0.28523973
hsa151 0.20552558 -0.4332145 -1.2974876 0.3799806 0.42712343 -0.20426393 -0.26992714 -0.7640597 -0.29090312 0.049606904 0.12360343 0.5410435 0.16823503 -0.048918277 0.45385483 -0.25046948
hsa146 0.2164703 -0.40795672 -0.9885976 0.5824904 0.3070911 -0.51166856 -0.5033996 -0.77256066 -0.28606007 0.21660529 -0.055349894 0.59224826 0.17462264 0.10941891 0.30321264 -0.54035836
D00528 -0.20180006 -0.44749236 -0.7783369 0.11401862 0.16979314 1.2186935 0.051720876 -0.034051523 -0.78525466 0.3224467 -0.35710526 0.40779233 1.1821339 0.07205276 1.5714575 1.4832437
hsa147 0.40828776 -0.19757634 -1.2307776 0.77433336 0.3728607 -0.34130573 -0.20074639 -0.8056908 -0.054229897 -0.037107807 -0.048791565 0.43490487 0.26796654 0.49677247 0.25216922 -0.37978312
hsa1813 0.08585109 -0.55691856 -0.44778684 0.78132266 0.35759956 -0.1593125 -0.91818535 -0.20797496 -0.5598066 1.268057 -0.44726163 0.18066934 -0.023985364 0.23144081 0.1335185 -0.29214692
hsa1129 0.39324662 -0.11673612 -0.08232369 0.67377824 -0.7248021 -0.5615541 -0.2747327 -1.2052518 -0.30056882 0.4264385 -0.52291983 0.44839206 0.6800944 0.120127164 0.65169704 -0.4241254
D02361 0.061268184 -0.107644156 -0.53102696 0.552142 -0.2751343 -0.35836217 -0.4349196 -0.9822134 -0.21147244 0.91913384 -0.4021776 0.39250073 0.37023476 0.19459021 0.27401522 -0.38311133
D00726 0.102877885 -0.6419208 -0.56023216 1.1142164 -0.64671534 0.5855331 -0.2593991 -0.7906222 -0.059641186 0.60504353 -0.6176499 0.0155304 -0.035665177 0.3503971 0.18734246 -0.12979081
hsa3356 -0.103474334 -0.28218237 -0.4031306 1.111764 -0.16445515 -0.28551763 -0.60944164 -0.51279354 0.08148704 0.64899814 -0.42079338 0.32461187 0.19820794 0.1757892 0.4616429 0.09920056
D00494 0.42448044 -0.10392731 -0.6192728 0.5780349 -0.23726732 -0.5521982 -0.66184783 -0.79995155 0.041404035 1.1604162 -0.059421025 0.03268223 0.8794238 -0.14769 0.64308304 -0.18542725
D02354 -0.27999714 0.17222475 -0.2823216 0.7811367 -0.011263971 -0.4726833 -0.46064574 -0.834455 -0.3147063 0.80397856 -0.30341092 0.47696376 0.21725512 0.2277889 0.70296204 -0.46364167
D00270 -0.17895709 -0.054604296 -1.0294383 0.4354545 0.43232736 -0.13514632 -0.6243759 -0.5354178 0.08609924 0.80326486 -0.10069148 -0.044586144 0.39338124 0.14292516 0.69856274 -0.22873639
hsa155 0.5549428 0.107553944 -0.99647087 0.692206 0.862588 -0.42195252 0.4860854 -0.5706007 0.13352713 0.2685257 -0.12884642 0.3467335 0.5537297 0.80438733 0.36912924 0.08535896
hsa152 0.21499722 -0.7695958 -1.376794 0.3316454 0.7327976 -0.13060634 -0.27203935 -0.6407422 -0.5505458 -0.40330017 -0.12268744 0.67811084 0.09389271 -0.08217014 0.54936445 -0.66878283
hsa1812 0.25564468 -0.2229351 -0.3514754 0.655216 0.1904639 0.015169483 -0.34143728 -0.6194178 0.037203573 0.97760683 -0.03488736 0.16738158 -0.037369497 0.2474547 0.91842914 -0.49524945
hsa1814 -0.34904248 -0.59129417 -0.77696204 0.54238504 -0.09091815 0.13453697 -0.73218054 -0.21673967 0.11846514 0.928383 -0.4280588 0.48105693 -0.35626695 0.396047 0.70040953 -0.035778105
D00996 0.5230043 -0.24292205 -1.1789984 0.3398298 0.8088765 -0.44433236 0.5063856 -0.7881413 -0.043195143 0.1469446 0.04659482 0.68916416 0.28758615 0.39351085 0.36925972 -0.42901447
D00493 -0.354356 -0.40024877 -0.77584434 0.28775305 -0.08771885 -0.086504504 -1.2873107 -0.23823969 -0.10257909 0.94779307 -0.39923152 0.6503233 0.23569602 0.35237896 0.33578688 -0.24621776
D02149 0.64613724 -0.35389942 -1.0645322 0.32032928 0.62750566 -0.29974777 0.12375612 -0.7869493 -0.04776037 0.0806826 -0.37500563 0.49149948 0.20704924 0.22033791 0.16539142 -0.5572745
hsa4988 0.9829922 0.06007786 0.03881317 0.79463995 0.2601294 -0.47206852 -0.38963044 -0.7865588 -1.3912898 -0.52432233 -1.3324114 -0.061608125 -0.17001674 0.5353132 0.76390606 0.20438756
hsa3577 -0.16536471 -0.19668014 -0.19882393 0.3331109 0.77762383 0.48325306 -1.0282166 -0.25352985 0.29660743 -0.21799158 0.008384198 0.3195033 1.3291649 0.401924 0.8652977 1.1307601
D00775 0.39808485 -0.8070918 -1.354426 -1.013138 0.8934913 0.40318805 -0.43235037 -0.75923073 0.6509269 0.4223481 -0.694887 1.6512918 -0.43856633 0.93252695 0.45889372 0.28748512
hsa185 0.065684706 0.63460875 -0.69009125 -0.06225727 -0.1285933 0.47938478 -0.5921982 -0.35495254 0.100296065 -1.0199406 -1.0479983 0.31162778 1.021921 -0.020157509 1.2397662 0.22405303
D00255 0.28916004 -0.07531054 -1.1453335 0.76512516 0.5792901 -0.6153393 -0.18572223 -0.5878292 0.17272745 0.15342133 -0.04073054 0.36788598 0.72244114 0.33109698 0.24334283 0.06210522
hsa1131 0.24212655 -0.43985903 -0.13550147 0.95059407 -0.48696476 -0.94535816 -0.5260747 -0.83566093 -0.008838134 0.85763896 -0.6622361 0.7932702 0.47229838 -0.18368264 0.72650456 -0.24656868
D01713 0.3606317 -0.28642544 -1.4455539 0.6210942 0.12516977 -0.12197633 -0.18552347 -0.4250061 -0.1475803 0.10814238 0.36033878 0.7444644 -0.06703872 -0.20662472 0.5131392 0.10075162
D01973 -0.9379253 -0.5906181 -1.1080282 0.72496593 -0.19610529 0.20928793 -0.37624913 -0.46297127 -0.2349293 0.39292508 -0.75358135 0.5352566 0.35041118 0.44998446 0.03549429 -0.5695137
D00437 0.3218203 -0.29673254 -0.80396146 0.576138 0.6101567 -0.46140337 -0.113561735 -0.3636126 0.33440804 -0.04716801 -0.008057419 0.30403864 0.41288638 0.6971966 0.7961061 0.17504954
D02340 -0.19884041 -0.7204123 -0.81615716 0.38219076 0.20506558 0.13900475 -0.9137552 -0.3174186 0.07602826 0.84056044 -0.21801889 0.36535928 -0.045270734 0.2440827 0.3792464 0.19123018
D00560 0.30091116 0.14901944 -0.51405156 0.9432065 -0.03125911 -0.039268456 -1.0307907 -0.06909465 -0.3203183 0.7026683 -0.44887713 0.5229907 -0.43608448 0.19916324 1.0198681 -0.5004109
D01051 -0.17125706 -0.5401154 -0.90445113 0.517465 -0.19121838 -0.36463133 -1.0154041 -0.8010125 0.15368117 -0.2976515 -0.72870183 0.5411502 0.11684831 0.42099434 0.53011644 -0.48291844
hsa3274 0.83178324 -0.016173191 -1.8683561 0.7521572 -0.5840292 0.6736315 0.008955869 0.19916911 0.20451124 0.71662784 -0.09286535 0.7438096 0.09142508 -0.3395635 0.8526477 0.8315767
D00503 0.048116412 -0.45024747 -0.8022323 0.2583205 -0.09821875 -0.18306428 -1.1323681 -0.34679207 -0.2681276 0.88889813 -0.0987409 0.5400229 -0.043410644 0.4372956 0.6121034 -0.54900587
hsa3351 -0.62490577 -0.5266969 -1.1867847 0.69418204 -0.41237026 0.6249651 -0.044221144 -0.5620325 0.06285223 0.50442696 -0.8082853 0.11523822 0.39771345 0.36399204 0.46766186 -0.7359978
D00136 0.044636305 -0.48096842 -0.59048116 0.26025355 0.23456404 -0.053391 -1.2430577 -0.5876543 -0.33357 0.24901555 -0.6140813 0.6551669 -0.3806622 0.067018345 0.29201138 -0.33007234
hsa3352 -0.5647933 -0.69810593 -0.91730046 0.52532643 -0.6619191 0.93126345 -0.019405758 -0.4665407 0.27867192 0.33912277 -0.8844359 0.42991233 0.34853765 0.26389152 0.2182811 -0.6472554
D03621 -0.26642138 -0.42055815 -0.039514557 0.49277875 -0.17674974 -0.39533585 -0.40167952 -1.4354403 -0.36582372 0.5585315 -0.57837415 0.42620003 0.058799274 -0.45088956 0.7693856 0.26486823
hsa3358 -0.61583054 -0.11906524 -0.37454274 1.202456 -0.1564504 0.05023775 -0.5507162 -1.2057049 0.091353826 0.43000898 -0.49314487 0.44037107 0.095865406 0.4365254 0.3521588 -0.13218276
D02671 -0.5695455 -0.231754 -0.7887538 0.58906525 0.39817455 0.2012273 -0.7263063 -0.04609959 -0.27926657 1.0113086 -0.47239232 0.44269305 -0.014313671 0.18544927 0.33524188 -0.25371474
D00563 -0.1996731 -0.42057943 -0.48805016 0.60334605 -0.17860582 0.05012298 -0.6919545 -0.9035587 -0.067524835 0.5257889 0.046949517 0.5682315 0.1701759 -0.22941384 0.73682296 0.17773484
D00180 0.1612072 0.07725751 0.3860747 -0.41525432 0.12177965 0.80563754 -0.22362038 -0.5615927 -1.6672273 0.5438486 -1.0280412 2.6015058 1.146426 0.62535745 0.40330744 0.49966076
D02356 0.588334 -0.611309 -0.77003545 0.45341069 0.025386976 -0.55955184 -0.13327023 -1.164167 -0.17927445 0.048320137 0.07078058 0.60779494 0.38636976 0.096030556 0.36413828 -0.5464364
D02070 0.6641381 -0.3224372 -0.03755524 0.58272535 -0.5708379 -0.9387066 -0.0149427205 -1.074304 0.6082632 0.80971617 -0.46632862 0.67338526 0.6369797 0.379563 0.833454 0.0015516467
D01295 -0.236943 -0.5189451 -0.30596337 0.84916985 0.24479927 -0.29683873 -0.6470376 -0.50496066 -0.17090781 1.0566077 -0.79711163 0.7522703 -0.4843568 -0.40704522 0.7465995 -0.58403397
D01358 -0.2501697 -0.46895933 -0.9299659 0.6090983 0.036673818 -0.15733258 -1.0487157 -0.81457484 0.045020416 0.2623167 -0.029523661 0.6036744 0.18063302 -0.23845562 0.61890686 0.14447598
hsa1816 -0.17515881 -0.12514795 -0.71723574 1.11836 0.33435294 0.021307822 -0.23648533 -0.553915 -0.0020386179 0.8457746 -0.10573352 0.24653196 -0.2894516 -0.009074618 0.8443514 -0.08186207
D03858 0.08740436 -0.66214 0.255162 0.6193944 -0.57940084 -0.50456804 -0.8456028 -0.6788318 -0.051519554 0.0673871 -1.2325273 0.6636247 0.22174074 -0.19165495 1.1690544 -0.2278921
hsa1132 0.40771025 -0.1297965 -0.2220972 0.7947284 -0.5819422 -0.72602946 -0.49301833 -1.0430244 -0.11541594 0.9082309 -0.42591536 0.49459752 0.6765392 -0.11411112 0.35108286 -0.26083675
D00281 0.21715881 -0.46386868 -1.4439211 0.42751408 0.40967476 -0.029696936 -0.16397665 -0.6646717 -0.41898555 -0.22796486 0.065353766 0.5392675 0.07829838 0.23474437 0.53965235 -0.6565734
D01390 0.56850374 -0.09083301 -1.374046 0.83705354 0.82761264 -0.3846629 0.96914726 -0.6710946 0.17785957 0.50017995 -0.16259746 0.5922789 0.3420561 0.8334425 0.41204596 -0.08247856
D05129 -0.5589847 0.44848236 0.08166975 -0.42297634 0.10499387 0.73347884 -0.13578355 -0.48688367 -0.7462835 0.8174274 -1.3510442 0.5413649 0.8996453 -0.52869403 1.0311698 -0.1745965
hsa3355 -0.46112716 -0.50710315 -0.8472628 0.6964617 -0.3815327 0.48467833 -0.38727143 -0.6741492 -0.108765066 0.6115697 -0.6787324 0.32037443 0.3098193 0.6524311 -0.09839344 -0.5056061
D01164 -0.4187897 -0.409275 -0.7517469 0.87351406 -0.04130821 -0.1253757 -0.6937776 -0.3488838 0.17830932 0.7508663 -0.3825466 0.6701509 -0.087053284 0.7541456 0.4068762 -0.30886152
D00609 0.24146593 -0.5681282 -1.207147 0.64302826 0.3459865 -0.26232377 -0.37778395 -0.8891941 -0.39629596 -0.41416055 -0.42062917 0.51278293 -0.24965267 0.01405483 0.1949368 -0.11971573
D00095 0.6767485 0.1975547 -1.1526057 0.4097358 0.92762506 -0.44292992 0.7646869 -0.41604897 -0.05380066 0.48332378 -0.09229077 0.6274026 0.32316825 0.42284903 0.79194987 -0.5217249
D02150 0.6540782 0.22636138 -1.1171345 0.4695419 1.0115873 -0.42788985 1.06948 -0.71602523 0.11843059 0.7025627 -0.28398955 0.4320161 0.29877096 0.7195447 0.5327429 -0.049204316
D00483 0.54822046 0.16415237 -0.9137323 1.0982033 0.76769656 -0.22641899 0.5835975 -0.66813475 0.34240934 0.308292 -0.06159105 0.47687244 0.6941282 1.0825187 0.2611971 0.03851549
D00480 0.07141466 -0.08330682 -0.89882123 0.1648526 0.037033305 -0.6185738 -0.44960898 -1.0693643 -0.31666842 1.1227423 -0.34864902 -0.16135107 0.71549445 -0.11776334 0.39487416 0.1185379
D03879 0.3813298 -0.4147355 -0.89084524 0.85752094 0.9680423 -0.4319574 0.6861437 -0.5883474 0.365253 -0.0007817191 -0.436385 0.8637405 0.5631945 0.09725638 0.14528376 -0.28286138
D00509 -0.10139476 -0.44965956 -1.1118068 0.6673864 0.6674928 -0.3218016 -0.084976174 -0.96385926 -0.19204488 -0.2861117 -0.03474405 0.80799115 0.27733457 0.12373262 -0.09877167 -0.21216224
hsa3350 -0.57246274 -0.61532843 -0.7444589 0.62859505 -0.20340517 0.14605884 -0.27846393 -0.5917301 0.24655667 0.12742375 -0.8148195 0.4393257 0.057274334 0.59998304 0.4078061 -0.3679084
D00079 0.3344051 0.075386554 0.38589686 -0.5595911 0.088188514 0.5226276 0.022362024 -0.6315263 -1.5782567 0.41677555 -1.1052454 2.470992 1.2604687 0.5847093 0.39075896 0.5325786
D01603 0.3364723 -0.5762424 -1.2393888 0.39304024 0.51512516 -0.4277309 -0.53529453 -1.115359 -0.52131665 -0.10709615 0.038244653 0.42919657 0.29999128 0.061696596 0.3585705 -0.5346373
D01454 0.7372439 0.34136054 -1.1216453 0.9615441 0.9905619 -0.47745597 0.8233958 -0.55537045 -0.04559717 0.15574749 -0.39277735 0.41728 0.2280923 1.0948377 0.668854 -0.004688636
D00371 -0.06642749 -0.9724759 -1.5358721 0.023745837 -0.07759453 0.58240306 0.75369066 -0.020414442 -0.68272644 0.26166484 -0.4990197 0.45543498 1.170502 -0.07718014 1.5640571 1.5604838
D03274 0.04119856 -0.07383554 -0.85559565 0.786046 0.8691666 -0.1542596 -0.47680005 -0.32009554 -0.17122653 -0.18180563 -0.121848196 0.29462707 0.18973562 -0.1882447 1.3011395 -0.7269579
D01024 0.15469107 -0.23213845 -1.2133747 0.2978857 0.26599744 -0.53566355 -0.6796698 -1.3867866 -0.50723106 0.2589337 0.12860668 0.14473775 1.1338067 0.16746022 -0.020024274 -0.4369914
D00607 0.24627282 -0.5440941 -1.5883962 0.24195191 0.5298445 -0.49097836 -0.3353672 -0.6081908 -0.42593986 -0.10223718 -0.14366737 0.47748405 0.08590196 0.2834645 0.21227926 -0.1379424
D03881 0.82444096 -0.159136 -1.0045731 0.7464097 0.7051393 -0.44332546 0.6020329 -1.0352273 0.35318306 0.15079473 -1.0955433 0.38631707 0.36425826 -0.25192225 -0.41099083 -0.020403642
D00411 -1.0052013 0.075403646 -0.11140354 0.5108365 0.40050876 1.1435233 -0.4773976 0.16398539 -1.1167785 0.4638045 -0.9486783 0.16902724 0.6912848 0.24157499 1.073014 -0.38023195
D02327 -0.1764955 0.18162724 -0.36974278 0.41063133 0.021366224 0.06648087 -0.41925013 -1.1788908 0.43564287 0.42727646 -1.7266366 -0.3416585 0.5376739 -0.3228063 0.28691083 -0.27603042
D00613 -0.34397045 -0.30996427 -0.7732956 0.8222015 0.8630787 -0.28971198 0.40735564 -0.6860789 -0.2481614 0.13713518 0.0089110825 0.8652927 0.19013521 -0.33568683 0.575431 -0.11971678
D04979 -0.6511901 -0.12696713 -0.9501792 0.31053346 0.06660109 -0.4393989 -1.3214144 -0.3548352 0.26973107 0.8387059 -0.5086778 0.522476 0.19867863 0.016632102 0.9438048 0.036822
D02578 -0.22424313 -0.32728967 -0.11623696 1.5119882 0.34959674 0.67763805 -0.25308344 -1.5587375 0.21925692 -0.12371261 -0.119172595 0.44496444 0.7168939 0.63784665 -0.14447653 0.43252626
D00790 -0.17674617 -0.6131742 -0.5629419 0.76133627 0.40096077 0.11128478 -0.40020853 -0.42760858 -0.12704909 1.179028 -0.038398128 -0.20201227 0.7522658 -0.017179888 0.7930386 -0.42736357
hsa5731 0.1078053 -0.28872108 -0.04228599 -0.15725027 -0.019193966 0.86606777 0.035330128 -0.22690621 -1.6350579 0.51038295 -1.0724673 2.4454472 1.2446696 0.6726444 -0.20908865 0.60946196
hsa3360 0.45046708 -0.14684334 -0.8775249 1.1302682 -0.18670462 0.65450007 0.20109831 -1.1913949 -0.16336267 0.5767293 -0.6567825 0.10332852 -0.6652322 0.18991262 -0.018157091 0.1928699
D00234 0.6144323 0.38782835 -1.151479 0.7018505 -0.42236236 0.25931063 -1.3105514 0.10433358 -0.056000285 0.87405324 -0.4688561 0.7719818 0.41426992 -0.50349563 0.4432706 -0.8195035
D00632 0.44707614 -0.17952159 -0.7366801 1.4399604 0.9098844 -0.1571307 0.5525495 -0.6121751 0.14945157 0.0066928235 -0.4652124 0.9226392 0.6998231 -0.24325202 -0.20570423 0.121475264
D01118 0.22024754 -0.0007657404 -0.69745314 0.19704422 -0.07663997 -0.77715874 -0.37957156 -1.3189325 -0.28396565 0.6999551 -0.051556412 -0.2226699 1.2782055 0.3538493 0.48071292 0.2331097
D01352 0.6907171 -0.29907715 0.42559734 0.0034185185 0.53691256 0.8427623 0.36699164 -0.35742724 -1.7285221 0.25837103 -0.9149246 2.4622176 1.2695113 0.6053143 0.075449675 0.6361528
D02237 0.14656967 -0.56146413 -1.2083652 0.42528567 0.29104933 -0.22483204 -0.17858168 -0.7446333 -0.7111451 -0.43153247 -0.10638764 0.47027236 0.31279844 0.005488307 0.28412628 -0.5706702
D02884 0.40306246 -0.8385136 -1.3757889 -0.20548008 0.08787499 0.966048 0.6333666 0.0037099575 -0.6342199 0.44114554 -0.5208752 0.4361328 1.3882215 -0.0009427937 1.2311811 1.5309417
hsa5739 0.19168101 0.17025173 0.21850865 -0.30334288 0.3680451 0.91093737 0.068923935 -0.6310804 -1.5096518 0.12699862 -1.1646655 2.4183013 1.5276396 0.42328724 0.21512105 0.5934131
hsa1133 0.31098822 -0.12710188 -0.3813212 0.70245236 -0.4089687 -0.7583585 -0.29202703 -1.233339 0.110438816 0.81058735 -0.6421584 0.46285152 0.42159984 0.14388607 0.6094972 -0.09314102
D03966 1.1076396 -0.9182238 -0.64228165 -1.3215169 0.7561082 0.60713774 0.18304609 -0.1544544 -0.06931723 0.39148772 -1.2065076 1.4573784 -0.08265052 0.77347195 0.68411696 0.82174474
hsa134 0.31968826 -0.34481338 -1.3183994 -0.5176138 -0.09068089 0.98976296 0.78859556 0.2840777 -0.4572213 0.43506542 -0.35618395 1.0853158 0.93371195 -0.083216116 1.0827849 1.0759826
D00059 0.26565877 -0.32962602 -0.45229688 -0.18480971 0.92217326 0.47154713 0.2321583 -0.52144706 -0.28989077 1.2802463 0.010260032 0.5196881 -0.0734853 0.16935366 0.58639026 -0.7910569
D00419 0.46470162 0.35414937 0.6614806 -0.44368833 -0.34242174 0.49013585 -0.27895305 -0.5618207 -1.5975891 0.54501814 -1.4332144 2.6638923 1.3349094 0.46798775 0.4503314 0.33028322
hsa222545 1.2334895 -0.96215445 -0.3646896 -0.91842955 1.137766 1.3353885 0.80450606 -0.66958535 -0.31675088 0.7458656 -0.85752666 2.1173038 -0.18798196 0.20983136 1.0072656 -0.10860415
D02359 0.64427143 -0.026077427 -0.19886304 0.991605 0.6521874 -0.38621065 0.22431336 -0.92962974 0.3918123 0.4437958 -0.42480385 0.746276 1.3011485 -0.21133427 -0.26735336 -0.34805554
D02614 0.54351914 0.03611912 -0.25877595 1.4391271 0.48504007 0.08410549 0.14481531 -1.0619276 0.4878079 0.049944147 -0.099179514 0.7540446 0.8190822 -0.06729941 -0.08819795 0.054295447
hsa8843 0.7166147 -0.7641843 -0.08962984 0.4691254 -0.9677572 1.2040453 0.28471047 -0.94364613 0.07998738 0.8390713 -0.74533564 -0.33331296 0.5814467 0.46965438 1.1016462 0.385715
hsa4986 0.5209717 0.21896255 -0.03578666 0.43896055 0.055780932 0.032311242 -0.9712839 -0.22787726 -0.39436984 -0.29240373 -0.91642296 0.034597587 -0.112891674 1.0894556 1.4018912 0.22813493
D02721 0.38117132 -0.20173334 -0.20923336 -0.5106102 -0.13825296 0.36255667 0.2687511 -0.3547946 -1.7014831 0.5164507 -0.533612 2.3788695 1.2678919 0.5270254 0.049017146 0.53816783
hsa64805 -0.72456396 -0.10805087 -0.12929554 -0.09725193 0.42447442 0.5050101 0.15034094 -0.7781468 -1.4566946 0.44929925 0.122073404 0.9762291 1.0102769 -0.10066303 0.93537575 0.8051431
D02374 0.87433004 0.089431 -1.001297 0.954974 0.6038786 -0.24130678 0.8912839 -0.6019703 0.23098709 0.3100236 -0.18435651 0.31735718 0.43908113 1.0911443 0.6508223 0.19944602
D00665 -0.39537543 0.2850383 -0.88067603 -0.06812933 0.44420746 0.7831572 -0.38681072 -0.8983098 -0.11687799 0.5072747 -1.3298684 0.101672016 0.5552099 -0.67648685 0.1778142 -0.65017027
D01020 0.5928428 -0.1867801 -1.3104721 0.09339717 0.39832455 -0.30476886 -0.039786678 -0.8512797 0.6213746 0.25298023 -0.12673762 0.92476416 -0.05641165 0.70426846 0.35343117 -0.24070144
D00604 -0.042985674 -0.5070227 -1.358111 0.19105591 0.47762692 0.11123885 -0.12163835 -0.77593994 -0.6510485 -0.19379926 0.07163585 0.4850502 -0.023276815 0.16992891 0.6927868 -0.6082096
hsa136 0.0660287 -0.6222963 -1.4122506 0.22018231 -0.13226485 0.92099893 0.5832454 0.35089442 -0.76524657 0.53173673 -0.33276328 0.6081357 0.9873111 0.15436372 1.4612215 1.7380152
D00110 0.6283835 -0.25980002 -0.13071275 0.36102474 -0.43000987 -0.24886851 -0.6154448 -0.45073235 -0.09468396 0.569788 -0.38798863 -0.049822137 0.032096792 1.2662541 1.2779539 -0.13870767
D00336 -0.408858 -0.029056666 -0.626229 0.63549864 0.27291498 0.643867 -0.84418994 -0.34642443 -1.0797275 0.23625407 -0.6966953 0.5926214 0.5200262 0.2441741 -0.7438789 0.11414446
D02342 1.4825196 -0.33859116 -1.1202596 1.1739403 0.9875428 -0.40815556 0.5712558 -0.29121795 0.9219805 0.47505385 -0.46787858 0.7253381 0.7597506 0.07770268 0.31136236 0.11950524
D04034 -0.009307096 -0.06936035 -0.90901273 0.98206896 0.9967447 0.2932609 -0.49062198 -0.33932984 -0.11535576 -0.38584402 -0.09554469 0.40362233 0.4877189 -0.46693578 1.3531054 -0.5997448
hsa6752 0.9283401 -0.16448979 0.656211 1.196051 0.83639824 0.13305159 -0.39105073 -0.04668486 -0.8484204 -0.38310316 -1.1477822 0.4496283 -0.06908311 0.854689 1.5031823 -0.3300099
hsa10800 -0.783048 0.0634419 -0.21354067 -0.06967165 0.45342577 1.4356285 -0.44488633 0.23404258 -1.1261744 0.653639 -1.0811782 0.18806766 1.0539845 -0.35262877 1.0817019 -0.058194004
D00540 0.5214385 -0.02564028 0.15473506 0.40530264 -1.0159496 -0.4856362 -0.43194142 -1.1930568 0.10635242 0.6785795 -0.5146048 0.6935222 0.756637 0.7691642 0.9611163 0.015001757
hsa4985 0.8966595 0.09927471 -0.31087187 0.96751875 0.0030111428 0.17484488 -0.964448 0.14065188 -0.6936631 -0.113013886 -1.0949042 0.047605895 -0.39789417 0.87441707 1.0954552 -0.2362626
D00676 -0.62378323 -0.22056018 -0.6914886 0.85738844 -0.26527852 0.97861236 -0.1588094 -0.933607 0.4952419 0.48789164 -1.6005318 0.05720395 0.6050474 0.28378823 0.042995855 -0.70619553
D05312 1.1670325 0.65721977 -0.25316456 0.867618 -0.1579568 -0.18291725 -0.6330814 -0.42926964 -0.9190666 -0.6250573 -1.0979273 0.29066843 0.014844316 0.909093 0.8978537 0.34792274
D00426 0.38341165 0.19175534 -1.2106764 0.58293366 0.13301791 -0.26062444 -1.0554316 -0.7102945 -0.2934186 0.0030152542 0.08055706 0.7582537 0.28370464 0.33667415 -0.02096207 -0.3272299
D02147 0.7178099 0.2621336 -1.402895 0.76197284 0.72802186 -0.4669931 1.0719968 0.035484925 -0.33860117 0.2574928 -0.2944837 0.5877961 0.23142731 0.57900953 0.5662959 -0.27737677
D00106 -0.16364235 -0.26890633 0.26499435 -0.33428764 -0.0028355685 0.7710266 0.118701816 -0.5654797 -1.8058066 0.513378 -0.20673063 1.9758596 1.3014598 0.41201624 0.67486906 0.870603
D02338 1.3684318 -0.31783098 -0.96836454 0.9576974 0.83699787 -0.34932965 0.35554826 -0.42687252 0.90559167 0.23341405 -0.29306903 0.95216614 0.69291335 0.8699401 0.16957878 -0.10422587
hsa5737 0.59240836 -0.019494697 -0.017904216 0.15324661 0.14003156 0.7104858 0.1595906 -0.2820428 -1.6623943 0.55218387 -1.3395128 2.5636234 1.8255984 0.25456393 -0.5652912 0.4308822
hsa5733 0.5377896 0.45027396 0.39918646 -0.15672201 -0.28748196 0.48944142 -0.34454504 -0.40825152 -1.7335312 0.49240655 -1.8550485 2.263374 1.4973536 0.3585415 -0.0802542 0.20222418
hsa2918 1.1861205 -0.8581533 -1.0813053 -1.3242644 1.0542022 0.7928374 -0.016858315 -0.21095835 0.14897284 0.5605656 -1.4471371 1.5114789 -0.19124435 0.565828 0.7839534 0.48365688
hsa59340 0.5404163 0.19773105 -1.49482 0.5785852 -0.902671 0.47523272 -0.84231234 -0.07664471 0.26567018 1.0663902 -0.45654485 0.5968899 0.61679393 -0.40410402 0.38020703 -0.40193334
D00521 0.25558034 -0.35241437 -0.06395538 0.81042314 -0.44465137 -0.40576813 -0.87338203 -0.18140912 -0.16158095 0.5044831 -1.1003832 0.4568032 0.062426105 -0.41619807 1.0626572 -0.95182097
D02725 0.48590708 0.07526004 0.25686622 0.12442493 -0.18366335 0.61164683 -0.09437263 -0.19151281 -1.7019142 0.783032 -1.7148991 2.3447995 1.5026016 0.39731303 -0.29218337 0.17022005
D00432 0.7220856 0.42660728 -1.1585968 1.3029404 0.9486586 -0.50641656 0.74555826 -0.5467016 0.14033309 0.10039392 -0.635528 0.3677189 0.29681483 0.87566906 0.3176207 0.66033906
hsa1815 -0.47967872 -0.33251476 -0.6190789 0.7204181 -0.1807518 -0.5162346 -0.51343364 -0.84544533 -0.19430439 0.92060053 -0.4802591 0.3936164 0.13718191 0.18229315 0.45495024 -0.1769168
D00227 -0.014126778 -0.47366282 -1.3607944 -0.29565504 -0.32752287 0.50968593 0.81073135 -0.106733166 -0.29514244 0.49785936 -0.9207148 0.45070562 1.3238227 -0.3504366 1.1984797 1.6822385
D02250 0.44218835 -0.4237874 0.92649126 1.1994272 1.3179346 -0.20840566 -0.30756631 -0.04382133 -0.72336245 -0.040111806 -1.2109158 0.41295248 0.37576792 0.9116242 1.4751564 -0.83122355
D02358 1.4799682 -0.33033758 -1.0934933 1.3724344 0.863669 -0.23052323 0.5634433 -0.41239828 0.7649506 0.57336444 -0.17819348 0.8037864 0.7198222 0.9309819 0.42385098 0.40631038
D00235 1.35498 -0.36648375 -0.9948018 0.77628803 0.9078131 -0.48029605 0.13655724 -0.41368407 0.92026466 0.31781253 -0.43573648 1.1608748 0.5954629 0.6747864 0.26006415 0.16592088
D01236 1.0480859 -0.09626526 -0.61156756 1.1420509 0.5724468 0.34646383 -1.3984225 0.10244098 0.20562707 -0.06493414 -0.28562433 0.7935502 0.13328716 -0.43010357 1.502392 -0.43339562
D03490 1.4904569 -0.30885968 -1.0508599 1.1988506 0.87729555 -0.63945085 0.34434354 -0.337113 0.73251504 0.3438034 -0.099498585 1.0433638 0.6382538 0.44065768 0.30976617 0.22379743
D01891 0.8541987 0.35705233 0.5990396 0.18420553 -0.53453803 0.27141604 0.05870244 -0.1775274 -1.5445278 0.55613565 -1.8251247 2.6837034 1.8201585 0.5544125 -0.22810526 0.25963607
D02566 0.027015243 -0.051384106 -1.4018514 0.31821373 -0.5670168 0.20067595 -1.159372 -0.31798926 0.12558837 1.0635328 -0.4926547 0.27220285 0.33228487 -0.06878034 0.46622616 -0.41014773
hsa135 0.41235623 -0.39835444 -1.365697 0.06935348 -0.30964616 1.1737505 0.46835762 -0.011885898 -0.49094504 0.52228004 -0.3956187 0.4988684 1.1179745 -0.14790367 1.6418436 1.9902627
hsa3357 -0.59754467 -0.77007204 -1.0493774 0.91169846 -0.5124029 0.17077814 -0.59321296 -0.5488953 0.07127881 0.7003474 -0.49082533 0.39887005 0.24148025 0.50653 0.10210142 -0.32487673
D00635 1.1024323 0.14269593 -0.88832986 0.8888763 1.1171188 -0.27742723 0.19745646 -0.5871574 0.97072566 0.29262665 -1.1966983 0.07082344 0.32649103 0.32926166 0.20089209 -0.077701464
D00524 0.500281 -0.59728116 -0.04812656 0.45402217 -1.0739492 0.054260265 0.24093567 -1.2661209 0.0626253 1.0183854 -0.5324566 0.22640303 0.8842632 0.49144128 1.106983 -0.018029664
D00394 0.11734967 -0.056527004 -0.68652123 0.49454933 0.6371803 -0.27245143 -0.9558297 -0.5268274 0.21576278 0.61697847 0.1930849 -0.17269962 1.1739389 0.21925302 0.77535784 0.5383967
D00601 1.274455 -0.1705733 -0.84186596 0.93382233 1.5398542 -0.3421742 0.5357594 -0.6009967 0.5353889 0.39958987 -1.3119657 0.34458545 0.54800767 0.09027171 0.4057618 0.032287747
D01782 -0.6089842 -0.34230816 -0.71441615 -0.023848526 0.54352176 -0.48596135 -0.88833237 -1.1734571 -0.06183055 0.80140704 -0.7044015 0.91877735 -0.024985814 -0.4642137 0.35148606 -0.15003653
D00332 0.49732006 -0.6214203 -1.1741811 -0.83051336 0.17628977 0.38433594 0.6632218 -0.06974338 -0.92319745 0.15070862 -0.11865412 1.3108455 0.83014745 -0.09303709 0.25405663 0.23225047
hsa2916 0.8830425 -0.8474672 -1.1459912 -1.2209914 0.97199 0.47404057 -0.27630648 -0.36727962 0.31450075 0.5871132 -1.1888263 1.3400396 -0.3038824 0.8145664 0.58893913 0.5299812
hsa2912 0.9065417 -0.9215101 -1.0261319 -1.2262369 0.9792612 0.573525 -0.20132862 -0.24419214 0.18630598 0.562483 -1.1203588 1.7600005 -0.566454 0.9295497 0.72752476 0.6401577
D00606 0.03418214 -0.69313294 -1.2975315 0.60271746 0.8072949 0.6814975 -0.30306193 -1.308648 -0.51185876 -0.13937898 -0.049345214 0.37890667 -0.19041176 0.24668607 0.3052912 -0.17540322
D00300 -0.0010021646 -0.4180407 -0.31441242 0.605372 0.015149969 -0.18953525 -0.27242535 -1.3337882 -0.16834392 0.20914787 -0.63087225 -0.3590491 1.1644739 -0.74335814 0.73684686 0.33250704
D01965 0.3800826 -0.11168525 -1.0048525 0.5954015 -0.05461837 -0.5481706 -0.654551 -1.2593213 -0.7586202 0.07044644 -0.18819395 0.40949085 0.31411174 0.29548663 0.045661524 -0.670035
D01324 -0.6243953 0.12361657 -0.9154502 -0.1093761 -0.20847477 -0.7183276 -0.88800603 -0.53467137 -0.02557553 0.94016004 -0.9839659 0.45697057 0.065988496 0.28581467 0.5933208 -0.2672343
D00397 0.6642629 -0.22213241 -0.028874433 0.91153705 -0.43536335 -0.28480554 -0.3926062 -1.206683 0.19800244 0.53869563 -0.3109509 0.6052734 1.3567744 -0.47615528 0.22335221 0.059747104
D00646 0.41718024 -0.23968107 -0.12070896 0.85974747 -0.23948425 -0.55726314 -0.39197814 -1.1988304 0.053676162 0.99721605 -0.33877498 0.29126513 0.92541826 0.14358856 0.52907836 -0.50170803
hsa57105 -0.76152384 -0.1431068 0.29817972 -0.03743969 0.14350145 1.3614945 -0.15835619 -0.49740845 -0.9969785 0.790554 -0.9524046 0.2759116 0.9562333 -0.009727364 1.4181681 -0.07338648
D01103 0.77381617 -0.19947197 0.08848474 0.20999615 -0.9764937 -0.8345326 -0.25285602 -1.2194842 0.1263432 0.85806316 -1.0016742 0.5685992 0.24463445 0.52391076 1.1646949 -0.24566008
hsa5732 -0.054099537 0.59856117 0.48981634 -0.42192936 0.0676253 0.8310375 -0.43640715 -0.7507758 -1.6004621 0.4268231 -1.5569223 2.573507 1.4130499 0.09240152 0.3627006 0.31725594
D00442 0.33513206 -0.21523248 0.70557743 1.1254807 1.1197788 -0.3105198 -0.4076019 -0.26936692 -0.8189452 -0.36789498 -1.4241877 0.22769418 0.21409315 0.9627528 1.7984877 -0.5363743
hsa3354 -0.8476504 -0.7026702 -0.5872322 0.87547946 -0.4256611 0.27865335 -0.1513855 -0.68490714 -0.15191261 0.6405018 -0.728789 0.31827626 0.19566226 0.6542985 0.4052968 -0.53943485
D02234 0.6883032 0.043044068 -1.1705722 0.7964851 0.37526318 -0.23282017 -0.91812897 -0.5603614 -0.15916933 -0.4638491 -0.1341103 0.55448025 0.08936386 -0.12198658 0.7854916 -0.7212043
D00232 0.6642067 -0.5116648 -0.029081827 0.6093827 -1.075928 -0.5606722 -0.029883994 -1.2198986 0.10343037 1.0333352 -0.40024215 0.60262334 0.75847185 0.4489681 1.0277443 -0.030012636
D03442 1.2928215 -0.37850577 0.2810736 1.2914865 1.957945 0.1713204 -0.30181086 -0.10234755 0.39048135 0.05688361 -1.7843579 0.20212166 0.30303964 1.1293768 1.1424088 -0.54713184
D00598 1.1969041 -0.44585603 -1.014696 1.2360679 0.8131843 -0.5467766 0.54191303 -0.4129152 0.8883337 0.54675645 -0.11994676 1.052097 0.7240747 0.3767281 0.1664869 0.23090543
D04006 -0.09660565 -1.1436774 -1.5958744 0.2535993 0.009820442 0.7683379 0.85938793 0.2950795 -0.9107888 0.6588881 -0.18938483 0.59531957 1.4505202 0.22559266 1.6963534 1.8488896
D06396 0.53496766 -0.44112515 -0.7327323 0.7555618 0.05642192 0.7270971 -0.22092585 -0.29491487 -0.7026254 0.043502133 -1.0530823 0.20864664 -0.58649945 0.60177225 -0.37035677 0.494601
hsa2913 0.9254378 -0.8664546 -1.0453659 -1.3471495 0.8338748 0.29193613 -0.12938999 -0.6033632 0.32943913 0.5922131 -1.3066704 1.8374745 -0.32845342 0.9976778 0.6018876 0.58790785
D00410 0.029626478 -0.6425575 0.07604181 0.82327265 0.31606278 0.5611933 -0.61967635 -1.2385348 0.29874676 0.14923744 0.07341306 0.17941381 1.1520853 -0.5450237 0.8967546 0.92633003
D00838 0.9989648 0.34208307 -0.32574466 0.8741105 -0.18943343 -0.2133204 -0.58487856 -0.53468883 -1.0918559 -0.23962185 -1.2456571 0.13544025 -0.6845222 1.0786027 0.924378 0.4679403
D05938 0.12603804 -0.30142763 -0.45277423 0.54317456 -0.14582355 -0.43722314 -0.4564572 -1.0063449 -0.88454247 -0.38823974 -1.266402 0.056871906 -0.5878733 0.09182887 0.7266923 0.17209163
D01699 0.08668018 -0.8462192 0.32538 1.0955735 -0.16586725 -0.8712428 -0.6028835 -0.5096067 -0.60776395 0.93497384 -1.0725198 1.0174681 0.30071804 -0.45663673 0.87808824 -0.86078817
D00241 0.3189933 -0.22510743 -0.5946717 -0.7348865 0.7896162 1.2153946 -0.030722125 -0.5912888 -0.026207447 0.79747707 -0.5178046 0.670743 1.0016176 -0.53841275 0.17127451 -0.47409478
D02910 0.40474004 -0.16923268 -1.1737578 0.79946685 0.3594986 -0.34986338 -0.19169961 -1.0395733 -0.043323018 0.7223624 -0.025799276 -0.14282355 0.42337272 0.57603693 0.05462738 -0.04949959
D01712 -0.18632402 -1.013384 -1.0972095 0.019074466 0.0881627 1.0559057 0.5033084 -0.12665023 -0.7684785 0.34338528 -0.55201834 0.4947713 1.6881114 0.12690732 1.2895834 1.7536609
D00274 0.46559843 -0.3879734 -0.8851193 0.6174567 -0.16709332 0.1986645 -0.6860393 -1.2816494 -0.85572195 0.10785267 -0.87029386 0.53248066 -0.37672228 0.012539356 -0.7384558 -0.16640076
D00675 -0.7427117 -0.94390863 -0.74140185 0.53997594 0.18751606 1.0826818 0.09045963 -0.25812355 0.41750067 0.961867 -0.85249203 0.078151725 0.8637713 -0.009010594 0.76898044 -0.8012596
D04040 -0.23293522 0.8645049 -0.5613069 0.020370062 0.27552575 0.6593712 -0.4425722 -0.54313606 0.14753221 -0.51441425 -1.488545 0.46232042 1.0779607 -0.538972 0.90770507 -0.41168955
hsa10161 -0.32883093 0.09605006 -0.5353049 -0.10199731 0.11053441 1.0617101 -0.19679804 -0.12965591 -0.61610544 0.0042350735 -0.41819754 0.24844709 1.1712723 0.16016945 1.6901774 1.1475289
D00682 0.49168134 -0.41431448 0.5074823 -0.16380967 0.1420345 0.8283702 0.35569662 -0.33239713 -1.7803255 0.60761034 -0.88118064 2.5412755 1.1764528 0.75412637 0.36101034 0.7845539
D02076 0.4772813 -0.5766714 -1.486823 0.07213003 1.0925748 -0.0704325 -0.06127707 -0.68410015 -0.3856692 -0.6282655 -0.6301321 0.4635982 0.2969693 -0.074466504 0.016660819 -0.543925
D05341 0.66631943 -0.3920054 0.7342816 -0.30089834 0.80824697 0.90302885 0.3327642 -0.2932228 -1.4588429 0.006479307 -0.8282727 2.081896 0.08804843 1.03741 1.0188973 0.22887298
D01717 0.27884188 -0.15037608 -0.5811109 -0.55012757 0.035185464 -0.32839108 -0.9668294 -1.2897491 -0.59863275 1.0169388 -1.2681415 -0.13058221 -0.3231356 -0.16049358 0.6354839 -0.06555007
hsa11255 0.6494416 0.21223596 -1.5008305 0.42457548 -1.037802 0.19431087 -1.0884775 -0.28913328 -0.1819493 1.0763968 -0.17621957 0.43740863 0.64347214 -0.6874805 0.47426546 -0.36743408
D05113 1.1083537 0.3962943 -0.38681084 0.6241201 -0.25657874 -0.40118784 -0.2743482 -0.757967 -0.8803086 -0.67194766 -1.2213876 0.04155504 0.083769955 0.75614274 0.8248327 0.4177637
hsa3363 -0.6013477 -0.7068558 -1.0236722 0.60020506 -0.5407284 0.028856974 -0.66724515 -0.68781507 0.36479667 -0.03273669 -0.79023373 0.7988096 0.29010713 0.4458475 0.4012623 -0.70612097
hsa140 0.3287963 -0.24519551 -1.1045102 -0.06516731 -0.12862556 0.95938915 0.74259853 0.10189308 -0.65899307 0.6735563 -0.48235503 0.7991296 0.8028518 -0.024977673 1.3420007 1.7755712
D00513 0.67362815 0.25185063 -1.2778976 1.2370875 0.60601324 0.10817277 1.2144042 -0.80634266 0.10489129 0.35850224 -0.43405384 0.25293753 0.062258005 1.4428053 0.35936946 0.345344
D02082 -0.21711062 0.8821343 -0.50954217 -0.01540121 -0.039495353 0.80149424 -0.31853312 -0.4885082 -0.09128032 -0.5165424 -1.5894495 0.5088395 1.0003934 -0.6067968 1.1797712 -0.20768839
D01745 0.1508731 -0.23173948 -0.79067385 0.563974 0.29744625 -0.025891008 -1.2310374 0.024508806 -0.1271802 1.0333093 -0.178931 0.54714566 0.341014 0.610064 0.18401577 -0.8038313
D01126 0.8087886 -0.91036457 -0.55661917 -0.6426674 1.1551934 1.1737859 0.8964085 -0.71403 -0.4036926 0.7785747 -0.6682299 1.920263 0.0472323 0.016872672 0.6083731 -0.49924108
hsa6915 -0.38920358 0.21853119 -0.47022158 0.06877152 0.21719366 1.0098516 -0.24575672 -0.36582783 -1.4259927 0.32567725 -0.79668164 1.3264437 1.0936898 0.061929815 -0.5656092 -0.014899464
hsa5729 -0.5214672 0.6175334 0.28208414 -0.44837305 0.1416277 0.81578916 -0.64573663 -0.41165724 -1.3981452 0.71310014 -1.9809303 1.4933167 1.4327406 -0.40621012 0.7203494 -0.038994096
hsa5028 -0.10309854 -0.034168933 -0.013807744 0.06157103 0.42517605 1.2708033 0.3534919 -0.2182365 -0.7216721 0.58044493 -0.49173957 0.22417097 1.2215621 -0.18066011 1.8655183 0.61551344
D04716 0.30489665 -0.085670836 -0.31817976 0.7622483 0.32694453 -0.7220104 -0.65334123 -1.1651323 -1.3176055 -0.019465568 -0.33399987 -0.5026663 0.5142975 -0.03533314 0.78980064 0.022984097
D00645 -0.2857705 0.1655355 -0.72985965 0.037374426 0.78725475 -0.018379945 -0.6117715 -1.5745738 -0.906008 0.0151496865 0.14722884 0.64198256 0.95005846 -0.19640605 -0.1571868 0.27830917
D03880 1.0603445 -0.10073602 -0.9851036 1.1047481 0.9986538 -0.3468306 0.79283446 -0.8023789 0.5090292 0.20473957 -1.1515489 0.6623502 0.5691196 -0.12154768 -0.15749697 0.09506424
D00687 0.3805219 -0.24538647 -0.16033044 1.396474 1.4615664 -0.48673257 0.033525843 -0.3983501 0.035449952 -0.21884118 -0.54487896 0.3976908 0.44523743 0.31811875 1.3830196 -0.69059813
D01828 -0.77373147 -0.04511271 -0.42136085 0.16834289 0.6949769 0.89780474 0.14635147 -0.32717195 -0.36640468 1.0476246 -0.7310209 0.30942255 1.068776 -0.34944028 0.8744471 -0.8884176
D02279 0.8681475 -0.7842525 -0.40729827 -0.6016981 0.70962095 1.0079625 1.0072731 -0.44523558 -0.7709451 0.7953504 -0.4566173 1.9518044 0.2332932 0.009967613 0.83384234 -0.14046039
D02278 1.2834926 -0.8797371 -0.22431475 -0.8482706 1.2044072 1.1088777 0.75325745 -0.4136176 -0.41372457 0.750784 -0.9141681 1.9309638 -0.08010878 0.4996535 0.69783425 0.20417559
D00779 0.7004867 0.06226654 0.27203387 0.40016964 -0.92090964 -0.6769963 -0.57866156 -1.2647027 -0.13417041 0.23979807 -0.8850654 0.33324313 0.41119733 0.67206055 0.9979074 -0.31495333
hsa6751 0.42075375 -0.10735829 0.50054556 1.1503761 0.68012905 -0.20986976 -0.7543696 -0.24926503 -0.7757528 -0.35423812 -0.7129142 0.17125449 0.0583057 0.892735 1.660519 0.01740912
hsa2914 0.7379135 -0.74480253 -1.3764918 -1.4721341 1.0986295 0.78402203 -0.22071645 -0.41507575 0.3889389 0.86982656 -1.1900445 1.6247633 -0.1252739 0.7083707 0.962935 0.33557472
D00113 0.76740545 -0.27266636 0.3158656 0.4193287 -1.0351127 -0.4091179 -0.31013018 -1.3706863 0.2707541 0.8561381 -0.7541487 0.39825708 0.52331024 0.6715691 1.3344376 0.023852935
D00715 0.7817253 -0.3579076 0.16966137 0.53535473 -0.9952015 -0.68020606 -0.197931 -1.2253394 0.3327787 0.9467535 -0.74153316 0.517742 0.6234518 0.85716546 1.1132697 0.051311664
D01871 -0.9739888 -0.5403095 -1.1940488 -0.050043557 0.26497728 -0.23899718 -1.0639096 -0.6182121 -0.016424414 0.66951567 -0.8899796 0.68671227 -0.004877259 0.2136501 0.40897918 -0.3932498
D01964 0.66244894 0.07599697 0.19455083 0.42912728 0.01262144 0.73732156 0.26913744 -0.046414718 -1.7039051 0.692732 -1.7356005 2.5890932 1.9499644 0.43010458 -0.52306235 0.39831126
D00498 1.0400854 0.81275356 -0.30742276 1.1522297 0.14561339 -0.4662472 -0.14743558 -0.32795313 -0.8994857 0.21260571 -1.0357004 -0.15827814 -0.08884722 0.78563875 0.33425432 0.9471313
D00627 0.042854182 0.5404364 -0.9617698 0.6291186 0.6856831 0.31534588 -0.25644717 -0.27343586 0.2915631 -1.001612 -0.5523055 0.6221602 0.8441749 -0.31825933 1.5470302 -0.40179867
D03654 0.17523015 -0.79880255 0.3564027 0.8380926 -0.07418081 -1.161676 -0.5862194 -0.6072802 -0.33184385 1.0033494 -1.1511858 1.0960213 0.3575675 -0.5528008 1.1509993 -0.436493
D03642 0.14806469 0.4196557 -0.43578887 0.07859452 0.7299453 0.883417 -0.28186283 -0.7353405 -0.3056421 0.4863108 -0.44394258 1.1637002 1.2274953 -0.47795022 -0.8194383 -0.09729032
D02826 -0.4797209 -0.7536274 -1.4083068 0.4311111 -0.22899218 0.75044495 -0.47721532 -0.66996455 0.1775725 0.52055395 -0.5147492 0.61058706 -0.02080604 0.326779 0.25112316 -0.5233948
D03187 0.55557126 0.20786172 0.3396581 -0.51258796 -0.3912355 0.058143627 -0.21648537 -0.5639563 -1.2151511 0.5464426 -0.7686503 2.4427185 1.2858504 0.65686435 0.4102462 0.45151883
D04625 0.6420481 0.06942744 -1.3038445 0.7611763 0.8422255 -0.74062467 0.8306827 -0.79111165 -0.28168708 0.14156511 -0.42140928 0.653248 0.046614457 0.76601267 0.30537173 -0.08397251
D00523 -0.22426581 0.18630281 -0.33574724 0.21958257 -0.1895893 0.017905865 -1.1803935 -0.5032101 0.5732989 -0.97764784 -1.492362 0.56324905 0.7772798 0.04153095 1.0095817 -0.15665391
D00845 0.7217184 0.13684706 -0.13535199 0.32327425 0.14439039 -0.37674457 0.07186638 -1.5309241 -0.7429694 -0.20062754 -2.0659602 0.01340416 -0.52488655 -0.101251684 0.48265195 0.05300345
hsa6755 0.5433529 -0.27849823 1.065845 1.3845775 1.0084246 0.08015912 -0.41221738 -0.11003485 -0.7336659 -0.014434906 -0.9266724 0.8149236 0.24799891 0.85735565 1.3087578 -0.7473528
D05740 -0.6526688 -0.7135575 -0.84964687 0.9382813 -0.37893853 0.58680546 0.39074728 0.120785594 0.4656624 0.37830174 -1.3705693 0.55009633 0.6707204 0.08905214 0.41109633 -0.96287423
hsa7201 1.6480327 -1.1134976 -0.32717556 0.2914461 1.0327348 0.36892924 -1.0342975 0.2621658 -0.64790225 -0.32157883 -1.9037771 0.1111215 -0.07685663 0.9401443 0.13383587 0.31804827
hsa3362 0.16954684 -0.62610483 -0.9165213 1.2652887 -0.77475655 0.38220865 -0.093819775 -0.53453803 0.31578773 1.083948 -0.2092539 0.370821 -0.12742482 0.29460374 0.3274187 0.074154764
D00673 0.91356325 0.41687834 -2.201812 0.7873712 -0.6880251 0.85292315 -0.22011885 0.1596574 0.44157994 1.0355378 -0.280805 1.0915726 0.39244336 -0.25829944 0.7129446 0.66037846
D00225 -0.39763814 -0.4557775 -0.57752424 0.21904993 0.20136565 0.45414466 -1.2844505 -0.41035637 0.38188538 0.4036988 0.4153859 0.3395954 0.94555664 0.406515 0.94900507 0.7127127
D01297 0.45440483 -1.2903429 -0.33803344 0.40224123 -0.18090759 -0.08039956 -0.7454012 -0.59400696 -0.075833105 0.45095655 -0.41662577 0.1114234 0.2726912 0.58623636 -0.041436795 0.211192
D00688 0.65145063 0.0379778 -1.4147503 1.1256322 0.63343686 -0.6749193 1.3056854 0.5195696 0.09886143 0.62094027 -0.96933323 1.2374315 0.73351085 0.15824594 0.48077494 -0.92514503
D00094 0.83412033 0.053547252 -0.3479125 -1.431525 0.3570211 0.10266345 0.8000189 -0.019442488 -1.2332574 0.8775234 -0.7557464 2.041882 1.3516383 1.1073229 0.6279624 1.472341
D00400 0.13261507 0.59029347 -0.6123212 -0.09310162 0.15029857 0.5111828 -0.5375612 -0.5646719 0.9048903 -0.6310114 -1.8760877 0.36437124 0.83525884 -0.15273406 1.1869006 0.121666856
D05246 -0.3158196 0.7081115 -0.7467626 0.12092023 -0.15839733 0.146355 -0.4645842 -0.37284717 0.4146863 -0.74193305 -1.574386 0.4839434 1.1256129 -0.5578666 1.2648742 -0.06489184
D00765 0.4812117 0.3732532 0.032200996 0.33244824 -1.0798938 -0.7556618 -0.62103176 -0.932778 -0.26135924 -0.02637483 -0.35673073 0.88499665 1.028316 0.6788392 0.7598421 0.0885314
D06056 0.2976727 -0.25449213 -0.9308726 1.6445321 0.20438965 0.9602357 0.4218515 -1.4327787 -0.0018197806 0.4131147 -0.395798 -0.08850321 -0.04787711 0.51915914 -0.14913169 0.23655325
hsa2846 -0.23874027 -0.4031077 -0.20212778 0.24493425 0.08481339 1.3862098 0.028061597 -0.23417564 -0.62356424 0.45974377 -0.8106955 -0.0023565916 0.9422048 0.25789207 1.775893 1.0621344
D00306 0.28739718 0.3172165 -1.0505905 1.7184441 0.44291815 -0.07800005 0.13617645 -0.07661948 -0.86830467 0.5180401 -0.55715966 0.38475093 -0.31474906 0.80615014 0.32440746 1.4544512
D01994 0.9544448 0.023727184 -0.67632455 0.7680001 -0.035903778 0.26309657 0.25267297 -1.4555072 -0.5157504 0.42214197 -1.5798899 0.22776468 -0.80235124 -0.3455966 -0.4379204 0.2535256
D00666 -0.26271638 0.46265385 -1.0073 0.09967225 0.12126664 0.3192175 -0.4204993 -0.79065347 -0.2656115 0.9298531 -1.6507893 -0.09530079 0.15589827 -0.43515894 -0.015755504 0.19237489
D00364 -0.1768674 -0.29563838 -1.0425849 0.31352985 -0.34692353 0.23753822 -1.384426 -0.6503702 -0.2926988 1.0202546 -0.5991948 0.4953835 -0.12909475 -0.10208512 0.21151756 -0.09605541
D01269 0.22242999 -0.33873016 -0.37375814 -0.44129106 -0.4341629 -0.73266745 -0.3592678 -1.2368011 -0.063782655 1.053116 -1.5758853 0.31496328 -0.47568017 0.25226808 0.7059634 0.02048768
D01441 -0.1582181 0.568518 -0.3169227 0.89196956 0.5532835 0.47854364 -0.5977963 -0.09485654 -1.2018912 0.22374922 -0.27479333 0.43527335 0.06710578 0.122323476 1.6908113 -0.97363615
D03415 0.45593727 0.5509112 -1.0508175 0.8282804 0.867337 0.017104583 0.34050718 -0.4635291 0.76784164 -0.4441189 -0.2451015 0.5934948 0.78560054 0.3183026 1.0592694 -0.21259221
D00440 1.1869049 0.33983094 -2.3442705 0.99621147 -0.7449862 0.85486865 -0.26259425 0.11384673 0.34367388 1.0280168 -0.06362991 1.030555 0.17996278 -0.16059667 0.90110224 0.6364697
D03503 1.3272555 0.5325123 -2.1704054 0.95927703 -0.5531474 0.841573 0.055349577 0.23576063 0.4004229 0.94191307 -0.0819488 0.95301616 0.19591677 -0.16265978 0.7581929 0.843393
D00380 -0.37461218 -0.047006052 -0.6472061 0.58917177 1.0142275 0.98761404 -0.88612145 -0.82733756 -0.28874314 -0.21697843 0.09064893 0.59803504 1.4232701 0.2339664 -0.24916905 1.0343561
D01242 -0.04413617 -0.049383752 -1.5015213 0.18568268 -0.26508492 -0.7866217 -0.3905432 -0.9901155 -0.02052815 1.2067422 -0.56971186 -0.49710187 1.0660211 -0.7327726 0.80325496 0.18540153
D02007 1.3517648 -1.0123117 -1.0061765 -0.42899796 1.2066648 0.37348992 -0.6071367 0.013354562 -0.58626086 -0.63554716 -1.3048958 0.4687355 -0.116126925 0.76845 -0.17743349 0.3558927
D03165 0.30432963 -0.5247008 -0.6624474 1.1735129 0.5518149 -0.310344 -0.8679867 0.26238793 -0.6016728 1.5374966 -0.73573506 -0.018975351 0.14282706 0.16901831 -0.29718724 0.72299474
hsa338442 0.5416283 -0.5647787 0.43213677 0.079832844 -0.19690174 1.5386846 0.76271397 -1.1521659 -0.26349545 1.1464742 -0.73029983 0.19950776 0.9146835 -0.111803226 1.6006938 0.3388883
D00356 0.96920836 0.20417772 0.3060543 0.38370404 -0.15385678 0.4445035 0.055284936 -0.12176426 -1.6009594 0.42431772 -1.791492 2.7030737 1.8567507 0.42233062 -0.57565886 0.25491416
D00318 1.0267017 0.18442032 -2.0609784 0.7112248 -1.1158847 0.42943108 -0.7617744 -0.04342925 0.1879949 1.121481 -0.39135936 0.85369325 0.4657412 -0.542399 0.49344507 0.12515523
hsa2917 0.63171315 -0.57400304 -1.2449043 -1.3985522 1.1396042 0.6058507 -0.17195788 -0.4185212 0.7250857 0.9519939 -1.0958124 1.681119 -0.1730282 0.8535728 0.72330534 0.16999213
D00443 0.61931956 0.49003163 -0.3091915 0.13582854 -0.65751964 0.10798478 -0.5759654 -0.55652636 -0.31117886 -1.0653185 -1.1949772 0.112918995 0.9824396 0.2478882 0.93672013 0.49381867
D00301 0.88872564 -0.010120802 -0.28768018 0.7283056 -0.54898906 -1.0798998 0.054320782 -0.18033144 -0.9185809 -0.065453455 -1.0511137 0.36236936 0.042610094 0.10647354 1.1890638 -0.85737854
D05792 0.6729064 -0.13825196 -0.18562078 1.5781952 1.2375333 -0.3155366 0.37827918 -0.6664012 0.31784996 -0.23171419 -0.5721192 0.7595939 0.7546776 0.083018005 0.70838624 -0.41317654
D00954 0.8028108 0.45628995 -0.8917454 0.5314389 -0.5944078 -0.65037745 -0.97488296 -0.76233774 -0.42188323 -0.8369482 -0.39326596 0.48106572 0.40001583 0.9886689 0.4431416 -0.2864807
hsa2911 0.43460473 -0.6337759 -1.5149156 -1.0951793 1.2753026 0.46119836 0.05942542 -0.52460164 0.6991273 0.83752716 -0.88768864 1.7957815 -0.12171167 0.8284895 1.1490467 0.03803491
D00769 -0.65577155 -0.18135594 -0.540976 0.22923766 0.32061648 -0.42256045 0.19975565 -1.1645858 -1.1095009 0.49271765 0.16016847 1.0287707 0.49964997 -0.23176469 0.72208154 0.57213086
D02357 -0.06490884 0.12023124 -0.49748653 1.4928209 0.1410583 -0.3847965 -0.52903605 -0.49118745 -0.6635452 1.1185043 -0.61517066 0.21690483 0.17399144 0.27667063 -0.113602065 1.2045566
D00683 0.3101006 -0.0042867404 -1.4721 1.0822078 0.72470474 -0.74380636 1.1568707 0.38454092 -0.039440393 0.50962013 -0.6564317 0.9208729 0.37150326 0.17458743 0.56685966 -0.7196173
D00520 -0.23636422 -0.29498458 -1.1603799 0.08127766 -0.11883731 -0.51005524 0.25197998 -0.50188255 0.13977188 0.41289124 -0.82457477 -0.32388857 1.4975978 -0.880323 1.1161803 0.6184901
hsa5031 0.19246301 0.06731805 -0.41857526 -0.34552422 0.3301212 1.0860736 0.5284655 0.34140143 -0.9271104 0.35616124 -0.62801635 0.46244013 1.304329 0.28045312 1.9082116 1.5902193
hsa5029 0.15960945 -0.13889094 -0.7309392 -0.008113488 0.122746855 1.3832645 0.2759283 0.05727494 -0.6001575 0.5525223 -0.68418604 0.38289288 1.3902448 0.11626411 1.9379693 1.4478738
D01652 -0.79691136 -0.38109067 -0.69147694 -0.038275108 -0.1554789 1.1000897 -1.1632643 -0.305886 -0.7237561 0.9164326 0.20648505 0.43531018 0.5809472 0.6692422 0.9986696 -0.048610732
D00465 0.29514188 -0.28236014 -0.11671524 0.554552 -1.0598285 -0.7109939 -0.240613 -1.0474467 0.394154 0.91481996 -0.602169 0.45401338 0.80343854 0.68585354 0.897147 -0.17200652
D00559 -0.29439682 -0.6468847 -0.97632784 0.047517333 0.3680338 0.53981656 -0.79331315 -0.437103 0.14496721 0.7891919 -0.7011633 1.0101666 -0.82305336 0.3062631 0.31857395 -0.07338237
D00987 0.13831995 0.41645655 -0.68943083 1.4525787 0.18183725 -0.25447926 -0.892486 -0.048526704 -1.4636122 1.2055925 -0.9001094 0.20924121 0.34866786 0.35746592 -0.457304 0.58066857
D00422 1.235283 0.4519574 -2.2631571 0.79431075 -0.48615736 0.69825906 0.061263032 0.16006482 0.51606196 0.9216592 -0.18462686 0.9458945 0.15063012 -0.25215137 0.5525214 0.6477776
D01462 0.1401918 -0.19394137 -0.6316827 0.7399056 0.63627535 -0.26555762 -0.809305 -0.19560926 -0.72855365 1.5492073 -1.132231 0.024573214 -0.2638332 -0.24889019 -0.27788648 0.30268967
D00522 -0.147566 0.9831125 -1.0234979 0.14108802 0.02900542 0.43293703 -0.53332555 -0.57840735 0.5854037 -0.8830081 -1.465765 0.7462023 1.216041 -0.40199703 1.5238252 -0.23224485
hsa5724 -1.0396868 -0.34652466 -0.7436974 -0.4086277 -0.3239052 1.4187319 -0.8816194 -0.2379818 -1.2451133 0.6969966 -0.2263401 0.5789461 0.9449972 0.44311434 1.3820786 0.35594305
D00451 -0.61647666 -0.34640688 -0.67246956 1.6092434 -0.11372254 1.060196 -0.059029236 -0.7164449 0.16681097 0.30293742 -1.305847 0.28876865 0.56727535 0.44069284 -0.35994917 -0.1743625
hsa5030 0.16523424 -0.013464836 -0.46819514 -0.14408073 0.35533223 1.1335504 0.5028314 -0.040371 -0.86387944 0.27444774 -0.5807562 0.4735889 1.1030933 0.16479467 1.8619288 1.3575282
hsa2915 0.83039916 -0.7394325 -1.3003452 -0.9959266 0.9344315 0.35735655 -0.061128486 -0.63070506 0.54166096 0.50694335 -1.0179917 1.80841 -0.64962804 0.912507 0.62912005 0.28083786
D01925 1.4080006 -1.343113 -0.51012754 0.41040263 0.7364155 0.6175788 -1.1151987 0.2616416 -0.6722561 0.1942031 -1.5997903 0.10067495 0.33659592 0.59250706 -0.18928315 1.0035685
D00965 0.722482 -0.8816855 -1.1571835 -0.49112698 0.49937814 -0.01221128 -0.27089396 -1.0598645 0.75364333 -0.22179782 0.055102848 0.20790777 0.4927139 0.6888699 0.4363749 0.23449512
D02349 0.10702685 -0.27751243 -1.3893065 0.6955108 0.9251551 -0.38369456 0.78090644 -0.08005114 -0.3497632 0.09032797 -0.006539306 0.44637686 0.5039482 0.5902649 0.53034973 -0.19008519
D00674 -0.7623292 -0.46855155 -0.9535263 0.8510962 -0.3837906 0.6043218 -0.7411807 -0.2713573 -0.3577085 0.6463747 -0.9853708 0.8328178 0.35120195 0.81961775 -0.56243694 -0.31456906
D00684 0.7121 -0.16846177 -1.3137554 1.1596018 0.4864304 -0.9568462 1.3072895 0.2944792 -0.09512926 0.19670808 -1.2449319 0.83042085 0.60613817 0.0777864 0.5653027 -0.92058074
hsa1268 0.037861377 0.11883398 -1.1606132 1.4193584 -0.038127635 0.2727517 0.41888288 0.016651992 -0.8230102 0.8134809 -0.37853274 0.3975993 -0.22539753 0.58529437 0.6323331 1.8038839
D02066 -0.012253223 -0.39987406 -0.832598 1.4502411 0.43797874 -0.2699597 1.3314422 0.30943716 0.12084034 0.5521406 -1.184571 1.174103 0.9585127 -0.08331999 0.14874288 -1.1455215
hsa552 0.9358652 -0.49795735 -0.05215603 1.4877157 1.136683 0.74932307 -1.5880245 0.008095418 0.3409401 0.11930617 -0.66202646 0.53878486 -0.10768817 0.00033910666 1.5114175 -0.313689
D00514 0.04743711 -1.1741532 -0.8821764 0.37142295 0.18597284 -0.073032044 -0.07830669 -0.73565686 -0.32483903 -0.005121179 0.022473497 -0.21420097 0.7724012 -0.34113175 1.177193 0.5816158
hsa6753 0.41362143 -0.09407631 0.80870867 1.2090327 1.0867447 0.16758919 -0.098583885 0.014110172 -0.96775705 0.07154883 -1.5654538 0.1151067 0.15002799 1.0740719 1.6292298 -0.27339655
D01386 0.6911504 -0.25090927 -1.1119561 0.26921394 0.49715587 -1.0362769 0.53341216 -0.66279024 0.56356883 0.208496 -0.32569346 0.9905668 0.057829615 0.7276575 0.76971436 -0.43728858
D04375 0.057843585 -0.70775765 -1.4217999 0.9214178 0.23984529 1.0240937 0.20324464 -1.1555169 -0.40143117 -0.27942997 -0.055172805 0.258202 -0.10737813 -0.21167572 0.4381421 -0.20935455
D03365 0.40562862 -0.56975764 0.35424975 0.48191074 -0.71042776 0.717937 -0.072887726 -1.4341238 -0.0947513 0.8845932 -0.5360659 -0.030400384 0.25557768 0.27725345 1.0744629 0.38408
D00499 0.74711716 -1.0978395 -0.1721401 0.29839197 -0.5103394 0.59779453 0.111368485 -0.92628706 0.16422816 -0.14989308 -0.785734 -0.5901744 1.0248754 0.5437774 1.1399739 0.6534036
D00295 1.0090181 0.35880563 -2.1373146 0.6285502 -0.68986374 0.69201696 -0.023148188 0.3183482 0.25285998 0.95121 0.018643348 1.0673122 0.22526377 -0.2469407 0.7412113 0.83618325
D02588 1.0793934 -1.3507297 -0.57219553 0.30134332 0.34237245 0.47736207 -1.1242387 0.043477017 -0.8248134 -0.11256038 -1.3552859 -0.00016703038 0.13108121 0.6377745 -0.21965349 0.6632598
D00574 0.13201393 -0.72261363 -0.60110587 -0.1279651 0.16137305 0.31947035 -0.8450829 -0.865302 0.5502877 -0.87717646 -0.61851937 0.16291969 0.995829 0.10962017 0.8310576 0.8433574
hsa6010 0.7811392 -0.11944186 0.94645816 0.36539626 0.7085094 0.6875697 0.19573501 -0.3196429 -1.548239 -0.3689039 -1.1062453 1.8700286 -0.15308768 1.3250748 1.0325714 0.17067611
D00049 0.68808895 -0.7702643 0.30636778 -0.2455122 0.41246638 1.1015165 0.16946043 -1.5264546 0.09526273 1.2000663 -0.1807695 0.27939984 0.6358181 -0.5321634 1.3751998 0.11558424
D00525 0.12564781 0.29830378 0.35688892 1.1377851 -0.640858 0.16064501 -0.55694026 -1.0840812 -0.07510985 0.8234835 -1.0327744 0.18360016 0.25857082 0.52184147 0.25331622 0.7316524
hsa554 1.2799222 -0.15144251 -0.0007632198 1.4884157 1.2049046 0.5700218 -1.1996475 0.099596605 0.049909234 -0.40743977 -0.40503764 0.95052963 -0.11208979 0.26253274 1.6252965 -0.76034105
D01332 -0.169912 0.069262445 -0.61973894 0.22488235 0.08123703 -0.26645425 -0.6023564 -0.70275 -0.31236973 1.2946378 -1.3100868 -0.0042462414 -0.23123622 -0.20654197 0.28525418 0.028080149
hsa887 1.4964721 -0.69976187 0.20656845 1.2789183 1.7832196 0.42126143 -0.55178463 0.2072294 0.46087226 0.12160443 -1.6446615 0.3556167 0.045976643 1.1258869 0.8637778 -0.43727404
D00760 0.13565256 0.12135567 -0.78263396 1.0209839 -1.0079942 -0.7835953 0.27879432 -1.2363709 -0.32156956 -0.042979266 -0.7318442 0.59221935 1.1139514 0.21160391 0.7942428 -1.2187237
hsa1241 -0.5470308 -0.30501357 0.3589458 0.8855245 0.7048093 0.9730636 -0.47008383 0.1989991 -1.4821845 0.5760854 -1.5137094 0.0792324 0.68561137 0.44519657 1.6985797 -0.15447481
hsa4543 0.17122953 -0.33158886 0.46088728 1.5695282 0.688268 1.0247006 -0.06303252 -1.0647038 -0.8588857 -0.79170614 -0.6925513 0.44669774 0.24440543 1.3422772 0.19062385 0.13774267
hsa3361 -0.49078616 -0.87426704 -0.50257206 0.95131063 -0.6809997 0.72623295 -0.19266751 -0.7857353 -0.27804214 0.62777674 -0.47367138 0.30725715 0.19014493 0.44202194 0.38695878 -0.4763232
D00139 -0.4701106 -1.2258792 -0.61067283 0.63194835 0.6549395 0.36884475 -0.65002596 -0.22129732 0.09102697 0.61355263 -0.029383466 -0.31066748 1.1104771 -0.057110816 1.2785894 0.79344934
hsa886 1.5829427 -0.71196705 0.46420938 1.1821792 1.7070421 0.5943256 -0.504892 0.18838991 0.09860826 -0.060115065 -1.6809503 0.39699563 0.13620348 1.0740845 0.8918838 -0.14308256
hsa2550 0.481669 -0.22461757 -1.0530559 -1.0861766 0.9101396 1.5161949 -0.043470427 -0.22613762 0.1777297 1.0427883 -0.8940417 0.78726363 0.9302382 -0.44824055 0.48710862 -0.36213574
D00780 0.5198135 -0.2917205 -0.7330221 1.3532711 0.69041866 -0.54695684 -0.8540199 0.13503993 -1.0197232 1.3355778 -0.73816705 0.23648806 0.10228756 0.013218638 -0.47940096 0.72720474
D00837 1.1278489 -0.10517391 -0.99378484 0.0053421888 0.7034376 -0.25185958 -0.44068578 -0.3927588 -0.68316424 -0.9904464 -0.8629885 0.58675253 -0.3564853 0.8215933 0.12037138 -0.13363515
hsa1234 0.22815607 0.6493296 -0.42529905 0.0021547037 0.2809395 0.6917185 -1.14236 -0.66318536 -0.32630897 -0.7162245 -0.6034235 -0.03798731 0.9090598 0.2373637 1.7817502 1.0582122
hsa56413 -0.6918065 0.015116115 0.40604666 0.96903545 0.8041822 0.9729038 -1.1536633 0.23752828 -1.5215847 0.30884025 -1.3049823 0.18479979 0.37488294 0.65210605 1.4098566 -0.26419854
D01692 0.11777711 -0.5046492 -1.182318 1.3404413 -0.03985162 0.1634822 -0.41086382 -0.5056351 -0.84822017 0.1926751 -0.46738175 0.43829906 -0.72733384 0.40929094 -0.11567214 0.6832442
hsa9934 -0.5515839 -0.08540124 -0.45218608 -0.08558925 0.114609666 1.215413 -0.076002076 -0.2646678 -1.0334935 0.2383473 -0.31231034 0.40146393 1.2708921 0.17294917 1.5285858 1.1565559
D01227 -0.5869002 0.06019955 -1.2310467 0.56180054 -0.68022996 -0.0039876425 0.55199265 0.007922078 0.45608732 -0.29140627 -1.2795035 0.21426041 1.4267535 -0.5346182 1.548481 -0.5079335
D03210 0.6282065 -0.14988633 -0.9550224 0.4521719 0.04325585 0.2807537 -2.0468569 -1.0053144 -0.56898564 0.7237294 -0.24889216 0.69527674 -0.16391623 0.33594796 -0.35672575 -0.18127745
hsa9283 0.13482669 0.52040446 -0.19947872 0.90017605 0.79442996 0.47366044 -0.9037668 -0.09727048 -1.4160335 0.33123654 -0.535847 0.8245648 -0.09181144 0.17137267 1.8673048 -1.2214408
hsa9052 0.6572273 0.05347444 -0.35968977 -1.3141122 0.34683463 0.45154706 0.67165506 0.015830254 -0.9598414 0.8384038 -0.8662596 1.6852134 1.2825742 0.97801244 1.216948 1.5918949
hsa5032 0.023790283 -0.16757785 -0.52111083 0.10164943 0.40342942 1.2780914 0.09611127 -0.30236638 -0.613631 0.3237593 -0.21833399 0.27544442 1.4224753 0.070193104 1.7982366 1.6428653
D01346 0.9334693 0.6662759 -0.5902244 0.8113776 -0.22648796 0.109298825 -0.5243056 -0.50899917 0.31561214 1.0612253 -0.45127147 1.1211367 1.5674906 -0.6999142 -0.47511607 -0.58936787
D00542 0.0033180495 -0.29462576 -0.74652046 -0.22399704 1.1037198 0.7812979 -0.7147012 -0.6667016 0.18198897 -0.59386784 -0.0047748676 0.5656481 0.69578123 0.7287403 1.0736675 0.8728296
D01071 1.0897301 -0.7005812 -0.41957775 -0.09204286 -0.38133016 0.5679149 -0.88101953 -0.6165826 -0.18108591 -0.9832082 -1.399543 -0.37599012 1.4785005 0.18294442 0.6553241 0.96787876
D00415 -0.27160174 0.1698463 -0.26215285 1.6939527 -0.2454932 1.0586383 -0.0070315693 -0.93447554 0.22673067 0.22057289 -1.3894523 0.31193706 0.6876736 0.66527545 -0.22710589 0.07638915
hsa23620 0.5928606 0.00909749 -0.38769183 -0.4714702 0.21392757 -0.057407774 -1.1543169 -0.80551034 -0.78732866 0.5481979 -1.7110848 -0.22081876 -0.1983437 0.4813716 0.54854167 0.13054533
hsa1910 1.2909105 0.31152323 0.067103066 -0.1059789 0.042841382 -0.13074568 -1.0374849 -0.3581345 -2.013753 0.2827838 -1.4295825 0.31841338 -0.34024647 0.77013105 1.8063997 0.014211938
D01022 1.1728823 0.8455569 -1.0122428 1.055289 0.6734068 -0.493014 0.664687 -0.26317704 -0.64218557 -0.055891607 -0.4082734 0.5179592 0.0639881 1.1102116 0.66929555 0.29568627
hsa1909 1.0007135 0.46616468 -0.05990658 0.20647709 0.18645135 -0.11997636 -0.724828 -0.24924338 -1.8189574 0.08288195 -0.99573725 0.30236384 -0.16418004 0.4132157 2.1007416 -0.27251843
