hsa154 0.93874973 -0.17611752 -0.36464745 1.2059007 0.53492665 0.1313088 0.25450546 0.038690366 0.19185923 -0.4153052 -0.61915493 0.7556548 -0.22615086 0.22369623 -0.6616047 -0.3259676
hsa148 0.8034308 -0.14030918 -0.7733261 0.8115322 0.74507916 0.22047734 -0.52087104 0.7693996 -0.17373352 0.21931565 0.023253266 0.5198919 -0.48933724 0.1181245 0.11439423 -0.32872975
D00283 -0.07482812 -0.2591052 -0.6638111 1.1708747 0.33035567 0.06402742 -0.68294066 0.5421935 -0.37502623 0.6367461 -0.29367012 0.11693053 -0.2772923 0.27884012 -0.19767922 -0.3085166
hsa153 1.1885693 0.10963712 -0.5816302 1.1108634 1.0434797 0.08954538 -0.21670437 -0.12504238 0.03818249 0.1917492 -0.3300613 0.70529944 -0.07963574 0.30134287 -0.38866854 -0.2107875
hsa150 0.6098324 -0.6839591 -0.771832 0.7952227 0.5331147 -0.30830207 -0.15895852 0.22696619 -0.38793033 0.33081752 -0.31692544 0.35107866 -0.54442877 -0.14410079 -0.049674124 -0.5042356
hsa3269 0.22243324 -0.5716352 0.0068347957 0.84604114 0.028070668 0.22857365 -0.91595405 0.5621654 -0.35234237 0.3319497 -0.61807126 0.49790713 0.47950578 -0.724229 -0.43346554 -0.19530576
hsa1128 0.5598227 -0.45120516 0.4890611 0.7838803 0.16438885 -0.58903104 -0.9288594 0.20114028 -0.33419946 0.7128487 -0.45789984 0.37223804 0.22894007 0.46654174 -0.19698021 -0.34189484
hsa146 0.7733978 -0.22447555 -0.6187822 1.0495278 0.77140844 -0.064680114 -0.58173645 0.7196272 -0.18189959 0.47586092 -0.37542036 0.61223215 -0.7175454 0.21761915 0.04643608 -0.084147334
D00454 0.51397645 -0.42520043 0.059361033 0.9292928 0.29061365 0.13696375 -0.35615796 0.24978498 -0.23100597 0.70712423 -0.22131845 0.33797434 -0.24735412 0.09650263 -0.3148332 -0.039241537
hsa147 1.0129279 -0.44300812 -0.61938995 0.9104136 0.3555155 -0.17693014 -0.5472675 0.5450377 0.05720814 0.26819047 -0.23280077 0.6957041 -0.62218994 0.06774061 0.3697853 -0.20774736
hsa151 0.34207174 -0.6285668 -0.703326 1.015794 0.6375757 -0.19721927 -0.31764305 0.47973698 -0.33101195 0.23734668 -0.37269178 0.45856223 -0.6244254 -0.11847815 0.109756514 -0.5299873
D00513 0.09170117 0.20425035 -0.6169144 1.428243 0.6323761 0.4014656 -0.33128726 0.30171788 -0.34909227 0.33111843 -0.15419784 0.050446384 -0.023936687 0.6820595 -0.31660655 -0.32203224
hsa1129 0.81736976 -0.30271077 0.07437065 0.7957628 -0.32240263 -0.5439337 -1.0227802 0.19439952 -0.3454197 0.56392753 -0.35322753 0.6359461 0.44336173 0.2988171 0.062116116 -0.099278376
D00528 1.147387 -0.13996984 -0.52268314 0.14922892 -0.3721455 1.2125224 0.077253625 -0.6754675 -1.7710868 0.6258452 -1.0357492 0.11763818 0.9332763 0.22507836 0.6988841 -0.22986543
hsa1813 0.06748954 -0.26315704 0.13814622 0.3152399 0.0022198427 -0.016672751 -0.51287735 0.7417029 -0.71026134 0.953529 -0.41499692 0.5095723 -0.36286536 -0.30434638 -0.5720489 -0.42308888
D02361 0.59525794 -0.37626848 -0.03334988 0.8127407 0.04677943 -0.33279854 -0.6521653 0.37884697 -0.15759705 1.2574501 -0.6383264 0.26308155 0.03501523 0.25063875 0.08007281 -0.1800069
hsa3356 0.061194237 -0.17596327 -0.31385496 1.067183 0.41301247 0.6152738 -0.5385699 0.58588284 -0.5170769 0.51314145 -0.24922517 0.14816676 -0.07726943 -0.020207254 -0.24955928 0.10312461
D00726 -0.16169408 0.004578053 0.04757379 1.5745887 0.38364616 -0.14647263 -0.6343506 0.13359085 -0.96842855 0.7805752 -0.2624342 -0.105272315 -0.032254275 0.46058607 -0.53154093 -0.110378936
D00493 -0.22758967 -0.888308 -0.18462497 0.6163772 -0.04298659 0.020982629 -1.2631633 0.21649918 -0.62723124 0.3967568 -0.37927812 0.75939584 -0.1621289 -0.37731943 -0.5588956 -0.22461167
D00494 0.6229311 -0.8149632 -0.26396042 0.7377796 -0.091137625 0.017089624 -0.6116181 0.72878903 -0.22859214 0.84751165 -0.9229204 0.17367655 0.5091771 -0.083702244 0.18419495 0.07794609
D00270 0.1512732 -0.22538674 -0.32262677 0.65641856 0.5298259 0.32440785 -0.5619424 0.31032154 -0.25393182 0.6803455 -0.862448 0.32141045 -0.20802233 -0.5991388 -0.6451294 -0.25604445
hsa1812 0.32719943 -0.30275512 -0.37542135 0.5847842 0.23015064 0.16662923 -0.55628115 -0.48965585 -0.059745308 0.9894592 -0.48886657 0.16317967 -0.3892462 -0.09623502 -0.44477347 -0.6572501
hsa155 1.0386652 -0.004200127 -0.6889979 1.3697921 0.8316105 0.5324296 0.051621184 -0.044716675 0.2045938 0.10084304 -0.4321171 0.11154217 -0.17668237 0.28007996 -0.54362303 -0.4453697
hsa1814 0.25520793 0.19694227 -0.062311467 0.9374202 0.17481826 -0.088994086 -1.3107601 0.11632378 -0.22732948 0.8630915 -0.092352405 0.1951765 -0.5954439 -0.022114694 -0.74886644 -0.6923337
D00451 -0.5983285 0.0006449122 -0.6016405 1.6497355 0.42208818 0.37703612 -0.39148545 0.13722824 -0.7327497 0.4374444 -0.53352207 -0.049817607 -0.06789436 0.58857644 -0.2557191 -0.34513003
hsa152 0.3586126 -0.4635704 -0.7772148 0.5976772 0.75729257 -0.3124687 -0.26117137 0.43641213 -0.49083653 -0.041068736 -0.4600751 0.4829879 -1.0163858 0.060762502 0.3200214 -0.72602415
hsa4988 1.0395133 -0.22590306 0.6057893 1.1522503 -0.42371768 -0.53850466 -0.46545085 0.15115285 -0.96627074 -0.7298082 -1.0992156 -0.558463 -1.0484136 -0.15755805 0.39666805 -0.35269704
D00775 1.2406892 -0.4458077 -0.4355891 -0.312307 0.49839103 1.3196068 -0.8364362 0.9294654 -0.8809127 0.463978 0.5198663 0.6024619 0.33613673 1.1285235 -0.5302145 -0.7758555
D00996 1.0300268 -0.24599953 -0.68759835 0.66286325 0.57163435 -0.15001944 0.14139262 0.8218782 -0.28548956 0.2289831 0.19044128 0.65173715 -0.39297277 0.2643178 -0.2557254 -0.6089902
hsa3577 1.0090888 0.30519477 -0.26782602 -0.33278283 0.57090014 0.64419234 -0.3216794 0.21279483 -0.8847289 0.4839365 -1.4467795 -0.40478197 0.25146028 0.3983306 0.29432586 0.25065863
hsa185 1.2232835 1.4998155 -0.2878396 0.12157727 -0.0064929724 -0.1492802 -1.0633072 0.61353564 -0.86541975 -0.49946946 -1.3178189 0.26544797 0.48012972 -0.37194595 0.29487187 -0.4629878
D02149 0.77528495 0.16705333 -0.5836241 0.5405422 1.1117568 -0.37625724 0.24322708 0.10508458 -0.55782455 0.09020326 -0.23999023 0.6079128 -0.45340446 0.15550199 -0.20125808 -0.53709865
hsa3352 -0.4017591 -0.16226842 -0.6164447 1.2460619 0.72861546 0.3855134 -0.5654218 0.682861 -0.4190335 0.3656164 -0.6292604 -0.1186077 0.01761245 0.52302593 0.10271611 -0.96321523
hsa1131 0.49956465 -0.3979434 0.5501143 1.1273168 -0.3158359 -0.26279166 -1.1121981 0.5906015 -0.13140477 0.85758317 -0.56556886 0.77426875 0.18457946 0.032194987 0.19667506 -0.21767284
hsa3351 -0.61343765 0.06642876 -0.26573345 1.4523714 0.384227 0.055879414 -0.33640414 0.7319829 -0.6299925 0.27685574 -0.5462799 0.02627703 -0.040151317 0.6795233 -0.14637843 -0.8655478
D00255 0.922332 -0.44404027 -0.6520755 1.0716269 0.7002857 0.17962351 -0.21131958 0.36346355 0.109514296 0.15542904 -0.47665212 0.32890317 -0.26979786 0.14584385 -0.22188956 -0.16264112
D00437 0.9662333 0.0202692 -0.6031875 0.45391402 0.5941947 0.09859076 -0.33070767 0.3817174 -0.108634815 0.24745144 -0.65495926 0.024956526 -0.15638967 0.21064171 0.095046505 -0.0028933487
D01713 0.23098822 -0.38865432 -1.1503352 1.3672446 0.1818445 0.7717194 -0.26606616 0.37994945 -0.33174598 0.3405538 -0.1495256 0.59751153 -0.14289238 -0.4034042 0.15601222 0.094883144
D01358 0.3195354 -0.57086694 -0.23769534 1.262617 0.49072966 0.4030996 -0.75150967 0.6417122 -0.5742199 0.010405709 -0.008506062 0.98093516 -0.49706745 -0.1344581 0.0871715 0.27010408
D01973 -0.6158442 -0.0445954 -0.6680591 1.206884 0.2981324 -0.2456089 -0.6621085 0.52000666 -0.54570675 0.40977022 -0.7176294 0.5825587 -0.33719605 0.78319335 -0.29131976 -0.72581923
D03621 0.53872806 -0.7624445 0.509268 1.0498006 0.3303 -0.32501802 -1.030753 0.0141863935 -0.7153838 0.12861264 -0.3074549 0.75419414 -0.0053607 -0.20237368 0.33037272 0.3876453
hsa3355 -0.3988409 0.23814942 -0.78286046 1.4135946 0.5861575 0.04752745 -0.3807281 0.9651091 -0.5388848 0.3387373 -0.7195969 0.55704314 -0.06270711 0.67076766 0.05067305 -0.49945801
hsa3358 -0.15241607 -0.2972664 -0.24537681 1.3766928 0.41987994 0.29604492 -0.4227126 0.03444401 -0.5176229 0.6698649 -0.42507792 0.12963432 -0.1524511 0.5086385 -0.051612478 -0.06565253
D02340 -0.10450686 -0.30325228 -0.41922328 1.0228448 -0.04745509 0.4515301 -0.94517875 0.5308005 -0.63102394 0.45625404 -0.07237606 0.45761764 -0.52778995 -0.37825385 -0.40597805 -0.039811745
D00503 -0.15459758 -0.10281379 -0.43005276 0.55929446 0.015239723 0.03358852 -1.35159 0.5016934 -0.7130111 0.9062495 -0.2344884 0.33382726 -0.48951775 -0.18596536 -0.31468648 -0.6762335
D00136 0.1963451 0.16568916 -0.30228594 0.29699984 0.17177466 -0.22544739 -1.1895207 0.24387573 -0.618916 0.31104568 -0.30690625 0.55886537 -0.4711073 -0.09764756 -0.5585841 -0.34728628
D02671 -0.4813691 -0.1795964 -0.23067649 0.8255928 -0.24434039 0.06554305 -1.0811642 -0.026708515 -0.63162637 0.6037457 -0.24496967 0.46214825 -0.3355283 -0.1980503 -0.9678324 -0.608211
D02070 0.82419777 -0.42532322 0.46179926 0.8589089 -0.52766067 -0.35340875 -1.1335498 0.5249441 -0.08467844 0.76273686 -0.6217932 0.14825594 0.58755475 0.5070919 -0.043634597 -0.55495936
hsa3360 0.2059614 -0.111020975 -0.60449964 1.4126414 0.12148431 -0.0055955173 -0.5060171 -0.24079701 -0.76612216 0.33063117 -0.06830033 -0.49323824 -0.18445338 0.36400664 -0.59938425 0.0355639
D00563 0.15037085 -0.6687222 -0.34799483 1.3064144 0.54129726 0.33826905 -0.21191451 0.09192966 -0.82556796 0.40998024 0.015539313 0.6282551 -0.6568615 -0.2597063 0.05886967 0.24199799
hsa134 1.1917483 -1.2231191 -1.20437 0.3971618 -0.72710645 0.89272493 0.4002161 -0.22456594 -1.7477794 0.40719992 -0.88077885 -0.11878724 0.8952995 0.3096966 0.26840526 -0.35127503
D00180 1.0171101 -0.37356207 0.18633606 -0.38082182 -1.2522427 0.37892312 -0.119707264 -0.7780941 -2.2852836 0.007170915 -0.7247658 1.4006573 0.28477845 0.6891189 -0.59681153 -1.6761819
hsa1816 0.2809487 -0.17896555 -0.28725496 0.88860303 0.15882309 0.26244083 -0.68249595 -0.037594795 -0.2597985 0.86205715 -0.4927922 0.37559184 -0.75799584 -0.50189286 -0.66724163 -0.28326324
D02356 0.78498924 -0.32883462 -0.52142686 1.1156561 0.03804888 -0.7503764 -0.26290995 0.29113114 -0.2171709 0.4785853 -0.22827755 0.8016437 -0.124413796 0.39984357 0.34249339 -0.3417634
D00560 0.011558386 -0.076182276 0.20222774 0.57191694 0.51401377 0.56662506 -1.4062437 0.22188778 -0.29091278 0.51049685 -0.6225043 0.588916 -1.0026616 -0.1398606 -0.43875355 -0.64583564
hsa1132 0.5149745 -0.8196363 0.5105182 0.5644814 -0.11216603 -0.15024233 -0.7337925 0.3648338 -0.21745458 1.0787818 -0.5389553 0.4849829 0.40016258 0.53640443 0.12058418 -0.32264704
D01295 0.4483139 0.1613795 0.35757887 1.0188457 0.026028242 0.32375658 -1.0807028 0.07898149 -0.034157053 0.9010423 -0.54157984 0.65756154 -0.17475255 -0.5529133 -0.7058977 -0.24099013
D01390 1.2565807 0.024556382 -0.48479113 1.0400273 0.4661193 0.47089618 0.16233402 0.91664684 0.2305656 -0.13281788 -0.3359386 0.5709635 -0.03167897 0.4565558 -0.8785915 -0.5251255
D01051 -0.027493594 0.3195788 -0.61477125 1.0073845 0.24320453 0.2240108 -0.9793949 0.7260326 -0.5407733 0.488701 -0.40843534 0.19665019 -0.6133046 0.19644357 0.0098416135 -0.008712743
D03858 0.63278884 0.21952051 0.3159728 0.7680815 -0.16123512 -0.24275975 -1.5799658 0.47488928 -0.40526095 0.37799725 -0.4981084 0.6480184 0.18277262 -0.24096523 0.1736015 -0.008016907
D01871 0.050168164 -0.8901044 0.2479628 1.2821847 -0.058445647 -0.1805789 -0.9989214 0.2917894 -0.32167572 0.46847633 -0.2801634 0.9334466 0.061707716 0.24481449 -0.17485076 -0.19937077
D00113 0.59450257 -0.5692677 0.3055138 1.1401464 -0.23308225 -0.46243343 -1.0731916 0.2964499 -0.38160226 0.9891077 -0.07049393 0.31517595 0.10680323 0.31429103 0.47487557 -0.60776114
D00079 1.017953 -0.4996219 -0.054102764 -0.18084273 -1.0657871 0.47431403 0.25039092 -0.9022145 -2.138017 0.15132858 -0.6848166 1.2934806 0.35010913 0.8413249 -0.47738883 -1.3159804
hsa3350 -0.24993654 0.0747804 -0.49799514 1.3287807 0.58222705 0.018523034 -0.60125864 0.45914426 -0.5616891 0.5940677 -0.6004501 0.13543466 -0.35306165 0.43509734 -0.24600774 -0.19898608
D01352 0.8383232 -0.37028354 0.18092202 -0.020209752 -0.72509277 0.42305946 0.35629225 -0.8036437 -2.3776438 0.03855084 -0.64531523 1.2241086 0.1032722 1.0081542 -1.0013223 -1.850733
hsa3274 1.0416818 -0.20635515 -1.2472508 1.1698705 -0.44946072 1.2190024 0.19465761 -0.88681746 -0.30064952 0.63703704 -0.45103016 0.3741947 -0.15043767 0.08234359 -0.1003676 0.15730122
D01022 0.7972007 -0.5358389 -0.7939898 1.0032098 0.5932508 -0.29015994 -0.23069832 0.87760407 -0.37651762 0.0391685 -0.100880004 0.50939286 -0.60645825 0.01891706 0.09613485 -0.3924929
hsa4986 1.3455286 0.5174415 0.3079887 0.34237653 -0.20626329 -0.4734526 -0.9640127 0.09493295 -0.8814561 -0.25809553 -0.3464195 -0.6980733 -0.7837944 -0.3217835 0.111390114 -1.0059693
hsa135 0.8560013 -0.5302515 -1.0898294 0.63048214 -0.7915163 1.2565423 -0.082562305 -0.43267116 -1.7318777 0.2681017 -0.99499154 -0.17763627 1.1479424 0.32646102 0.5089389 -0.39851773
D02578 0.025425201 -0.18108927 0.15887088 1.3103034 0.9875555 0.24897268 -0.12551159 0.004502772 -0.9440187 0.23281671 -0.30544615 -0.47680226 -0.21937996 1.1843286 -0.04791457 -0.15037341
D00300 0.51237476 -1.2379348 -0.119383745 0.8549059 0.45877817 -0.1885393 -0.8333221 0.122914426 -0.4406083 -0.08341657 -1.2506082 0.018258851 0.7447048 -0.28807953 0.27874786 0.07609296
D03274 0.16285668 -0.1327532 -0.64290464 0.49253 0.42629147 0.20791702 -0.5064272 0.41102734 -0.109812945 -0.2841487 -1.1045183 0.8634185 -1.0035187 -0.70003176 0.18243583 -1.00632
D02237 0.424808 -0.493677 -0.31702533 0.5372783 0.44508967 -0.4216683 -0.40648192 0.5104394 -0.47370523 0.063448764 -0.42394972 0.5953298 -0.7717948 0.02497839 0.09626703 -0.5520407
D03879 1.0876992 -0.25307512 -0.6012548 1.1545932 0.7687718 -0.23804446 -0.008013339 -0.15765816 0.16553581 -0.15851484 -0.7227237 0.7369991 -0.22581919 0.7144849 -0.89888775 -0.6197929
D00371 1.2207981 -0.77124107 -0.7959179 0.70423734 -0.8232464 1.0918638 -0.04101371 0.11174269 -1.8148704 0.6187734 -1.1709783 -0.0645091 1.0823269 0.46881476 0.5999245 0.37524286
D00613 0.19153485 -0.37338728 -0.60369337 0.64406675 0.5235906 -0.29850528 -0.22890496 -0.3226017 -0.22307883 0.6435878 -0.57818794 0.73291075 -0.81525856 0.17728692 -0.23021397 -0.5872767
D03881 1.2838886 0.027540019 -0.2631393 1.0135112 0.8287948 -0.43053615 -0.18209787 -0.3265348 0.0131987445 -0.6623259 -0.77582467 0.29956105 -0.17208274 0.23446174 -0.7364588 -0.5194268
D00483 0.7256799 0.26354498 -0.3739311 1.5663446 1.0517027 0.37927347 0.30345026 0.51920587 -0.28590873 0.0649157 -0.17457482 0.25821128 -0.14250095 0.7603672 -0.40728998 -0.25637588
D00509 0.31499833 -0.3984325 -0.9278799 0.97784734 0.62068343 -0.10816181 -0.3002529 0.29365778 -0.23444512 0.13264474 -0.57574236 0.7608216 -0.47995642 0.36056668 0.15852877 -0.21428676
D02150 1.0630685 -0.009052248 -0.6067181 1.5613204 0.61934364 0.23279427 0.44102827 0.9156165 -0.11164265 0.11710204 -0.07765085 0.5144832 -0.20600265 0.46843076 -0.56560683 -0.4102621
D00281 0.5249111 -0.4769626 -0.7040445 0.6923561 0.99058706 0.039454795 -0.28840718 0.35401687 -0.55966794 0.5138951 -0.060674902 0.14313686 -0.6510206 0.31060588 0.56600565 -0.53902864
D00227 0.75475514 -0.9761871 -1.3414179 0.85279167 -0.6466099 0.91742456 -0.24958497 -0.14577663 -1.4607292 0.11115657 -1.0566266 -0.31009686 1.1339748 -0.10015339 0.46954829 -0.023564683
D00790 0.42901403 -0.0054433285 -0.4347141 0.5392637 0.4729649 -0.14647649 -0.5258315 0.4728694 -0.16667794 1.1877354 -0.97555214 0.3128689 -0.41651163 -0.5640424 -0.18012339 -0.814256
D00609 0.6979491 -0.60755336 -0.86456233 1.0180521 0.25294942 -0.3205478 -0.69193435 0.33989865 -0.61787575 0.21178396 0.1937312 0.3154742 -0.8426235 0.03570943 -0.06341915 0.06817229
hsa1133 0.45315528 -0.63509995 0.2520264 0.8999787 -0.058237232 -0.14980187 -0.81540203 0.50358593 -0.22947116 1.11596 -0.3799311 0.4489402 0.20581494 -0.094050676 -0.058382202 -0.5045376
hsa2918 1.2877262 -1.2502509 -0.55212307 -0.6887421 0.39198348 1.2205093 -0.85725653 0.6966304 -0.7816806 0.28592855 0.2227687 1.1853834 0.4961611 1.266746 -1.0963578 -0.9400969
hsa136 1.3376666 0.0024216794 -0.9898959 0.8596071 -0.68267447 1.3163817 0.174157 0.046008006 -1.9157244 0.5754252 -0.94383144 0.048728064 0.93662345 0.4864478 0.64400095 0.2757871
D05312 1.4692982 0.6631923 0.41079777 0.4311843 -0.2764089 -0.65258896 -0.8647792 0.6127069 -1.0403845 -0.32130042 -0.57715845 -0.17250186 -0.78349763 0.008592238 0.18754041 -0.63291395
D02147 1.1694119 0.3587814 -0.7457633 1.7576482 0.3903719 0.25080597 0.6819206 1.0759385 -0.2832743 -0.27962556 0.0615278 0.73406565 -0.21377699 0.27117473 -0.68114907 -0.4720564
D02327 0.6131638 -0.011668556 0.20431083 0.7036865 0.70897335 -0.43022877 -0.6526994 0.15592001 -0.53728974 -0.5992955 -1.2722354 0.19888492 0.92252505 -0.32604775 -0.42954677 -0.34823716
D01020 1.187791 -0.1757781 -0.5966607 0.7709189 0.64832354 0.14081192 -0.52744895 0.7475024 -0.08431214 0.43662238 0.57199234 0.549091 -0.35380018 0.82848513 -0.16118945 -0.43075714
D00095 1.1072801 -0.056634292 -0.5601333 1.1162844 0.9991818 0.12583627 0.3200476 0.64420605 -0.11285855 -0.022497373 -0.08575312 0.81161255 -0.24011748 -0.34182906 -0.4228279 -0.7193471
D00059 0.82755023 -0.07602039 0.023952711 -0.15146257 1.0552328 0.52989215 0.04781347 0.45565537 -0.6500738 1.0796046 0.23875925 0.6173033 0.26648507 -0.08337886 -0.46547186 -0.8172265
D00234 0.01374246 -0.7835509 -0.1129598 0.34965837 0.45507985 0.7214892 -1.7847277 0.06805114 -0.10575693 -0.036563974 -0.6847156 0.4624212 -0.31018233 0.08804483 -0.13637745 -0.33857062
D00110 0.7948816 -0.04124856 0.33952254 0.6820774 -0.16502587 -0.19873777 -1.3606066 0.14899893 -0.0058028917 0.97352165 -0.22204702 -0.3324655 -0.17584006 -0.07582791 -0.08083517 -1.1783544
D02566 -0.027487125 -1.0693483 -0.56296486 1.1114315 0.6091685 0.26370996 -1.119204 0.84048516 -0.39984092 0.046548504 -0.45434842 0.82782084 0.22448143 -0.20575786 -0.15350534 -0.114951484
D01712 0.8420419 -1.005076 -1.1229955 0.679823 -0.8187301 0.9619756 0.080841035 -0.16970049 -1.6408387 0.601826 -1.051461 0.06879539 1.0569034 0.6032807 0.46773934 0.08605079
D00274 0.4659686 -0.08260927 -0.4533641 1.1065238 0.09986591 -0.77757627 -1.0714294 -0.24959315 -0.81866133 0.45635727 -0.081195995 0.25817508 -0.028474275 0.41300538 -0.6870996 0.39280787
D02359 0.95014393 -0.49654123 0.07778304 0.68535495 0.5603429 -0.12234631 -0.17573744 0.05581911 0.22575466 -0.08585766 -0.8190943 1.3615396 0.21062306 0.89028835 -0.9761761 -0.032267787
hsa222545 1.0941715 -1.4133456 -0.39457905 -0.65309024 0.19466604 1.2991443 0.19268107 -0.0120769525 -1.5973107 0.28521356 0.31572834 1.0767802 0.30751213 -0.009799269 -0.79507476 -1.9338115
D00419 0.830156 -0.12731391 0.49942172 0.117208034 -1.3445541 0.10519585 -0.052926507 -0.5852271 -2.2033346 -0.04844545 -0.9712761 1.5727396 0.20152694 0.938269 -0.6825262 -1.4815546
D02884 1.1875205 -0.7805516 -1.0885009 0.62450105 -0.74506575 1.5704012 0.24172887 0.021207184 -2.068828 0.38569784 -0.980538 -0.2422642 1.0681688 0.5620718 0.40319648 -0.1424961
D05129 0.06523957 -0.082205035 0.20554247 -0.1492372 -0.19233662 0.33066997 -0.25429866 0.25522807 -1.7672224 -0.077976584 -0.6272926 0.8841362 0.9104391 -0.83360815 -0.13489749 -0.9424265
D01603 0.75054455 -0.5898925 -0.72212064 0.82259285 0.4853346 -0.31972104 -0.37568638 0.37987542 -0.15901254 0.1442859 -0.7166631 0.5610153 -0.4192702 -0.21052647 0.3397965 -0.15108179
hsa4985 0.87997305 0.2617409 0.84487337 0.579358 -0.07314338 0.22394098 -0.9491087 0.07241573 -0.7099011 -0.18738098 -0.91697294 -0.26715404 -1.3547548 0.16421817 -0.061099052 -0.5369928
D00426 0.38562068 -0.05066448 -0.49048832 0.6707308 0.9701569 0.30512068 -1.0670803 0.45297262 -0.64474076 0.3232837 -0.2694464 0.52286756 -0.73008746 0.21897775 0.061800305 0.27680317
D00665 -0.11159375 -0.3879435 -0.09625896 0.23469302 0.8972426 -0.1146045 -0.24077883 0.6978071 -1.0955887 -0.3563148 -0.7542349 0.35636973 0.7967713 -0.75958824 -0.7029203 -0.57517684
D01024 0.7651884 -0.2565298 -0.7129404 0.8042019 0.6194438 -0.5516798 -0.6956932 0.31135434 -0.29303348 0.7025766 -0.7462298 0.6266356 -0.2582759 -0.024548719 -0.068393685 0.049260445
D02354 -0.36412513 -0.57791394 -0.43061367 0.8493669 -0.4193557 0.06090131 -1.4727284 -0.13188744 -0.82464707 0.38565093 -0.30351433 0.41498187 -0.8334272 -0.28710568 -0.19170256 -0.55606854
D02066 0.8629333 -0.13465384 -0.734043 1.288303 0.6679621 0.10967498 0.17454453 0.4979457 0.1485394 -0.6873781 -0.68119764 0.65333784 -0.10464819 0.7405194 -0.65788996 -0.7651022
hsa3362 -0.28855988 -0.15820053 -0.46805015 1.5985936 0.35286087 0.68148404 -0.2939345 0.020220673 -0.4629051 0.58264023 -0.52972174 -0.09884316 0.037262198 0.24369872 -0.30683616 -0.3452353
hsa6752 0.92681855 0.04855406 1.3450564 1.1712321 -0.17206961 0.82333946 -0.9127756 -0.07394885 -0.85161453 -0.7600747 -1.6462959 -0.2665294 -1.1633552 0.06836462 0.24188744 -1.0205865
D00480 0.9088613 -0.69247276 -0.5703732 0.5672561 0.25853592 -0.26297483 -0.6920488 0.56416005 -0.035156544 0.80111027 -1.154815 0.29123873 0.17477824 -0.63304293 -0.19443427 -0.24518876
D00632 1.0291373 -0.36271918 -0.31765032 1.0808126 0.7068683 -0.15154359 0.2690188 -0.4440788 0.16444767 -0.039865196 -0.9416708 0.54084957 -0.29865956 0.80903375 -0.9773789 -0.45963535
D00607 0.967837 -0.4053845 -0.69351435 0.66965693 0.6842149 -0.32732785 0.05592725 0.7432609 -0.35547417 0.30702636 -0.444776 0.5575782 -1.0451901 -0.1037891 0.24447115 -0.3971215
hsa5739 0.6906572 -0.016766014 0.058295276 -0.41200393 -0.8505929 0.39350438 -0.0723063 -0.49038947 -2.5096002 -0.11569004 -0.93467987 1.4798892 0.41195887 0.4684426 -0.85711217 -1.6033679
D01118 0.84948486 -0.62218153 -0.4249011 0.72900903 0.11355759 -0.39418918 -0.5564624 0.46566343 -0.18760954 0.8528438 -1.2480656 -0.13191622 0.40615925 -0.4162375 -0.2557006 -0.09069503
hsa5737 0.78276384 -0.13038518 0.47175533 0.14585407 -0.98193675 0.059218045 0.32594302 -0.79273796 -2.2988756 -0.17504826 -0.66737574 1.320041 -0.24662027 1.3123465 -1.2796035 -1.7691934
D04979 -0.025133789 -1.2433536 -0.24520925 1.225838 0.22680902 0.5779762 -0.8627259 0.30456677 -0.68009543 0.29399198 -0.095392086 0.9631134 -0.26476005 -0.60850775 -0.37223396 0.0658207
D02725 0.8197625 -0.09791034 0.7003702 0.19452736 -1.2262343 0.1055904 0.1036513 -0.5922763 -2.2238104 -0.23120502 -0.870401 1.490777 0.06851179 1.2783594 -1.0373343 -1.6145318
D00397 0.7971285 -1.0427756 0.4835263 0.355751 0.33705324 -0.11830862 -1.0670317 0.26065847 -0.46938553 0.7235379 -0.23386762 0.34753147 0.7539085 0.7827318 -0.27736914 0.06962229
D00106 1.2662545 -0.86991054 -0.3421113 -0.45388168 -0.71551186 0.41185474 0.15347971 -1.2500166 -2.144522 0.4670233 -0.58608574 1.155093 0.23767217 0.5448067 -0.07343108 -1.4762877
D02076 0.4885662 -0.79184407 -0.58450085 0.43301997 0.8954117 -0.6367793 -0.05586527 0.5349391 -0.7606109 -0.29563034 -0.51714313 0.21042107 -0.38503146 -0.3538868 -0.29435 -0.720769
D03415 1.0852461 0.49673256 -0.60843354 1.0615973 0.8445476 0.45072368 0.06953959 0.14357331 0.2806892 -0.1397265 -1.2814292 0.82965493 -0.2586877 -0.03070435 -0.5792621 -0.2134295
hsa5733 0.5651308 0.20690273 0.68633425 0.0070820376 -1.138554 0.07565827 -0.078310356 -0.3823301 -2.409242 -0.3740188 -0.983209 1.5760994 0.560358 1.0520223 -1.0416648 -1.285537
D01236 0.44073677 0.2717384 0.41282743 0.9750027 0.5135423 0.97082704 -1.0734799 0.6510247 -0.078851506 -0.23131804 -0.83706987 0.91090596 -1.4243721 -0.31137183 0.3901708 -0.79066175
D01717 0.40647176 -0.72750986 0.081801735 0.7335673 -0.04118098 -0.03639207 -1.0729514 0.68546534 -1.0457553 -0.12942852 0.21236172 -0.12744644 0.26054537 -0.77515435 -0.9461432 -0.47823232
D00336 -0.39371628 0.53383553 -0.15250744 0.22119382 0.039535113 -0.5572739 -0.45771408 -0.13313839 -1.2376075 0.31301332 -0.54331315 0.9522241 -0.36652082 0.8957921 -0.9567223 -0.45763472
D00676 -0.78900945 -0.020475915 -0.33120304 1.1811533 0.9438292 0.053040482 -0.3508711 0.87513804 -0.8735794 0.32273284 -1.0067861 -0.035261847 0.5880064 0.3794813 -0.051647376 -0.847689
D00646 0.8117576 -0.40191805 0.2065908 0.73751146 0.24368131 -0.7268744 -0.4183657 0.21710798 -0.12266431 1.2543027 -0.77253723 1.0442826 0.21675964 0.29678088 -0.45155802 -0.081069134
D02342 1.4518785 0.115028344 -0.49072492 1.1022961 1.1564046 0.596922 -0.10477232 -0.41145945 0.16166411 0.032145914 -0.23233584 0.48664352 0.19608782 0.49153104 -0.43197674 -0.64345336
D00521 0.5149195 -0.023021674 0.8411814 0.71615666 0.06925764 0.4432499 -1.1462104 0.53601336 -0.23812237 0.29517874 -0.9773828 0.40610972 -0.37938064 -0.59624094 -0.08447853 -0.35520864
D00604 0.39538726 -0.5527405 -0.9689512 0.68462795 1.2117332 0.09024571 -0.28153837 0.31952634 -0.69695693 0.25640053 -0.37849492 -0.20585398 -0.94169486 0.53083086 0.6194272 -0.6930859
D00837 1.1852728 -0.12679915 0.028845664 0.31938255 0.5499904 -0.6680517 -0.33286163 0.29088515 -0.9179376 -0.49385667 -0.6715426 -0.43150228 -1.0678519 -0.16972972 -0.16842858 -0.7399729
D00645 0.59161186 0.0395205 -0.108561456 0.7811009 0.9612006 -0.10914739 -0.108610146 -0.110972986 -0.5354173 -0.1768441 -0.94322366 1.1213387 -0.046868566 0.4016967 -0.2615137 0.68238217
hsa140 1.097732 -0.4534039 -1.1010858 0.8625302 -0.7763408 1.2835566 0.11889191 -0.32996762 -1.7218384 0.10015078 -0.98297215 -0.4623765 0.9265813 0.36587965 0.43707266 -0.12070439
D01126 0.8923072 -1.258465 -0.08677263 -0.26534694 0.4914654 1.0511643 0.16194339 0.0029522947 -1.1265296 0.5617176 0.31782213 1.2231562 0.468987 -0.35271418 -0.84037656 -1.8469056
hsa3354 -0.24751464 -0.1063623 -0.58221316 1.7947873 0.718145 0.1514861 -0.36280224 0.5063272 -0.46529222 0.520564 -0.45448247 0.08385051 -0.122433804 0.628947 -0.25104597 -0.48601803
D02614 0.8810101 -0.38352957 -0.1938972 1.0098017 1.0003493 0.061374396 -0.08652606 -0.3082053 0.122793265 0.08140376 -0.9077041 0.49334103 -0.26515025 1.0128089 -0.43816623 -0.24986483
D02374 1.1368978 0.26501733 -0.44466382 1.3934959 0.88696355 0.10799873 0.19157219 0.188164 0.037951928 0.09143566 -0.035026714 0.51271164 0.12191489 0.6308666 -0.31843415 -0.4705676
D02358 1.5002593 0.25525367 -0.46521905 1.2960441 1.2916495 0.27746525 0.2131027 -0.34368226 0.026910927 0.1335289 -0.11696001 0.55033976 0.3321199 0.80702335 -0.39687553 -0.5013949
D00232 0.8421756 -0.14001411 0.59924304 1.3050474 -0.21529399 -0.39576423 -1.043222 0.22977538 -0.09970992 0.7473281 -0.33004308 0.120931104 0.27950776 0.51761615 0.15428445 -0.39978155
D00838 0.9731063 0.19241527 0.4615306 1.1897361 -0.3431645 -0.6838778 -0.7400231 0.38084063 -1.2455902 -0.12316983 -0.50082475 -0.79813695 -0.8502546 0.31686085 0.1944334 -0.5056948
hsa8843 0.09046339 0.16849479 0.32947958 1.9272108 0.2616054 0.2860958 -0.4119332 -0.32188714 -1.264432 1.154863 0.32909304 0.07939705 1.0524321 -0.03737533 0.29010037 -0.35446176
hsa2916 1.5874527 -0.63906693 -1.0891865 -0.39710414 0.4825965 1.4745944 -1.0561723 1.1486233 -1.1677802 0.042697236 0.576396 0.91922104 0.28838235 1.5102037 -0.99948436 -0.9609369
D00627 0.95782685 1.064939 -0.69604266 0.33115205 0.080607325 0.31525764 -0.841341 0.21176293 -0.107693374 -0.90952855 -1.3676182 0.7921294 0.28595507 -0.7645561 0.14962104 -1.1449318
hsa59340 -0.116197534 -1.2076861 -0.34438816 0.94584054 0.49503317 0.44596153 -1.2175769 0.6733682 -0.15169604 0.30019608 -0.83860546 0.28658658 0.1930778 0.13890328 -0.033618204 -0.26991224
D02250 0.9851414 -0.07579972 1.533876 1.074826 -0.029588228 0.9181559 -0.43869218 -0.016059805 -0.63590014 -0.5343283 -1.8787013 -0.14586695 -0.95851284 -0.06630465 -0.31819 -1.0317765
D01699 0.7175653 0.11855427 1.251399 1.042431 -0.38581127 0.35217825 -1.2843435 0.92649746 -0.3385447 1.1056838 -0.61095554 1.0877683 -0.35269558 -0.6264675 -0.024741262 -0.70931804
D01227 0.17370859 0.0194646 -0.97744066 1.5161742 -0.92587113 0.15731561 -1.1910968 0.39649346 -0.3637739 -1.0237826 -0.95037127 -0.2514357 0.4455652 -0.3041371 0.32474202 -1.3552219
hsa3357 -0.23534018 0.40618134 -0.7953544 1.6374735 0.40514666 0.35364562 -0.42804265 0.1934267 -0.44554743 0.3157253 -0.42220843 0.053512804 -0.062975906 0.84742856 -0.05028987 -0.3214204
D02338 1.1803215 0.108519755 -0.72600126 1.330014 1.1170357 0.4353219 -0.2452495 -0.0359773 0.3478195 0.18726498 -0.3715776 0.6364461 0.11879354 0.43357158 -0.5960378 -0.5942081
hsa2914 1.3729804 -0.5770517 -0.903474 -0.4102874 0.4766069 1.529239 -0.8794577 1.1873778 -1.2052784 0.10236688 0.6138028 1.0456495 0.13918123 1.4565688 -1.0718379 -1.1891059
D00415 -0.14890376 0.06816225 -0.07560084 1.6598083 0.87553394 0.059543908 0.1195848 0.73543507 -0.7085663 0.62826174 -0.90404814 -0.6490786 0.3526633 0.96155286 0.039062772 -0.9063646
D00332 0.6672071 -1.224372 -0.9554897 -0.015173525 -0.24823686 0.18313447 1.034217 -0.17636131 -1.241478 0.22610591 -0.65009165 0.3988047 0.29499993 0.18662651 0.07317386 -0.7775914
D05246 0.73111695 1.1538563 -0.56615835 0.71951526 -0.3361716 -0.19711922 -1.3578287 0.47135857 -0.8174119 -0.7189234 -1.4222425 0.23927574 0.8880259 -0.52038854 0.3388112 -0.6411479
D01324 -0.18942803 -0.92150164 -0.14076298 1.0410426 -0.37006432 0.030416243 -1.0090561 0.39282513 -0.61437035 0.30507365 -0.12838048 0.8290557 0.14867364 -0.7033823 -0.34301916 -0.6562877
D00520 0.27346018 -1.2285309 -0.6857994 0.7264584 -0.56432444 0.5052017 -0.985451 0.11651424 -0.27505392 0.028907038 -1.2378947 -0.08348608 0.5979202 -0.6150443 0.29279864 -0.3623048
D01891 0.92309666 0.021963336 0.9755743 0.20184423 -1.2363565 -0.13731772 -0.067765154 -0.50253797 -2.1136222 -0.2509909 -0.9253138 1.580172 0.16535863 1.3367898 -1.0584943 -1.499884
hsa11255 0.56495106 -1.3704213 -0.5895458 0.6651194 0.63363624 0.21587572 -1.4086955 0.6112239 -0.045589164 0.032674927 -0.7969213 0.5225155 0.2844422 -0.15452707 0.4140578 -0.17828274
D02082 0.58053017 0.8540296 -0.16150472 0.21725434 0.291177 -0.29382312 -1.0169715 0.36684325 -1.2974038 -0.69113255 -1.3215963 0.4593171 1.1475703 -0.5413904 -0.04247377 -0.78499085
D00540 1.0111479 -0.026704183 0.45881543 1.0447478 -0.490643 -0.79452634 -1.2515458 0.51911217 -0.25099045 0.61596096 -0.18502086 0.31617665 0.39301234 0.5423771 -0.08452819 -0.67625725
D00682 1.1071951 -0.3493613 0.22244142 -0.10582006 -1.0584663 0.531728 0.27886996 -1.0379646 -2.5896783 0.0116133075 -0.7098717 0.9864546 0.29557666 0.9527143 -0.56625205 -1.5746135
hsa64805 0.71838564 -0.40837073 -0.31793627 0.0005975263 -0.11375484 0.3967962 0.1291846 -1.4246031 -1.5067886 0.6600936 -0.54937255 1.098933 0.53526723 0.14702661 0.55823374 -0.42330754
D01441 -0.27804872 -0.00948816 -0.8075737 0.51265544 -0.23072825 0.22245209 -1.4761492 -0.12854469 -0.16395545 -0.24992119 -0.7294167 0.8646898 -1.2560049 0.19188666 -0.7884444 -1.6936083
hsa2917 1.569028 -0.90876484 -1.0338924 -0.47304833 0.5876623 1.5544491 -1.0556421 1.0202099 -1.00221 0.31974044 0.40467855 1.0617893 -0.059623398 1.2483723 -0.98871726 -1.241823
D03490 1.6153905 0.60317093 -0.13835485 1.4104874 1.259889 0.39527375 0.1546609 -0.36054495 0.11304947 0.10166434 -0.6001165 0.6119613 0.284759 0.6830023 -0.52162576 -0.7127047
D00601 1.5002382 -0.00644458 0.03479381 1.2797228 0.7952111 -0.15015574 0.3090505 -0.22643402 0.15992327 -0.34104857 -1.0335029 0.4848066 -0.025187727 0.20181882 -0.57789683 -0.4463207
hsa2912 1.460977 -1.1269069 -1.1008738 -0.5568172 0.62173545 1.6780076 -0.47918397 0.8916141 -1.2328774 0.40343016 0.61562455 0.84703445 0.12833041 1.0250466 -0.7905221 -1.289658
hsa5731 0.7013419 -0.017598322 0.36807746 -0.007501296 -0.8722407 0.18087907 0.0936748 -0.80091673 -2.406115 -0.17740491 -0.81608206 1.2990227 0.23123239 1.248645 -0.90755093 -1.3088454
D04040 0.48193544 0.81242967 -0.46431592 0.29455733 0.23083141 0.12221296 -0.9303531 0.6696014 -1.1363811 -0.8391214 -1.3817015 0.53743684 0.95036685 -0.7576276 -0.028712377 -0.7070418
D00715 1.0412204 -0.20811534 0.5565162 1.2532914 -0.36024323 -0.6708153 -1.1256368 0.3375305 -0.27074632 1.0032947 -0.2641286 0.1604562 0.6043857 0.46095347 0.084586166 -0.46669266
D00235 1.4381379 0.36776686 -0.5113425 0.89019114 1.1153572 0.33195284 -0.2653325 -0.23872787 0.11465586 -0.11017511 0.020935109 0.87237746 0.21691895 0.9265987 -0.41215542 -0.51676047
D02279 1.0545427 -1.2995201 -0.22311154 -0.31166357 -0.05413949 1.0491474 0.69246787 -0.21072593 -1.37916 0.5750214 -0.029642528 0.90883875 -0.056348648 0.14273901 -0.6421576 -1.5645279
D00498 1.1120775 0.2670358 0.3489026 1.146666 -0.3917861 -0.74240375 -0.32793182 0.7763887 -1.302091 0.052926615 -0.38203877 -0.40245342 -0.8928066 -0.32821542 0.22282548 -0.3515867
hsa6755 0.65218973 0.016647073 1.1950445 0.9433025 -0.18842466 1.0881382 -0.8042769 -0.08905561 -0.9917345 -0.3842958 -1.4534961 -0.117822476 -1.4512541 0.3850514 0.3973228 -0.94182414
hsa5732 0.7191609 0.0042710826 0.27544382 -0.4172338 -1.2534757 0.1587744 -0.43384776 -0.5364885 -2.174501 -0.0824864 -0.9937621 1.5781605 0.4164665 0.6309199 -0.5122788 -1.3524233
hsa3363 -0.4910163 0.19945157 -0.9112995 0.9849102 0.1754299 0.18999772 -0.8294885 0.9401595 -0.39353925 0.7702788 -0.81736624 0.370397 -0.19307922 0.5578477 -0.18925974 -0.5071788
D00356 0.80538803 -0.123237535 0.83794576 0.35470492 -1.3670585 0.021023646 0.06273752 -0.6066961 -2.2508278 -0.1806058 -0.842326 1.4408517 -0.118981265 1.3732153 -1.1864188 -1.8337373
D02234 0.5665596 -0.32738483 -0.46201557 0.9392066 0.52564913 0.56436944 -0.8473963 0.7918349 -0.00027553027 -0.3069136 -0.445388 0.93515414 -1.0234528 -0.040419802 0.7247222 -0.52501976
D00410 0.9737384 -0.62603617 0.530112 0.52942675 1.1381369 0.46671653 -0.76338583 0.012699239 -1.0549297 0.6727054 -0.7369403 -0.36347285 0.79297274 0.472365 0.33134255 0.56466943
D00598 1.1821182 0.43985602 -0.24028115 1.0006129 1.1798213 0.7148732 0.02121706 -0.44899336 -0.06712981 0.13373998 -0.19210309 0.7633099 0.49177834 0.78161705 -0.3316299 -0.41952848
D02910 1.374171 -0.06983043 -0.69723654 0.94125 0.7930059 0.085075825 -0.39867663 0.09226997 -0.086515106 0.95989287 -0.4534701 0.26273134 0.07656855 -0.27704307 -0.36246556 0.05787498
hsa10161 1.0836408 0.82189214 -0.57665545 0.21032621 0.23464975 0.6469441 -0.4512792 -0.5211441 -1.9409043 0.568854 -0.62631226 0.19395797 0.96015567 -0.18284123 0.7484808 -0.18340485
D00687 1.0008845 0.005007195 0.18181267 1.0247653 0.3437222 0.72145206 -0.056973346 0.0027107124 0.6435246 -0.51475066 -1.6155059 0.48132208 -0.6612394 -0.17228566 -0.41587856 -1.0225753
D03442 1.4107172 0.04328374 1.2341056 0.7400133 0.69768333 1.1085095 -0.2508157 0.10488972 -0.39600396 -0.6591532 -1.8267128 -0.2080607 -0.49736357 0.06999751 -0.6904614 -1.3123772
hsa7201 1.1071273 -0.33779132 0.55915314 0.14473125 -0.0257427 0.3838273 -0.5922139 1.0812969 -1.290261 -0.81267214 -1.1359421 -0.88196146 -1.1664999 0.3650074 -1.3288717 -0.64580095
D02007 0.97622854 -1.157749 0.10943434 0.21909441 0.3613803 -0.17432915 0.12428734 0.5989288 -1.23476 -0.8157904 -0.6976096 -0.7331263 -1.1156579 0.14184989 -0.8576303 -0.7627156
hsa2913 1.3860991 -0.9831042 -0.85597986 -0.6315645 0.4582868 1.4372954 -0.7033647 0.9150981 -1.1934319 0.6105198 0.5970818 1.0111698 0.19487752 1.2111319 -0.8590067 -1.1037601
hsa3361 -0.4470278 0.05200089 -0.8535599 1.8494145 0.6970609 0.29105043 -0.31388524 0.49928778 -0.6020919 0.52343607 -0.44272888 0.33128488 -0.1313909 0.49327007 -0.24543867 -0.29424465
D00635 1.2021247 -0.10554736 0.19338155 0.8113162 1.0034761 -0.11367536 -0.23099038 -0.18671781 0.0668174 -0.620107 -1.1645705 0.30292228 0.62363416 -0.18450588 -0.5427737 -0.44335338
D03365 0.4460452 -0.32890782 0.8280055 1.5445951 0.21122834 0.045352694 -0.29026946 0.10849579 -1.2772998 0.9370065 0.39730552 0.52053064 0.5277208 -0.4653455 0.3146169 -0.27128935
D00442 1.0072244 -0.067322254 1.2272779 0.89326173 -0.012981806 0.90940166 -0.74596506 0.056077655 -0.5306277 -0.43434304 -1.7673515 -0.35896492 -1.0487787 -0.054621942 -0.06943458 -0.78860503
D02278 1.2558745 -1.4907829 0.08045137 -0.46936744 0.004117395 1.0283253 0.31491286 -0.22289155 -1.4510167 0.29311335 0.18422458 0.91151655 -0.15368548 0.06077014 -0.94569117 -1.8737159
D00394 1.1217316 -0.30615756 -0.6435505 0.30273283 0.4149013 0.1803797 -0.89929736 0.38895324 -0.2997361 1.202732 -1.794021 -0.16688767 0.3676123 0.050027426 0.18996626 0.41141677
D01103 0.8228088 -0.41783714 0.71374565 1.2244326 -0.04217116 -0.74209046 -1.0969085 0.570479 -0.42154646 0.48174062 -0.033698443 0.23082174 0.51273227 -0.0059569078 0.054272674 -0.8530945
D01269 0.48684034 -1.0956923 0.36747774 0.92524314 -0.19858809 -0.85173196 -0.74776185 0.487506 -1.0057256 0.06473001 0.18771929 -0.044711735 0.3753216 -0.19916312 -0.5065776 -0.7275199
D01454 1.151877 0.47174606 -0.7319517 1.489737 0.39556015 -0.0041413107 0.44428962 0.96130127 -0.4311727 0.44943544 0.39576316 0.34785292 -0.19723669 0.7232518 -0.35048667 -0.45460364
D04006 1.3063145 -0.58927214 -1.1552135 0.87209034 -0.68610305 1.2417157 0.22521733 0.24612935 -1.9762557 0.6317353 -0.78666496 -0.07798849 1.2646084 0.7183044 0.5702171 0.39198944
D03187 1.2573824 -0.07665384 0.47722062 -0.20734496 -1.4837574 -0.26124245 -0.118257366 -0.50880575 -1.8195355 -0.12409127 -0.7515879 1.5723025 0.31978413 0.8280707 -0.44249082 -1.4267989
D00666 0.46057594 -0.104287624 0.0034627914 1.0185014 0.38857567 -0.5981923 -0.66323143 0.49927878 -1.2357177 -0.34938705 -0.6194599 0.28190744 0.54792285 -0.90760577 -1.0591916 -0.09777873
D05938 0.4023059 -0.37101212 0.27064654 1.2956717 -0.25645685 -0.54742664 -1.0595706 0.05532039 -1.1759613 0.21357678 -0.27319217 -0.02497155 -0.7665455 -0.48735282 0.12853809 -0.05339842
D01925 0.85107636 -0.4682243 -0.15332213 -0.259939 -0.2983986 0.23905607 -0.5924969 0.8864953 -1.7291552 -0.18539244 -0.9270904 -1.1095359 -0.83499616 0.42169684 -1.3619286 -0.041971456
D02588 0.8839951 -1.0106454 0.07571755 0.3547806 0.08326679 0.15201664 -0.7808087 0.85650295 -1.2987041 -0.7650911 -0.6646263 -0.90609294 -1.3590062 0.44829467 -1.1365334 -0.18340147
D04716 0.90797305 -0.5669375 0.28354618 0.6884741 0.26314208 -0.60675746 -0.3040044 0.23191647 -0.5728496 -0.03000946 -1.18948 0.31012294 -0.38806912 -0.23346405 0.06696879 0.3060692
hsa6915 -0.2999483 0.47553203 0.08355237 -0.078684516 0.09756337 -0.13330705 -0.049626376 -0.38965198 -1.6501367 -0.018886622 -0.7433799 1.4006591 0.19420539 1.0751365 -1.385405 -0.3569991
hsa56413 0.9824239 0.17170717 1.0971037 1.1177738 -0.71546817 1.676267 -0.562648 -0.48279905 -2.0468342 -0.4843649 -1.5877415 -0.43457988 -1.425362 0.04594034 0.38937432 -1.24938
D03642 0.040738698 -0.1452264 0.101735726 -0.2378094 0.8731667 -0.009650659 -0.19394705 0.18204135 -1.0741439 -0.0385956 -0.8425039 1.4392962 0.8588895 0.6984271 -1.2157897 0.04539781
hsa2550 1.2497675 -0.1070137 -0.39327097 0.48300195 -0.31406564 1.5645899 -0.79959816 1.2197332 -1.724362 -0.67000854 1.1003127 0.28325075 0.8721161 2.1527507 -1.2837896 -1.2999432
D00049 0.58717686 -0.6375117 0.58640975 0.59558576 0.988574 0.7085764 -0.035131715 0.02787785 -1.5971457 1.1572895 0.32842714 0.23000994 1.0153489 0.024515783 -0.21421921 -0.12264669
D00465 0.7218045 -0.42418516 0.18756932 1.0465713 -0.56263095 -0.7622482 -1.0166606 0.31690753 -0.36245504 0.9694273 -0.06356342 0.7160171 0.5881255 0.3600905 -0.11283363 -0.5567881
D00400 0.6402794 0.84594315 -0.3716096 0.8378023 0.10353452 -0.31879637 -1.52584 0.6504977 -0.65406847 -0.5427774 -1.7372961 0.40802228 1.0726099 -0.77851605 0.17151746 -0.39246237
D05113 1.4899813 0.5235765 0.103430554 0.616671 -0.08104925 -0.65528834 -0.47083297 0.43000102 -1.2413241 -0.48365065 -0.69355273 -0.42695978 -1.2023859 0.1634503 0.3699701 -0.58115304
D00522 0.9319539 1.3668118 -0.8732276 0.35609147 -0.03147783 0.3463652 -1.1957164 0.43840316 -0.8871632 -0.8348822 -1.4595207 0.5530187 0.67602414 -0.7192885 0.38926652 -0.59386295
D00524 0.9747613 0.22178994 0.29706395 1.9800351 0.13463613 -0.7127641 -0.49067998 -0.1122829 -0.7092519 0.98133713 0.18697894 0.6438977 0.8405686 0.17376168 0.24538192 -0.32145187
D00422 1.494129 -0.026986022 -1.664971 1.4726886 -0.58614993 1.6351529 -0.22917715 -0.8631326 -0.35787663 0.83209765 -0.45562312 0.57650644 -0.88036925 0.11440688 0.22025646 -0.43503484
hsa6751 1.3598068 0.21263827 0.933996 0.6014966 -0.17597207 0.746262 -0.85046756 -0.25112873 -0.86688614 -0.5409123 -1.6405228 -0.53587925 -1.1693289 0.20460626 0.29229084 -0.52947974
D05341 1.4530997 -0.8423458 0.040202897 -0.581722 -0.68535686 0.95686096 0.33028594 -0.9530729 -1.9824373 0.40638107 -0.18024684 1.4839294 -0.054610994 0.6060673 -0.6467851 -2.0687606
hsa1815 0.5557551 -0.42031547 -0.020873293 0.82698166 0.021234484 -0.2313225 -0.6820242 0.76885325 -0.33832803 1.229468 -0.2971165 0.14229988 -0.31645918 0.4246822 -0.23728502 -0.3070394
D02826 -0.40430287 -0.3761835 -0.803459 0.8931995 0.78803986 0.52277094 -0.9491108 0.6970739 -0.5320775 0.27168363 -0.18242982 -0.11933334 -0.039282043 0.38978544 0.19498633 -0.98889625
D01828 0.03032116 0.21582814 -0.23965342 -0.30200577 0.9097326 1.1505013 0.079443716 0.65613335 -1.222844 0.89780587 -0.29146004 0.7344129 0.8741913 -0.40081564 -0.042394947 -1.2343311
D01386 1.5280674 -0.51116085 -0.16325395 1.0264455 0.1149746 -0.11618892 -0.21852551 0.94752055 0.38329005 0.30026564 0.13652828 0.6575584 0.05389266 0.6914942 -0.37889433 -0.6680867
hsa4543 0.24244316 0.14936239 1.01586 1.3574723 0.75889164 0.54978275 -0.54594207 -0.6054902 -0.7361866 -0.24164294 -1.0591915 -0.15531677 -1.4193152 1.1643019 0.38015836 -0.4617
D00779 0.8840252 0.02653964 0.2415282 0.99760914 -0.39170673 -0.85862744 -1.4157954 0.4464999 -0.4363727 0.6997829 -0.37559786 0.47909105 0.40915123 0.3636643 0.06913995 -0.17797934
D00673 1.5127041 0.026630608 -1.6734046 1.5731789 -0.22925045 1.5975419 -0.06141466 -0.9824013 -0.54427916 0.6337088 -0.3925013 0.6287435 -0.7896551 0.39991215 0.02652957 -0.4478573
D00295 1.4266311 -0.05478208 -1.4297793 1.581805 -0.49663547 1.6724393 0.14340918 -0.9026067 -0.46015805 0.89576846 -0.16411775 0.45383495 -0.7574503 0.19901262 0.059830163 -0.49521977
D01964 0.94051254 -0.10654438 0.8744826 0.44017076 -1.2466992 0.21324392 0.21003236 -0.6776747 -2.3876388 -0.27308962 -0.72542214 1.241735 -0.20032343 1.5055665 -1.2360221 -1.9223182
D00380 0.045463488 0.53357416 -0.044535026 -0.09679618 0.8176969 0.50383824 -0.11069216 -0.069805615 -1.2506961 0.03829528 -1.202243 0.3950167 0.22115232 1.2234325 -0.64714444 0.6815577
D01346 0.7341888 -1.0074935 -0.14455707 -0.55476946 0.5386445 0.6677895 -1.0779884 0.29466653 -0.25949088 -0.112000756 -0.16047691 1.2367662 0.49657556 1.1906848 -1.1341869 -0.31030664
D00364 0.22551109 -0.16354424 -0.57713157 0.8198724 0.10093417 0.059987035 -1.450112 0.17724766 -0.82048255 0.6414768 -0.29833594 0.23929027 -0.003289685 -0.48999742 -0.1616813 0.10071797
D00683 1.2495457 0.00985607 -0.55710554 1.7428287 0.1565754 0.18673469 0.35985532 0.8581611 0.32109362 -0.77050966 -0.63277805 0.7042668 -0.28328487 0.33917442 -0.91689736 -0.9808276
D01242 0.49982032 -0.9811132 -0.5416371 0.8029967 -0.3233114 -0.044407845 -1.0403812 0.6541702 -0.39855674 0.40646014 -1.4051713 -0.18308805 0.6777091 -0.7791839 -0.17426252 -0.27607638
D00675 -0.6275161 0.18666522 -0.5199128 0.8824499 0.42804748 0.39944574 -0.5505891 0.6503132 -0.4612829 0.47136012 -0.61821866 0.12775533 0.2067871 -0.020065771 0.1384517 -1.0997854
D03880 1.4658203 -0.16904561 -0.4410469 1.2484008 0.7125341 -0.1866589 0.27094322 -0.5324457 0.06651929 -0.34726706 -1.1171107 0.56475306 -0.22734517 0.4147911 -0.76652473 -0.31669116
D01462 0.1811554 -0.27326941 -0.10296965 0.55462086 -0.29769716 -0.3166173 -0.495976 1.431398 -1.3406401 0.8445693 -0.443843 0.51205826 -0.42760456 -0.72962046 -0.9839129 -0.22293986
D00301 1.112344 -0.3757924 0.7293226 1.2624058 -0.2917987 -0.7250704 -0.6690908 0.69939256 -0.16739932 -0.65857196 -0.5540573 0.49284756 -0.6754522 -0.2291739 0.12240613 -0.77919257
D00432 0.9926867 0.68220687 -0.46473765 1.9915036 0.1345257 0.123750314 0.3909958 0.93457013 -0.82072186 -0.061147135 0.27686828 -0.14669655 -0.4647145 0.5065939 -0.38722044 -0.23610935
D06396 0.13074389 -0.37272784 -0.10970436 1.0421857 0.06385003 -0.38130945 -1.1134509 0.16882661 -1.0723014 0.060778193 0.10480131 -0.59117925 -0.75985086 0.9425499 -0.74842906 -0.19022542
hsa2846 0.9384981 0.34818706 -0.39473295 0.4020582 0.063236706 1.0175657 -0.17349318 -0.27350888 -1.7797738 0.62568444 -0.81218714 0.16350907 1.2974917 -0.24408105 0.7203056 -0.35326868
D00845 0.7626188 -0.31053716 0.36466303 1.6085343 -0.082624026 -1.163044 -0.8533988 -0.16684297 -1.2927991 -0.7817622 -0.98115116 -0.18142165 -0.24408856 -0.52002543 -0.5186046 -0.4473429
hsa10800 0.20494264 0.37743896 0.0025820367 0.17651278 0.2931752 1.1551805 -0.258112 -0.005829689 -1.5633653 0.84396654 -0.65723234 0.61805904 1.1425991 -0.474553 0.7395223 -0.79770595
D02721 0.9584296 -0.83014774 -0.6051814 -0.19932762 -0.8137016 0.2694125 0.5241942 -0.9029974 -2.06359 0.28693128 -0.43317 1.0321437 0.16725697 0.86924386 -0.18252665 -1.2718276
D00306 1.1384995 0.44292304 -0.6507181 1.9059919 -0.507704 0.40798718 0.3522169 1.1340078 -1.5470062 0.2762667 0.36161226 -0.7192061 -0.4314819 0.45860857 0.038801357 0.33879536
D03654 0.39210632 0.34239724 0.90950656 1.2256579 -0.24499379 0.4917791 -1.5258876 0.43875238 -0.44298783 1.1923513 -0.82368547 0.75945544 -0.3358569 -0.7726525 -0.023345836 -0.573323
D00440 1.4160367 -0.067610405 -1.8420162 1.443369 -0.4431703 1.8363893 -0.021762565 -1.01485 -0.6566084 0.73727065 -0.40666938 0.52108806 -0.5538573 0.39842743 0.12610917 -0.4244773
hsa338442 0.7096595 -0.35809365 0.41180405 1.0442913 0.48079538 0.8948913 0.05088763 -0.22459559 -1.6429161 1.1714469 0.53094476 0.16659617 1.2455508 -0.31567088 0.14324902 -0.38417488
D00241 0.4787702 -0.70939213 -0.02765738 -0.054435935 1.082118 0.49925804 0.50701 0.09129613 -1.4991543 0.42358166 -0.36356953 0.80029577 0.8408741 -0.40322292 -0.65383625 -0.76466525
D06056 -0.010394223 -0.36318523 -0.4081917 1.7916515 0.91871303 0.6919232 -0.5850955 -0.36608094 -1.5073155 0.63657254 0.44461927 -1.0700449 -0.24079074 0.70213634 -0.5113761 -0.51221794
D02357 0.17544384 0.036850326 0.0040377057 1.1646425 -0.3301438 0.16496083 0.2189335 1.3026038 -1.365401 0.62735426 -0.28180176 0.12553075 -0.42027643 -0.31342974 -0.78758544 0.32597685
hsa1910 0.91113794 0.0007429187 -0.31467345 1.2474818 -1.0787494 0.2707705 -1.3494384 0.15544252 -0.8679482 -1.4188042 -0.49599493 -0.63200444 -0.41828614 -0.2648925 0.07058406 -1.6572776
D01782 0.2543974 -0.531265 0.09207773 0.74529904 0.24449013 -0.014609957 -1.3256526 0.27542755 -0.65372884 0.2811236 -0.18743049 0.9562682 0.23664588 -0.1758197 -0.32553977 0.18319826
hsa6753 0.8751374 0.087345056 1.3869449 1.0620683 -0.10547563 0.8321381 -0.6016184 -0.20986347 -0.9519976 -0.4928434 -1.8801506 -0.568938 -0.93817437 0.18432827 -0.06395594 -0.9184708
hsa9283 -0.39196524 0.016827827 -0.7579313 0.6877594 -0.3331906 0.6085409 -1.4231966 -0.063873336 -0.43206075 -0.8753079 -0.68705386 0.39027584 -1.4312665 0.060947563 -0.64644897 -2.0487201
D05740 -0.5267016 0.05187728 -0.7425015 1.6843774 0.22709692 0.26258558 -0.55903924 0.4408709 -0.16771138 -0.5227038 -0.67358875 -0.13078977 0.47918016 0.27554998 -0.07641533 -1.2206357
hsa2911 1.3810347 -1.0694647 -1.0120052 -0.4709241 0.5015838 1.3360974 -1.0654606 1.2856648 -1.1267126 0.28765222 0.36325252 0.88130337 0.18381783 1.1945382 -0.736729 -1.147568
D00965 1.3124087 -0.20781325 -1.1043772 0.24634176 0.6887504 0.74518144 -0.6610424 1.0860679 0.04374735 0.06547878 -0.36303744 0.19617385 -0.073631026 0.3945277 -0.22134264 -0.12676607
D03165 0.21285646 -0.20487858 0.023257772 0.42303008 -0.3097122 0.21539146 -0.10651266 1.2920321 -1.3263552 0.8346215 -0.6928752 -0.11401212 -0.6168387 -0.09386776 -1.1472367 -0.019328186
hsa2915 1.4212583 -0.97778624 -0.8030422 -0.49368757 0.4931149 1.5472074 -0.7192452 0.9616614 -1.1801275 0.3951602 0.43700838 0.86353135 0.23263736 0.83536816 -0.76361716 -1.1901525
D00523 0.6015049 1.0913041 -0.35538107 0.63193256 -0.108677916 0.24072161 -1.6456699 0.81879604 -0.6998388 0.035448253 -1.419813 0.20976837 0.4483886 -0.27064258 0.39605156 -0.041517824
D04034 0.84217817 0.29248592 -0.24527618 0.09201814 0.3728976 1.0196205 -0.5242208 0.20339733 0.3669536 -0.30309707 -1.4081461 0.88596016 -0.59035486 -0.611913 -0.12322837 -1.0317073
D01332 0.33790794 -0.35488072 0.29314458 1.1179057 0.11122072 -0.59216017 -0.6799242 0.9422097 -1.144186 0.15971284 -0.39104986 0.44055143 0.37572005 -0.8008143 -0.75329113 -0.30728117
D01297 0.044569172 -0.94810534 -0.52372354 0.9705813 0.32392314 0.16273384 -0.64295375 0.48123032 -0.73639184 0.13484554 -0.38973135 0.20475414 -0.8761182 -0.04674938 -0.87002325 0.08756913
hsa23620 0.60575014 -0.34495708 0.5698869 0.85756767 -0.5513476 0.010124075 -1.2895821 1.1586766 -1.1251366 -0.7746578 0.074587114 -0.59863555 0.39461797 -0.513485 -1.1572444 -0.9310498
D05792 1.4468017 -0.5468448 -0.10145236 1.1737136 0.5939983 0.43596345 0.28118947 -0.30145365 0.4990115 -0.37380576 -1.0222492 0.6640709 -0.4046426 0.33869743 -0.7674826 -0.52620804
hsa1234 0.9877058 1.1408746 -0.54547346 0.07985272 0.4092107 -0.19634512 -1.4968337 -0.1644876 -1.5985005 0.19672309 -0.69736403 0.029628836 -0.06530607 0.12631552 -0.028248534 0.2103226
hsa1909 0.6571773 0.10790232 -1.113122 1.1766335 -0.97955245 -0.12699945 -1.1839672 0.40842387 -0.545204 -1.2692492 -0.44190377 -0.44400942 -0.07877915 -0.18193497 0.12379145 -1.7106651
D00514 0.81999856 -1.3652693 -0.03901758 0.58869094 0.18459459 0.57300377 -0.6548231 0.36063537 -1.0301658 0.8063985 -1.5956138 -0.43178093 0.7528169 0.5348593 0.71311593 0.51439834
D01692 0.7323506 -0.20696759 -0.6976401 1.2408096 -0.054970164 -0.4205633 -0.6893176 0.7136018 -0.81786656 0.3605826 0.15999609 0.26379517 -0.50415987 0.3277204 -0.09816703 0.29165143
D03210 0.6718425 0.96363765 -0.86256385 0.25191036 0.5041435 -0.2421071 -1.9696485 -0.07738807 -1.354788 0.32857966 -0.33792955 0.29039374 -0.14694034 0.069470875 -0.0993928 0.037937425
D01994 0.42771393 -0.07411317 -0.16361651 1.6451807 0.18557364 -0.79745984 -0.54540336 -0.42462152 -1.1640507 -0.64973354 -0.6033456 -0.16740787 -0.12342799 -0.32109684 -1.1467404 3.7448946e-05
D04625 1.0564437 0.1066873 -0.66506606 1.4556327 0.6771059 0.3596464 0.47097564 0.9846231 -0.10168966 -0.28861088 -0.18437985 0.69319206 -0.18703522 0.2301882 -0.813941 -0.7760883
D00688 1.1960893 0.17328553 -0.5141646 1.7123098 0.1202027 -0.027154503 0.29844165 0.73345023 0.19702539 -0.9352031 -0.4224866 0.62339544 -0.060527615 0.6625722 -0.8537776 -0.9140757
hsa5028 0.9645695 0.4297227 0.021019353 0.4362864 0.01316209 1.234558 -0.14906816 -0.6324866 -1.9969741 0.62842906 -0.7821147 0.13314451 1.4328514 -0.2224498 0.8494455 -0.6493149
hsa5030 1.5127527 0.5586849 -0.4724847 0.31483713 -0.25659478 1.3019571 -0.2845113 -0.5564886 -1.9623681 0.4567791 -1.1678314 -0.1016371 1.3481578 0.14904957 0.92720836 -0.49196318
D00674 -0.8948566 0.15004162 -0.5190369 1.4249237 0.27561855 -0.01564503 -0.48722857 0.475024 -0.68804914 0.41007295 -0.59184 0.66514826 -0.31385842 1.0750003 -0.47082797 -0.780425
D01652 -0.6231598 -0.105825834 -0.8512596 0.41231582 0.08926069 0.6196335 -1.1086498 -0.5018215 -1.4128504 0.8639511 -0.22095764 0.8691289 0.03137652 -0.3207971 0.45372957 -0.2593609
D00443 1.5846053 0.94509643 0.08255836 -0.24170192 -0.43034026 -0.36641338 -0.83981985 0.70715487 -0.9292578 -0.403217 -1.10979 0.24982387 -0.016516488 -0.015910717 0.39103058 -0.42379716
D01071 1.2757149 0.37372622 -0.44334984 -0.55994457 -0.05631588 0.70414954 -0.741782 0.4883915 -1.3224826 -0.06134188 -1.5820066 -0.6939548 0.16457458 0.34893215 -0.2660167 0.4018491
hsa886 1.3835528 -0.088249706 1.2543955 0.63967395 0.78678155 1.2798362 -0.3479831 0.34087032 -0.529467 -0.9845994 -1.6292415 -0.36408025 -0.7367568 0.39734462 -0.8047959 -1.3234506
D00684 1.4113106 0.18080795 -0.15494533 1.8815805 0.38310996 -0.28201148 0.2890245 0.624412 0.051096667 -0.985277 -0.6778728 0.60646147 -0.21325856 0.5189882 -0.49293748 -1.0645403
hsa5029 1.2912502 0.2918866 -0.314741 0.65710723 -0.29284322 1.1421824 -0.23879679 -0.75317836 -1.9457377 0.6939052 -0.97973347 -0.034447383 1.4206252 0.11923992 1.1429753 -0.4075069
D00987 0.17271225 0.33031812 -0.12229263 0.5909568 -0.4875805 -0.5062658 -0.06038285 1.1034805 -1.3621049 0.9253273 -0.22839068 0.4129581 -0.7581007 -0.18347587 -1.0044862 -0.2873081
D00954 1.2836123 0.74062234 -0.35177144 0.15450838 0.030653121 -0.56180006 -0.8531276 0.95830214 -0.4930052 -0.18741743 -0.27252153 0.447148 -0.37442732 0.3516966 0.3384395 -0.39649865
hsa57105 0.017515581 0.42925844 0.092176795 0.2790397 0.079947814 0.89293545 -0.57837105 -0.5868214 -1.8276329 0.43473473 -0.32639015 0.78688884 1.0058243 -0.7330552 0.5120567 -0.84768724
hsa5031 1.623939 0.21668841 -0.33527365 0.31784007 -0.65388227 1.0999157 -0.28777325 -0.4519408 -2.1110437 0.6860667 -0.9503931 -0.11565355 1.4989754 0.3156949 1.1066351 -0.5957909
hsa554 0.6617113 -0.24453051 0.8510658 1.0661852 0.52095664 1.5649892 -0.99355084 0.437928 -0.4254715 -0.5483425 -1.3447281 0.9781301 -1.5273013 -0.1143786 0.67477214 -0.7581793
D00769 0.49446422 -0.4649706 -0.24154314 0.49062774 0.45575008 0.046379216 -0.059579562 -1.1236881 -1.0348765 0.5604217 -0.5745688 1.1380486 0.109371275 0.022350645 0.5042488 0.42112598
hsa887 1.2186145 -0.32382178 1.0958289 0.5444206 0.80446047 1.2388352 -0.20497403 0.53233635 -0.57376456 -0.67840964 -1.2977244 -0.1001413 -0.90476394 0.41056588 -1.0757687 -1.2927539
D00574 1.0725442 0.4629298 -0.8223051 -0.050435845 0.45207384 1.0184126 -0.9006736 0.7088694 -0.6402132 0.21157545 -1.175053 -0.41685188 0.26397726 0.42662266 0.18716523 0.3829361
hsa1241 0.675881 -0.16217108 1.5421755 0.99903065 -0.5762739 1.4325626 -0.35397938 0.10970233 -1.7542205 -0.9046214 -1.5790263 -0.72664565 -1.0783513 0.28112048 -0.2533761 -1.3052794
D00094 1.2841713 -0.93518364 -1.0171396 -0.31773973 -0.5536477 0.44754 0.5127195 -0.2543886 -1.9863585 0.11209837 -0.09257334 0.59101367 0.36857873 1.3049679 0.24310379 -1.2090567
D02349 0.9058431 -0.06320953 -0.80580044 1.2566522 0.41486406 -0.34313452 0.41323262 0.7301237 -0.25766972 -0.031791277 0.046880096 0.5655979 -0.1462715 -0.068326585 -0.07908751 -0.72750837
D03503 1.6090678 0.086807236 -1.6768782 1.4335347 -0.3371854 1.8847376 0.1443064 -1.0781171 -0.65583736 0.7607549 -0.51620007 0.51244974 -0.6097969 0.32483402 0.19872911 -0.55539024
hsa1268 0.85665894 0.47569388 -0.75957817 1.6036878 -0.5863363 0.44732672 0.19157898 0.7691862 -1.5131197 0.25242475 -0.04748358 -0.85156035 -0.06956461 0.34416988 0.23463413 0.42432523
D00780 0.01994519 -0.095317885 -0.12435898 0.5549055 -0.21846287 0.02223227 -0.34335363 1.4527558 -1.1354632 1.025089 -0.6834713 0.4566354 -0.7599461 -0.20060857 -1.0056173 -0.19248061
D04375 0.24982525 -0.66334665 -0.9814573 1.0449431 1.4586948 0.42780223 -0.5396634 -0.14886911 -1.0836174 0.2997158 0.114499755 -0.5837734 -0.8552329 0.72481567 0.56953424 -0.90628356
D00411 -0.6187544 0.07098446 -0.54763496 0.5041235 -0.4264727 -0.17996421 -0.9801169 0.10566446 -0.7274454 0.15474094 -0.6925163 0.8917051 -0.92931795 0.8585301 -0.94572 -1.0640773
D00765 0.9708821 0.52107567 0.1369717 0.3129603 -0.88457966 -1.0863959 -0.9469166 0.23694292 -0.40430745 0.04824302 -0.80061203 0.7806716 0.31108773 0.7209792 0.24765709 -0.63041806
hsa552 0.7459258 0.097754695 0.73013115 0.7714019 0.5416548 1.2131104 -1.2574911 0.34627217 -0.37477282 -0.6902789 -0.93676114 0.9250785 -1.434072 0.0066288537 0.6804489 -0.5003851
D01745 -0.14490266 -0.29526886 -0.037523188 0.2982858 0.31859472 0.47580004 -1.9146355 0.6169862 -0.43629673 0.57089025 -0.7357454 0.50894505 -0.6984554 -0.06668504 -0.29201025 -0.6711662
D00542 1.2062945 0.20532177 -0.7597828 -0.7700151 0.7681319 0.85300344 -0.8080943 0.3212527 -0.8248218 -0.026798185 -0.7757603 -0.29084688 -0.21611436 0.60111505 0.4556839 -0.10447979
D00139 0.6028759 -0.21516794 -0.7402336 -0.15700628 0.7779593 0.4608464 -0.7008931 0.5006914 -0.7780615 1.0751699 -1.3387461 -0.08468304 0.17064026 -0.037839893 0.18522556 0.2968262
D01164 -0.26880035 -0.5366597 -0.3538596 0.32693374 -0.371441 -0.06756401 -1.9656692 0.77159977 -0.7287144 0.56147254 -0.47335988 0.5624779 -0.48758075 0.26609308 0.081953704 -0.49127623
D00525 0.40120608 0.19030929 0.5377475 1.6114855 -0.031563666 -0.6847304 0.16872562 0.71973914 -1.3130013 0.80770004 -0.360439 -0.3490315 -0.2267742 0.34659836 0.3360536 -0.30263337
hsa5032 1.4827154 0.3388502 -0.6857297 0.5101212 -0.41002908 1.0095087 -0.19090354 -0.49402854 -1.9638839 0.6265839 -1.2570457 0.20073158 1.191043 0.19814932 1.0106163 -0.300822
D00760 0.65482324 -0.24753873 -0.35840112 1.1338333 -1.1442584 -0.93612427 -1.1071241 0.13118605 -0.24819355 0.02144792 -0.43655697 0.7524938 0.42030776 0.023358466 0.23332228 -0.57712966
hsa5729 -0.048501853 0.13557038 0.63773423 -0.18950894 -0.5230261 0.26315784 -0.40710795 0.041132487 -2.0552762 0.035233986 -0.8890991 1.3362155 0.7841378 -0.37745553 -0.54565185 -1.2378436
hsa9052 1.398471 -0.94480634 -0.9263979 -0.42458147 -0.3588391 0.87040955 0.18508503 -0.017345253 -1.9294684 0.19271088 0.21854573 0.4085984 0.23665315 1.2972736 0.15751657 -1.2474219
D00499 1.4799093 -0.030037774 -0.9036603 -0.19566022 0.16133748 1.3711038 -0.63660103 0.89136636 -0.82052207 0.103564166 -1.1728528 -0.79224086 -0.07259115 0.41061112 0.013783915 0.31701422
hsa6010 0.45503882 0.36247697 1.1646137 1.5240396 -0.26176602 0.5490518 -0.4477923 -0.6796371 -1.4516959 -0.6054252 -1.2766247 -0.39631468 -1.4074092 0.76808167 -0.0489886 -1.1283771
hsa9934 0.86896724 0.13466908 -0.80215454 0.20858485 -0.4741026 1.0734656 -0.32342383 -0.77252257 -1.4984167 0.61730134 -1.2596406 0.34131396 0.83857703 -0.019489579 0.67488563 -0.07570035
D00559 0.2588156 -0.44279802 -0.3479726 0.39349023 0.23293653 0.7135328 -1.1992995 0.56167907 -0.65231395 0.43773142 0.8003437 0.0033790695 -0.43332714 1.0322357 -0.3320634 -0.57452637
D00606 0.38788366 -0.36574593 -0.84025013 0.47820148 1.4325234 0.5992735 -0.45544988 0.17731012 -0.960864 0.20470178 -0.2607447 -0.5536924 -0.6695142 0.9028038 0.6296244 -0.7100744
D00318 1.7474464 0.119491294 -1.824177 1.3662847 -0.46912828 2.0655131 0.13784792 -0.9125148 -0.8960617 0.5906228 -0.31037286 0.5440285 -0.81940776 0.6002146 0.07032644 -0.85639673
hsa5724 -0.44349238 0.003092315 -0.90517974 0.19948603 -0.16204053 0.9664601 -0.83765745 -0.792694 -1.9328389 1.0036536 -0.71415216 0.9171577 0.44748998 -0.08784847 0.7507852 -0.61031395
D00225 -0.35093063 -0.76829046 -1.1093241 1.1000493 0.06691983 0.54889196 -0.72391546 0.0018911669 -0.763973 0.85993147 -0.06555433 0.8098 0.09884282 -0.18419641 0.25406048 -0.16346169
D03966 1.0706213 -1.8421457 0.05486935 -0.13570407 -0.5534675 0.19373935 0.121555805 0.12796049 -1.3896462 -0.12033035 0.28386387 -0.22194819 -0.2744581 -0.28984222 -0.61915505 -1.4002633
D01965 0.4859291 -0.41103494 -1.0837532 0.9813256 0.17765447 -0.817462 -1.2859266 -0.26173404 -0.37322363 0.6109114 -0.5508746 0.5979888 -0.4594756 -0.15672119 -0.3461035 -0.08291048
