hsa148 0.563491 -0.5193368 -0.36869174 0.3541204 0.2835269 -0.80370146 -0.2618569 -0.44711834 -0.00787663 0.069860406 -0.3823423 0.111339696 -0.7565677 0.06756462 0.0069279103 -0.5799945
hsa150 0.25827324 -0.37588716 -0.41816682 0.41053647 0.3686532 -0.28487527 -0.034443166 -0.5347406 0.07102938 -0.076300606 -0.3647184 0.58281285 -0.86702394 -0.4319996 0.27562147 -0.67111415
hsa154 0.97609365 0.24512228 -0.21578687 0.72761196 0.79119503 -0.7155447 0.4236287 -0.4147588 0.14944303 -0.08593457 -0.8575059 0.23833053 -0.5382911 0.3170112 -0.38735092 -0.61392134
D00283 -0.11956993 -0.15986644 0.17238694 0.8784739 0.14206031 -0.78889954 -0.47915623 -0.60121113 0.13278136 0.5249751 -0.6338905 -0.3640041 -0.6705794 -0.021105666 0.049055174 -0.5738913
hsa153 0.7872177 -0.047686085 -0.057108734 1.0079676 0.9250532 -0.6152641 0.22542568 -0.6718159 0.22417092 -0.13052733 -0.4728753 0.18552259 -0.5486533 0.17029577 -0.2080585 -0.54563355
hsa151 0.036980424 -0.21243392 -0.28150988 0.5085888 0.4092585 -1.047875 -0.4021268 -0.39589173 -0.11311832 -0.14543448 -0.38352 0.28537968 -1.2265916 -0.41068625 0.29201078 -0.91789216
hsa3269 0.030949153 -0.23006274 0.1984473 0.5698477 -0.32960933 -0.07065919 -1.1427481 -0.53384215 -0.31318986 -0.01935893 -0.80859405 -0.20255393 -0.4481999 -0.75520605 -0.035625197 -0.22813094
hsa1128 -0.31039426 -0.09786169 0.5336189 0.5976597 -0.08096032 -0.917443 -0.49269173 -0.77351046 -0.51700836 0.68444 -1.2640635 0.17177904 -0.15105146 -0.3123191 -0.13054566 0.3169981
hsa146 0.18144323 -0.32090524 -0.43613723 0.2946003 0.16898568 -0.99288297 -0.3283402 -0.32486176 -0.048642814 0.22666539 -0.3488195 0.20946656 -1.072812 0.010123683 0.0837966 -0.90751266
D00454 0.37334922 0.11319761 -0.028390322 1.2613715 0.15634604 -0.5910232 -0.104858674 -0.33919907 0.08575761 0.32356545 -0.71293306 0.2598493 -0.43856052 -0.117236376 0.029959587 -0.45030177
hsa147 0.3405763 -0.34941298 -0.49762797 0.49580392 0.38849872 -1.1254437 -0.19829337 -0.33195117 -0.027066775 0.0071519576 -0.30305114 0.24657837 -0.9277105 -0.2764851 -0.10769581 -1.0156691
D00513 -0.04698685 -0.15571341 -0.27005696 1.0134158 0.46079996 -0.7117042 0.33573416 -0.9408637 0.21784352 0.31938678 -0.74849695 -0.30958998 -0.96505654 0.54465264 0.021599032 -1.0079381
hsa1129 0.24138261 -0.15239847 0.3098801 0.89992607 -0.027081417 -1.1884469 -0.51778615 -0.48479176 -0.57664734 0.50254065 -0.92386466 0.3107082 -0.0070320317 0.09698031 -0.31621733 0.19988209
hsa1813 0.12354258 -0.24323691 -0.052187905 1.5254943 0.29124114 -0.10172484 -0.89196146 0.18521024 -0.30615103 0.5484432 -0.7931683 -0.18692826 -0.55117804 -0.17831391 0.25356367 -0.68411374
hsa3356 0.023237202 0.0042800186 0.1382356 0.8926486 0.04193836 -0.50537425 -0.34010708 -0.43688396 -0.12427125 0.613058 -0.39735994 -0.4952508 -1.0153604 -0.07709872 0.3071581 -0.5815471
D00494 0.3533077 -0.7847208 0.04553799 0.7611362 0.5660913 -0.6540611 -0.36609232 -0.58820385 -0.22840947 0.4985452 -1.1730016 -0.014099299 -0.14512996 -0.6736697 -0.22901925 0.0047104475
D02354 0.14540724 -0.11737995 0.18556036 1.5154172 -0.15949649 -0.66061497 -0.52300465 -0.46182796 -0.19385922 0.5963754 -0.4613614 -0.12711442 -0.71489143 -0.15871447 0.3585341 -0.27776664
D00493 -0.022851834 -0.21315634 0.29143173 0.7224746 0.28286582 -0.33589572 -0.8101269 -0.285349 -0.13997938 0.6001547 -0.27129364 0.108108506 -0.7286784 -0.14155842 0.095669106 -0.8987769
D00270 0.16776787 -1.0543027 0.024724724 0.8085231 0.5321419 -0.3689941 -0.51702064 -0.28542688 -0.31956255 -0.07977881 -0.7495524 -0.2765436 -0.36461708 -0.50748986 0.12772243 -0.39937866
hsa152 -0.054228052 -0.19516425 -0.116907224 0.6385392 0.70205355 -0.7932189 -0.3187816 -0.7876161 0.13509716 -0.5943883 -0.07447784 0.40081626 -1.285017 -0.15653221 0.44707227 -0.96740526
hsa155 0.90603393 0.12501743 -0.24090344 0.6878382 0.5856556 -0.73118794 0.47681004 -0.5212581 0.25649393 -0.12592281 -0.69045776 -0.0071271406 -0.81615585 0.085323565 0.062297396 -0.6545849
D00451 -0.39064747 -0.15662754 0.33673182 1.0082345 0.2920117 -0.15305908 0.018257085 -1.321367 0.16576387 0.5056986 -0.67486763 -0.5895759 -0.94451237 0.75942504 0.23049928 -0.6504925
hsa1814 -0.0489359 -0.3060835 0.3335085 0.95201266 0.16818134 -0.2539082 -0.7554345 0.13696161 -0.2283485 0.89280343 -0.8197546 -0.24872972 -0.45610696 0.20226097 0.5731297 -0.6325495
hsa1812 0.5825593 -0.17762998 0.36407235 1.4389973 -0.082073346 -0.6345328 -0.510151 -0.10255408 -0.037024006 -0.11333583 -0.45010668 -0.21634693 -0.48679385 -0.04202999 0.4614597 -0.516319
hsa1131 0.13208686 0.066177204 0.45321882 1.2693003 -0.59147567 -1.0351939 -0.1623233 -0.32334736 -0.5856826 0.68889517 -0.84973776 0.17713329 -0.14406712 -0.46687752 -0.04736558 -0.18780604
D00996 0.5022091 0.12872115 -0.06408402 0.634078 0.24746744 -0.68582803 0.31214616 -0.4478017 0.20225331 -0.02406056 -0.06078323 0.51063955 -1.126012 0.15476197 0.21373585 -1.0680156
hsa4988 0.035269223 0.29364237 0.45004335 0.21964136 -0.6039452 -0.7674858 -0.078327045 -0.44852245 -1.3153075 -1.1912044 -0.9504087 -0.33989522 -1.5385653 0.06109827 -0.35506877 -0.1661307
D02149 0.6080594 0.19953522 -0.38912255 0.2550469 0.6740767 -0.7249484 0.15096126 -0.57802 -0.18411292 -0.01810136 -7.591827e-05 0.66445154 -1.0489737 -0.05379881 0.09578101 -0.4793212
D01713 0.6018799 -0.24349166 -0.8206364 0.5885917 0.10081035 -0.5603492 -0.6105265 -0.40492165 -0.25184816 0.19719909 -0.35762507 -0.19670457 -0.6151131 -0.28710523 0.34536505 -0.6096347
hsa3577 1.0294476 -0.027375035 0.6906868 -0.6371596 0.8914692 -0.979037 -0.27315378 -0.3125724 -0.3572135 0.54017735 -0.6999411 -0.6687853 -0.4942729 -0.5576241 -0.67064154 -0.4885522
D00437 0.755549 0.106106095 -0.21756619 0.31627044 0.48899013 -1.029628 0.0965736 -0.28086495 0.07112964 0.0395927 -0.52132857 -0.15218516 -0.6722571 0.060290832 0.038612373 -0.6194582
hsa185 0.39948565 0.9391393 0.38479435 -0.6462833 0.32951468 -0.9305107 -1.0502679 -0.09992354 -1.2300837 -0.7916004 -1.248283 -0.26496816 0.056625456 -0.48480874 0.028659236 -1.2301495
D00775 1.1753334 -0.17072329 -0.23451973 -1.0814998 1.0118932 -0.81181824 -0.06509146 -0.7264468 -0.14404327 1.2642828 -0.9861942 1.1959649 -1.2725654 0.6242979 0.18908511 -0.63031673
D00180 0.82573855 -0.4944913 1.1126137 -0.18229611 -0.2779226 0.449945 -0.44431084 -1.2086806 -1.9596514 -0.14070305 -0.59422076 1.5105833 0.18501154 0.5082506 -0.24427496 -1.1531718
hsa3358 0.16920139 0.1250727 0.5023705 1.1276226 0.07012741 -0.3644018 0.16001122 -0.666793 0.18306577 0.7070502 -0.36909837 -0.14767003 -0.90208817 0.14227468 -0.40028676 -0.5756539
hsa3352 -0.7656728 -0.037031837 0.3571375 0.70195544 0.49587822 -0.44792694 0.09135229 -1.2578049 -0.07986019 0.5365304 -1.058069 -0.7251802 -0.6363386 0.009667663 0.34617326 -0.71759844
D02070 0.34395593 -0.10381554 0.42171976 0.9229728 -0.21614173 -1.1979538 -0.4597884 -0.100598045 -0.4760699 0.6697212 -1.1808302 0.36846393 0.10067728 -0.17316297 -0.3701753 -0.05298839
D00255 0.62543505 -0.5902466 -0.26002553 0.6415004 0.7606229 -0.67196405 0.048991967 -0.15695332 0.11598281 -0.21731447 -0.8270064 -0.0113286935 -1.0356493 -0.2564499 0.029248418 -0.4414888
hsa3351 -0.6663644 -0.14131631 0.16035275 0.5514289 0.5184484 -0.1852935 0.31684318 -0.9243621 0.23910451 0.44316587 -1.2347132 -0.644721 -1.0940793 0.21578786 0.39805332 -1.0279298
D01051 -0.1986151 0.3458574 -0.1459106 0.3542305 0.109597795 -1.2905556 -0.46582985 -0.19726332 -0.13554785 0.4824499 -0.88700485 -0.427537 -0.7197456 -0.23127119 0.05042579 -0.9543429
D02340 0.018348455 -0.38267928 -0.116090424 0.7894664 0.1551126 -0.3855781 -0.9086704 -0.35276243 -0.33352333 0.91020346 -0.30168203 -0.2044128 -0.8373364 -0.023601977 0.23743403 -0.7306997
D03621 0.03384992 0.08045689 0.44753274 0.6048943 -0.5734406 -0.8010041 -0.4661279 -0.7727764 -0.8971303 0.5159448 -0.26312712 0.22707503 -0.25041535 -1.0060148 -0.593723 -0.26264518
D02671 0.31653675 -0.12385048 0.8059732 1.2984734 0.2219187 -0.28690186 -0.6057421 0.004088327 -0.22302145 0.5414457 -0.23829462 -0.048254848 -0.5218088 -0.29807198 0.68222284 -0.6633278
hsa1816 0.14155014 -0.48549846 0.35489386 1.2431912 -0.043831512 -0.39009547 -0.36395895 -0.37906587 0.017697366 -0.21106146 -0.1739471 -0.07646894 -0.46213412 -0.056414843 0.6263212 -0.7998883
D01358 0.13784215 -0.16112265 0.09760727 0.56369793 -0.086798325 -0.44730932 -0.43329987 -0.36948445 0.20857705 0.55897397 -0.2766853 -0.14792849 -1.2796836 -0.21851325 0.18690942 -0.8313095
hsa1132 0.5175504 0.018434176 0.36072743 1.0995069 -0.08112141 -0.8440511 -0.5185043 -0.1686113 -0.08176096 0.6048931 -1.0769829 0.12961869 -0.17533739 -0.58372563 0.115288086 0.025069652
D00136 -0.14504471 -0.18906233 0.2383613 0.79982454 0.19904992 -0.45137906 -0.9276135 -0.09390077 -0.34612173 0.10177169 -0.30153015 -0.009881935 -0.59843963 0.21521255 0.44574586 -0.7005223
hsa3274 1.3910906 -0.07987034 -0.84349465 0.67286307 -0.5515376 0.35040393 -0.44009838 -1.1004894 0.23997833 0.21641786 -0.72132397 -0.12312919 -0.3582934 -0.10545374 0.80571735 -0.22649509
D00503 0.40310225 -0.25661728 0.15787196 0.9781315 -0.098593585 -0.52104056 -0.5700988 -0.16440785 -0.28159294 0.610568 -0.18738835 -0.35707942 -0.5911697 0.007678747 0.16199659 -1.0430734
D00113 0.22650166 0.062548466 0.40943116 1.0075032 -0.23788498 -1.3510962 -0.040449608 -0.3319568 -0.39746448 0.79112583 -1.1027586 0.20506269 -0.22366151 -0.39183113 0.054413304 0.077180095
D01871 0.24040386 -0.22094716 0.5738516 1.1677692 0.1585276 -0.92578596 -0.6968596 -0.5655865 -0.044862922 1.0560902 -0.5177103 0.2206121 -0.41984412 -0.2893114 0.2745166 -0.0360769
D00563 0.05944902 -0.0065026493 0.14875066 0.788716 -0.1740078 -0.63066506 -0.09470352 -0.64259166 -0.21596147 0.31612033 0.14609693 0.22334732 -0.97364056 -0.707154 -0.3078044 -0.7691283
D00560 0.40690812 -0.05737993 0.90827894 0.95838577 -0.501502 -0.16709328 -0.8433574 0.49412522 -0.15524271 -0.25315368 -0.82142526 -0.059344873 -0.92560744 -0.2162126 0.31226766 -0.59811395
D01352 0.9491222 -0.72503376 1.5322431 0.0119365705 -0.31461835 0.6559445 0.148037 -1.569667 -2.1557908 -0.18798985 -0.6046115 1.0657438 0.18384656 0.4356141 -0.4791423 -1.3565913
D01295 0.15959713 0.040257726 0.41623172 1.3003199 -0.30221942 -0.4972918 -0.9602325 -0.043947358 -0.47593606 0.30367216 -0.8385405 -0.26390222 -0.13434635 -0.548585 -0.14877269 -0.7363675
D01164 0.057062265 0.15539521 0.287398 1.1627417 0.27579093 -0.27892715 -0.5936468 -0.054675184 -0.061727498 0.8178228 -0.59946215 -0.26013255 -0.59427005 0.036581792 0.28465056 -0.8742923
D02356 -0.12557098 -0.64234906 -0.12404681 0.67733735 0.21229859 -1.1131905 -0.28259096 -0.5735372 -0.109783925 -0.0657512 -0.7688069 0.38296697 -0.5378463 -0.1436505 0.09232263 -0.24670279
D01390 0.7408925 0.09263158 -0.34241986 0.36662513 0.38065442 -1.0478396 0.7621679 -0.81500345 0.22704458 0.44730404 -0.61255383 0.17155837 -0.95481116 0.3499668 0.087441646 -0.916975
hsa3360 0.10233201 -0.4283648 0.14410594 0.82815313 0.12499831 -0.12725483 -0.61635995 -1.2571683 -0.10367734 -0.0061562527 -0.23037401 -0.31793275 -0.9651036 1.0118641 0.18219829 -0.08374311
hsa1133 0.21398029 0.0011706213 0.22944969 1.4255925 -0.09421944 -0.90166104 -0.2500709 -0.4277003 -0.23799641 0.8520057 -1.0260271 -0.063686006 -0.261825 -0.4685985 0.10279967 -0.07438121
hsa134 0.7047673 -0.87898666 -0.90139186 0.025455484 -0.23994708 0.5278715 0.11349116 -1.708899 -1.046462 0.4277099 -1.1671331 0.91831744 0.07161332 -0.28021175 1.2756526 -0.4912738
D00411 0.71060574 0.049792707 1.8220227 0.7129624 0.13945998 0.12367501 0.13796365 0.0068560485 -0.87649953 -0.035161857 -0.1677509 -0.25969446 -0.5500866 -0.71212554 1.2222756 -0.76121134
hsa4986 0.2523771 0.7659698 0.8450117 -0.028792303 -0.51764345 -1.1992977 -0.68184257 0.007527216 -1.2244587 -1.0350177 -1.0615989 -0.19898283 -1.074521 0.25782806 0.33847174 -0.4161646
hsa3355 -0.09077575 -0.3268015 0.21320872 0.9217316 0.3592762 -0.25943255 -0.36400136 -0.9737455 0.4753908 0.46109244 -0.7737109 -0.4155541 -0.63356847 0.5909023 0.28620622 -0.88292146
D03858 -0.10080477 0.3889949 0.37425172 0.55333954 -0.32489425 -1.2105311 -0.6297338 -0.0037249485 -0.5647575 0.38211393 -1.1836722 -0.0021924851 -0.13894649 -0.20801917 -0.29340914 -0.73196024
D00281 -0.07510784 -0.44609866 -0.07282721 0.35804573 0.42613766 -1.1642686 -0.2555625 -0.46201217 0.14747751 -0.013042352 -0.37077153 0.18671694 -1.3709481 -0.3380377 0.5932738 -0.82925016
D02578 0.1950075 -0.08190605 1.110009 0.17989424 0.39070478 -0.4808975 0.42292407 -0.85647184 0.09316271 0.37309927 -0.67603254 -0.5545099 -1.3128071 0.32698455 -0.8484223 -0.2637895
D00079 0.97764343 -0.60245705 1.2881436 -0.33521453 -0.6185006 0.5018907 -0.13695332 -1.404308 -2.0326798 -0.03697753 -0.5152072 1.497383 -0.003982147 0.6085522 -0.12285782 -1.1283703
D01603 0.17478871 -0.5177119 -0.3675158 0.4450949 0.40561876 -0.70647067 -0.41362917 -0.803866 -0.11910116 0.004748442 -0.11933081 0.07178927 -0.92223096 -0.23938791 -0.093284875 -0.7073986
D00613 0.43945977 -0.4882087 0.30786088 1.1512967 0.3297161 -0.38255534 -0.33610466 -0.69420207 0.23505697 -0.72405016 0.053147413 0.47584245 -0.6462192 -0.104021974 0.71197087 -0.9200693
D00300 0.2638628 -0.30109093 0.062153533 0.45202422 0.027456557 -0.2301181 -0.7639232 -1.0344054 -0.028471291 0.25880042 -1.0103002 -0.21813662 -0.41268244 -1.0147915 -0.44626582 0.06755697
D01022 0.32983005 -0.07462199 -0.40936238 0.72640574 0.20177254 -0.96013427 -0.059640408 -0.11469487 -0.12355384 -0.072609216 -0.10125187 0.2625504 -1.1749479 -0.103494294 0.113441214 -0.7847053
D00609 0.066664055 -0.33561605 -0.20864922 0.51370215 0.4492788 -0.84560496 -0.4417393 -0.7999176 -0.026548706 -0.21289167 -0.22359021 0.058517657 -1.1119609 0.019201692 0.2278728 -0.5110679
D03879 1.066248 -0.00304298 0.2828509 0.85725486 0.8990703 -0.43421933 0.45043933 -0.56766635 0.35875574 -0.41893074 -1.1718795 0.61403036 -0.62525815 -0.12023111 0.19593528 -0.24208851
D00234 0.7423375 -0.5564238 0.5361882 0.62011653 -0.2912494 0.10435104 -0.909962 -0.0032156552 0.40542194 0.37564865 -1.3147379 -0.067895286 -0.6379001 -0.55392617 -0.16056848 -0.43418834
D00509 0.34791172 -0.48647538 0.039879836 0.54503405 0.50131786 -0.84991133 -0.24723664 -0.41375116 -0.018193407 -0.24209565 0.024744634 0.37865737 -0.93703145 -0.17489034 0.36757982 -0.74346167
D00371 0.7610956 -0.4651867 -1.0552994 0.40924364 -0.10269855 0.2014893 0.27428606 -1.4828737 -1.514853 0.7024745 -1.6442043 0.29198307 -0.15475902 -0.6377347 1.3298391 -0.21676657
D02237 -0.14906216 -0.58381426 -0.3666921 0.48608038 0.3519599 -1.0220871 -0.29126132 -0.150643 -0.32831213 -0.2931423 -0.3479927 0.5487535 -1.4331499 -0.0055067344 0.35456684 -0.74508625
D03274 0.12579307 -0.43102634 -0.0065314276 0.4465785 0.4620024 -0.46453878 -0.25115696 0.14191547 0.10816066 -0.8079225 -0.9056208 0.13287406 -0.9775021 -0.8117856 0.58634824 -1.0802753
hsa3350 -0.44163007 0.053339206 -0.048711807 0.9468366 0.5463593 -0.47275344 -0.18625559 -0.6296051 0.21071245 0.19861269 -0.86982614 -0.3472234 -1.0001792 0.6170948 0.32145104 -0.93707484
D00483 0.743225 -0.25035375 0.0051768096 0.52812296 0.5965449 -0.5717057 0.85146767 -0.8570568 0.28000605 0.3943748 -0.697925 -0.29404107 -1.0896579 0.46981812 -0.2677779 -0.7316429
D00227 0.24654493 -0.68094486 -0.9880622 0.1059017 -0.111085415 0.37877178 -0.27915335 -1.664925 -1.3718055 0.112393714 -1.8489946 0.06770837 0.123099595 -0.5379328 1.3279912 -0.56212485
D02150 0.90433186 0.26512596 -0.33212098 0.76352197 0.03545903 -0.82733595 0.8859502 -0.64047426 0.26973468 -0.08014305 -0.6435456 0.5284308 -1.1797421 0.3542512 -0.014795601 -1.0210134
hsa5739 0.6756122 -0.68830895 0.93505055 -0.09632579 0.089293286 0.4540393 -0.4392485 -1.5272404 -1.9000169 -0.1894088 -0.50004494 1.3292204 0.13138586 0.41217634 0.06540852 -1.0304247
D00095 0.64179265 0.35344738 -0.34946656 0.8258599 0.4520643 -0.633441 0.55077606 -0.76182765 -0.18585734 0.055059627 -0.09661641 0.31420994 -0.7592291 0.06155698 0.038676392 -0.79552543
hsa59340 0.56818897 -0.55727684 0.16760878 0.58229584 -0.03715627 0.06526605 -0.6433799 -0.93482953 0.6494445 0.6038435 -0.9147295 -0.19566834 -0.57950157 -0.37603652 -0.15103166 -0.45774356
D01454 0.78526634 0.08144397 -0.40697008 0.8510919 0.32848075 -0.662262 0.7532878 -0.28566387 0.16228738 0.122548446 -0.7708628 0.113765754 -0.9630483 0.42949417 -0.1290227 -0.86870044
D00480 0.36873457 -1.2553145 -0.1837709 0.49740723 0.64567554 -0.2980186 -0.4417827 -0.4823247 -0.70396453 0.10017094 -0.94889003 -0.4257594 -0.49357128 -1.0310355 -0.22104229 -0.2297861
D00274 -0.02016144 -0.5372892 0.375682 0.64582527 0.08146142 -0.90120184 -1.2013057 -0.9387345 -0.5732972 0.21735059 -0.26821694 -0.27026162 -0.66525525 0.85216653 -0.14187923 0.21961865
D05129 0.13866055 0.27159077 1.0206401 0.18415047 0.43827853 0.154274 -0.82574487 -0.7543424 -1.2162893 -0.030227877 -0.5155537 0.08186151 0.72078174 -0.98975587 0.4264068 -1.0796298
D00665 -0.27746063 0.6680222 0.052396495 0.32994863 1.1503042 0.13577658 -1.100762 -0.69971853 -0.5283071 -0.36186895 -0.8892964 0.32190531 0.008906959 -0.6561596 -0.06715465 -0.49546483
hsa2918 1.0203898 -0.11266869 0.4726411 -1.0932072 0.59232086 0.12151441 -0.40304118 -0.87446475 -0.25441426 1.0331905 -1.3521136 1.8820372 -1.0682847 0.07934349 0.375671 -0.18566397
D00607 -0.06653883 -0.36264047 -0.48280436 0.6724847 0.5459188 -0.92210305 -0.56590194 -0.1980304 -0.23592004 0.0024726042 -0.3049303 0.34274346 -1.2720889 0.11632909 0.3231243 -0.83018255
hsa11255 0.8073269 -0.35817456 0.08567912 0.56007105 -0.3651951 -0.32059386 -0.82173884 -0.68679315 0.6068632 0.16392088 -1.3612058 0.09285457 -0.43111974 -0.7814409 -0.25642103 -0.1529591
D02884 0.89870983 -0.6154937 -1.089564 0.084581316 -0.08958562 0.05071848 0.31355855 -1.5837407 -1.6136789 0.8085895 -1.4539365 0.4989262 -0.010939006 -0.5418356 1.471029 -0.48397696
hsa10800 0.40601838 0.1249 1.55108 0.15252669 0.9167412 -0.0016104635 0.07304936 -0.8667551 -1.088314 0.27134344 -0.14067133 -0.70624036 -0.11846044 -1.1224791 0.9993618 -1.2881666
D02327 -0.36970985 0.68884516 0.33888575 0.53405887 0.39616716 -0.47172153 -0.7882735 -1.1555 -0.4724906 -0.18122803 -1.309732 -0.18553327 0.28547797 -0.26313582 -0.29873154 -0.04975822
D02725 1.5284884 -0.8769408 1.2426014 0.54143727 -0.5026824 1.035977 -0.26510417 -1.0951742 -1.8297654 0.35756356 -1.3405888 1.3720868 0.37278092 0.77945065 -0.29287997 -1.3074243
D02566 0.5819945 -0.4362938 -0.07816163 0.6736878 -0.065749295 -0.35336947 -0.9579298 -0.6295224 0.42784724 0.023891386 -0.5047044 0.08448456 -0.946215 -0.8763305 -0.028310832 -0.5392667
hsa8843 0.58110595 0.5531604 0.3521995 -0.036002573 -0.235758 -0.82338697 0.60207707 -0.46654144 -1.6351825 1.2177849 -0.39006606 -0.09204727 -0.6840173 -1.4640578 0.24460849 -0.9118971
D00106 0.634515 -0.59755284 1.5533489 -0.052727554 -0.6699822 0.05929879 0.024634384 -1.6174858 -1.8102933 -0.16521028 -0.010323085 1.103659 -0.19400728 0.25236136 -0.2275943 -1.2135745
D03966 0.6376096 -0.029304866 0.042071152 -1.3219995 0.19008964 0.12551545 -0.50021064 -0.92427605 -0.7982823 0.7468128 -1.1513689 1.716874 -1.6408601 0.24337548 0.4034829 -0.1661672
D01118 0.24863634 -1.3605207 -0.25227845 0.695137 0.49203414 -1.0040566 -0.14319016 -0.32817635 -0.68545675 0.025161818 -1.1473378 -0.31026748 -0.5524107 -0.7090921 -0.06655171 -0.12241936
D01024 0.15670057 -0.76127064 -0.6900012 0.3686749 0.28921613 -1.1102322 -0.46734327 -0.66940993 -0.2881976 -0.1396062 -0.44236 -0.048433322 -0.84761226 -0.43125132 -0.29744315 -0.6571222
hsa4985 0.37572777 0.45973548 1.2286704 0.30206132 -0.78892106 -0.5760352 -0.5379539 0.33204293 -0.94482696 -0.7770828 -0.98724705 -0.24147013 -1.4983165 -0.087547146 0.17664574 -0.55923486
D04034 0.08860961 -0.22746833 0.06575462 0.30775502 0.20669158 -0.61563057 -0.21115223 -0.13450631 0.21315382 -0.8730053 -0.8751736 0.22938581 -0.9723773 -0.6380509 0.47457385 -1.0575689
D02147 0.7682352 0.32428193 -0.7774093 1.0600816 0.46694434 -0.45409602 0.82758516 -0.31823424 -0.2452185 0.032948893 -0.91824365 0.41684094 -1.0046648 0.41561761 -0.24299866 -0.71357733
hsa5737 1.3994547 -0.7940616 1.5044731 0.6045802 -0.10626415 0.92541426 0.021007841 -1.1722685 -1.6801637 0.19427335 -1.087362 1.183091 0.394874 0.5778365 -0.5770496 -1.1292677
D00241 0.2907 0.07680456 0.065858826 0.3264292 1.0343595 0.60910106 0.7335237 -1.0217414 -0.44999814 0.47290397 -0.46818635 1.3659823 -0.41879678 -0.9606635 -0.011163811 -0.8128413
D01020 0.7545231 -0.5374642 -0.4493925 0.16268413 0.36925018 -1.2392673 0.071045205 -0.4857047 0.15498765 0.42789218 -0.5203793 0.5079002 -0.7567113 0.43427846 -0.09459715 -0.86272246
D01712 0.79911745 -0.69826496 -1.1807436 0.2041358 -0.011657351 0.051315818 0.33828562 -1.8222295 -1.3780476 0.5307627 -1.8641653 0.46011963 0.01718492 -0.510982 1.5138012 -0.49415746
D05312 0.7103113 0.507665 0.6774962 0.045420375 -0.6683451 -0.986878 -0.6091396 0.049695086 -1.4755523 -1.2426386 -0.77157676 -0.3632819 -1.2014087 0.184219 -0.11030382 -0.5466999
D05341 0.63658035 -0.25196198 1.5753577 -0.6423478 -0.8408929 0.65679616 0.35443372 -1.1235651 -1.4388876 -0.526663 -0.6547936 1.3689682 -0.8639765 0.56559455 -0.48466524 -1.1269798
hsa3354 -0.3637872 -0.025484698 0.13054812 0.91268164 0.27817947 -0.31766677 -0.208529 -1.1571769 0.25484452 0.5839827 -0.6559184 -0.5719494 -0.66758233 0.45860747 0.18481103 -1.2504003
D03881 0.6305266 0.16908574 -0.01586697 0.8025924 0.9787556 -0.71539056 0.04445285 -1.0847151 0.16821682 -0.8203112 -0.9936048 0.864121 -0.61441785 0.36336368 -0.07653648 -0.19214414
D00110 0.25088173 0.123340204 1.0264058 0.69765556 -0.40527165 -1.1426138 -0.6642318 0.4460859 -0.58713806 0.10118536 -1.0178263 -0.0505994 -0.39306477 0.35268295 0.45704806 -0.22723964
D00645 0.46944726 -0.3026774 0.08537226 0.3964358 0.7579686 -0.7715801 -0.40778983 -0.5106144 -0.386322 -0.0047856113 -0.2703488 0.24680038 -0.3185418 -0.48097947 -1.0710969 -0.66642594
D02721 0.87160146 -0.88305426 0.7772177 -0.04240386 -0.18323451 0.33818838 -0.25722003 -1.470248 -1.9086443 -0.30294096 -0.39283666 1.3471519 0.31249794 0.51201653 0.4368822 -1.0967001
D00336 0.50737363 -0.28727567 1.020279 0.8467912 1.0457976 0.13363762 -1.023003 -0.110274404 -0.8307894 0.13615416 0.17925045 0.16898778 -0.658167 0.6207982 0.36204684 -0.53060734
D05246 0.07851368 1.0738121 0.28757054 -0.66446567 0.45438173 -0.6514552 -0.70865345 -0.7629017 -0.81590384 -0.77652377 -1.5579138 -0.22146466 -0.003851418 -0.4530199 0.425186 -1.6901063
hsa7201 0.8015903 0.4607455 0.2761913 -0.6563469 0.572853 0.30438045 -1.3865874 0.082375504 -1.0055966 -0.68497884 -1.3465093 0.101616785 -2.1974008 0.20401451 0.14194031 0.031122386
hsa5731 1.2080231 -0.6398019 1.3531145 0.30093473 -0.17476147 0.663242 -0.36257085 -1.1996156 -1.9978311 -0.0071896547 -0.7595622 1.4340521 0.34327865 0.6750683 -0.30196962 -1.495235
hsa6752 0.4878126 0.29109386 1.8153254 0.08778528 -0.39163068 -0.1431257 0.13849612 0.08242907 -0.99939513 -0.9440488 -1.1754006 -0.46816748 -1.285208 0.19967282 -0.12942429 -0.6144156
D00521 -0.123095095 0.12488099 0.60690135 0.9656271 -0.5264143 -0.11827622 -0.51936734 0.11126106 -0.19155419 0.035539515 -1.5490264 -0.102877155 -0.5290712 -0.4664578 -0.58994335 -0.83491313
D00604 -0.38706258 -0.5537061 -0.11097794 0.3332018 0.78379685 -1.0846359 -0.23419727 -0.76535124 0.107213296 -0.0029973825 -0.46884048 0.22343439 -1.3991306 -0.32800972 0.35433683 -0.87192225
D00790 -0.10598901 -1.2482835 0.1845563 0.7834636 0.9142787 -0.22299074 -0.019979607 -0.5246899 -0.419664 0.22060163 -1.1400228 -0.21701886 -0.27917567 -1.0730548 0.0900457 -0.1463895
D00397 0.47630572 -0.1611135 0.5098017 0.41402784 0.36243853 -0.7256676 -0.4341621 -0.50363976 -0.098142445 0.74272287 -1.3829795 0.47379482 -0.13900055 -0.554258 -0.41303134 0.4547307
D02374 0.880603 -0.059709307 -0.31281328 1.1900965 0.34322155 -0.6235343 0.77567166 -0.5900305 -0.08362998 -0.05325952 -0.64007396 0.25797206 -0.62500614 0.7296916 -0.40798536 -0.69333744
hsa64805 0.3399524 -0.33721095 1.4235886 0.46109053 -0.22836706 -0.81418127 -0.38138753 -1.3668426 -1.2265325 -0.039725006 0.70641327 0.3288577 -0.083864264 -0.84392977 -0.34103003 -1.4256183
D02250 0.44947538 -0.050104603 1.7767482 0.40524638 -0.24108544 0.1867666 0.18642725 0.056978997 -0.4885953 -0.92636347 -1.7611326 -0.3126888 -1.3768431 0.24372444 -0.16859391 -0.6129641
hsa136 1.1104748 -0.3532179 -1.0947704 0.3767325 -0.4157223 0.44754052 0.06031212 -1.73191 -1.4511684 0.6191382 -1.5088668 0.37352803 -0.17618684 -0.14334418 1.4036233 -0.10495271
hsa135 0.9370397 -0.4923945 -1.1502397 0.1785712 -0.124078505 0.168216 0.23226227 -1.7540971 -1.3620422 0.6201662 -1.4109251 0.40723693 -0.21669863 -0.17932218 1.3617724 -0.40735185
D02358 1.4194524 -0.36718088 -0.20386116 0.90194213 0.837044 -0.7358172 0.39416707 -0.82412416 -0.44145113 -0.15210122 -0.8096826 0.037908 -0.6033112 1.0244813 -0.73098016 -0.93172586
D00646 -0.1383917 -0.7056887 0.29547098 0.9801263 0.68181133 -0.8921183 -0.23596908 -0.64294094 -0.58368456 0.54896057 -1.2771738 0.56421846 -0.47484872 -0.5744316 -0.3530124 0.31400794
D00426 0.38317138 -0.29575494 -0.013413479 0.66540736 0.13850735 -0.9461497 -0.77653676 -0.17772663 0.10315779 0.3569255 -0.21182702 -0.16144447 -0.8521171 -0.0048972485 0.31491196 -0.99977994
D04006 1.0921152 -0.5878418 -1.0547872 0.5405089 -0.3226358 0.41255704 0.33813232 -1.8711137 -1.9497392 0.85504144 -2.0075657 0.42559388 0.15430553 -0.39013267 1.7284452 -0.23205167
D00232 0.3287039 -0.05669334 0.7087172 1.1062415 -0.6926819 -1.2409933 -0.1352648 -0.6063962 -0.73172706 0.5227098 -0.95844185 -0.3098072 0.036701344 -0.08527209 -0.12879324 0.1682423
hsa3357 0.022756224 0.17821735 0.14368741 1.2898222 0.27723253 -0.17990091 0.12762657 -0.8704515 0.42122886 0.4975726 -0.7502941 -0.16057836 -0.57985544 0.5875732 0.36704478 -0.8888761
hsa2916 1.0839105 0.13769737 0.13479605 -1.4421858 0.65241325 -0.09913705 -0.32344863 -1.0096588 -0.40407395 1.2748251 -1.333273 1.7371508 -1.4487834 0.20743376 0.66837275 -0.686665
hsa5733 1.2768043 -0.51733214 1.2667122 0.6821785 -0.0061163604 1.3120756 -0.2664163 -0.7034574 -1.5356287 0.47546765 -1.1933982 1.4767046 0.3439278 0.4731879 -0.1561571 -1.2653171
D00676 -0.8540022 0.015912902 0.46266067 0.7309274 0.90130013 -0.09965657 -0.20365825 -1.1584151 0.00029547326 0.69445914 -1.1667085 -0.33106402 -0.32137236 0.20530853 0.2506628 -0.80388707
D04979 0.4388748 -0.22996701 0.49784264 0.72812796 -0.2824857 -0.5429203 -0.98788536 -0.804913 0.33655632 0.91198105 -0.17482671 -0.025764843 -0.6620445 -0.7525612 -0.06832658 -0.7923703
D02338 1.0837263 -0.39475596 -0.44953322 1.0448663 0.80482423 -0.8067314 0.5916612 -0.71039426 -0.13361003 -0.083900236 -0.6667735 0.06953784 -0.4917458 0.41569048 -0.45491564 -0.9323764
D01891 1.4096471 -0.58606756 1.0192381 0.54755825 -0.71576506 1.0186328 -0.53799707 -0.9287545 -1.7805713 0.28754923 -1.4374442 1.6244085 0.2878971 0.9410317 -0.24731365 -1.1644262
D00632 1.1722753 -0.0710388 0.43868953 1.0796484 0.9581778 -0.4434873 0.28855905 -0.7259077 0.4005124 -0.79242176 -0.6820536 0.58700395 -0.7133589 0.053017486 0.07981546 -0.15693323
D01745 0.30734825 -0.5290707 0.13846841 1.0676354 -0.3519114 -0.04888986 -0.7435139 0.29297286 -0.19915597 0.4005999 -0.5461028 -0.05924095 -1.0278178 -0.20153645 -0.07509688 -0.8778741
D00432 1.2625821 0.752786 -0.51555264 1.1104114 0.25806567 -0.76908594 0.56806993 -0.25722292 -0.34084147 -0.02336302 -0.71486455 -0.30824795 -1.0672338 0.73681986 0.058374103 -0.2811322
D02076 0.18872552 0.34605268 -0.12625344 0.56128925 0.84142727 -0.6502249 -0.5224284 -0.58021146 -0.17094265 -1.0096374 -0.37907633 0.82244736 -0.9554367 -0.26644376 0.33366734 -0.21701555
D02066 0.7769277 0.4333906 -0.4122655 1.1916127 0.7242553 -0.48317853 0.84113 -0.77798146 0.06840557 -0.24898024 -1.5114385 0.1524036 -0.6910829 0.20045285 -0.25389168 -0.71955246
hsa5732 0.8217354 0.050666925 1.2816112 0.036473557 -0.2953152 0.3210934 -0.9920723 -0.9396509 -2.0514936 -0.13407789 -0.78560954 1.4903724 0.46674186 0.18595104 -0.16853066 -1.2096946
D02279 0.6816692 -0.39721584 -0.071938455 -0.56456393 0.0211354 0.71763176 0.80143416 -1.2934915 -0.54580456 0.29937834 -0.27581435 1.4142829 -1.5083895 -0.015743246 0.14816071 -1.2882229
D01925 0.8332299 0.50659597 -0.11956423 -0.22079073 0.90495354 0.2828653 -1.3071988 -0.03946278 -1.4644735 0.10205311 -0.9869615 -0.113417745 -2.1273382 0.38003278 -0.08209698 -0.050432213
D06396 0.31688142 -0.12495442 0.74159646 0.3980706 0.6624638 -0.27373162 -0.9398934 -0.6703104 -1.213922 -0.012298292 -0.04781938 0.037616663 -1.1992682 1.1924362 -0.20050272 0.12141883
D03187 0.8728672 -0.3451544 0.71659577 0.12132011 -0.54325175 -0.040666938 -0.9019202 -0.5333896 -1.8370184 0.098514475 -1.0051626 1.7124149 0.5374612 0.38962623 -0.5357307 -0.86478955
D02342 1.5285245 -0.28959158 -0.3207434 0.67506534 1.0811926 -0.9520258 0.41993785 -0.9670974 -0.46757102 -0.20328204 -0.663059 0.05128342 -0.17411436 0.6372594 -0.75958353 -0.81434715
D01236 0.7427114 0.04736729 0.73219043 0.37540227 -0.5434189 -0.24422649 -0.22565985 0.44656393 0.47881803 -0.63840944 -0.83669186 0.6113206 -1.6273649 -0.48689988 0.26669255 -1.4775246
D03642 0.6673663 -0.1630606 0.7782727 0.073966 1.4279852 -0.05420455 -0.13000703 -0.35006702 -0.3050746 0.08906843 -0.9376188 1.209723 0.06342872 -0.11461246 -0.6920733 -0.4770953
D01227 -0.44104865 0.10122816 -0.20011511 -0.23757489 -0.3443974 0.007290205 -0.37310708 -1.0737467 -0.9589353 -0.94870174 -1.8696567 -1.1068255 -0.48208642 -0.543249 0.8601207 -0.9973232
D00715 0.33944604 0.19924617 0.68861395 0.687893 -0.6001253 -1.455584 -0.26415837 -0.8040764 -0.65512717 0.71159095 -1.0920513 0.25060433 0.13793403 -0.01647984 -0.13384776 0.4082005
D00837 -0.019141894 0.66525733 0.08524427 0.28561974 -0.2425325 -0.97387636 -0.5377336 -0.014349509 -1.0782514 -1.250063 -0.66395766 0.34148395 -1.2864481 0.15003996 0.26007536 -0.47080415
hsa3362 0.17564854 0.08097472 0.055316277 1.2251952 0.0892963 -0.7145865 0.010992039 -1.054739 0.11966656 0.3298154 -0.6207373 -0.3893957 -0.5499252 0.35374427 0.32215425 -0.4448782
D00059 0.25534534 0.38991043 0.2601401 0.16104257 0.8792156 -0.040547848 0.7628639 -0.7798595 -0.4085649 0.6660919 0.13111871 1.0261827 -0.8578353 -0.36492112 0.25894207 -1.1286181
D00235 1.356742 -0.29543933 -0.58342874 0.89144707 0.86518186 -0.80669934 0.40288502 -0.84970313 -0.20502919 -0.117085114 -0.59563684 0.26162666 -0.425935 0.7768328 -0.44531733 -1.0832232
D00838 0.36333653 0.7063547 0.6225622 0.2807539 -0.55067545 -1.0981785 -0.52736646 -0.25781983 -1.6970233 -0.9267632 -0.73325825 -0.38818607 -1.5356822 0.54503757 -0.32347918 -0.24759202
D00528 0.88233405 -0.64055246 -0.9659027 0.43482193 0.1500799 0.02333691 0.37313536 -1.719998 -1.8950208 0.74916863 -1.9839063 0.45324627 0.23126124 -0.57088053 1.5854678 -0.3772528
D01964 1.3711737 -0.7922653 1.4696243 0.602057 -0.46013168 1.1077535 -0.016729793 -1.3306334 -1.7881027 -0.065935224 -1.1080227 1.1059805 0.39543766 0.6180484 -0.49815452 -1.235224
hsa2913 1.019883 -0.15181069 0.13187617 -1.3878834 0.44520125 -0.2602796 -0.28940952 -1.0140917 -0.62160707 0.8722298 -1.0614238 1.4094849 -1.3305706 0.3096151 0.5178722 -0.5979721
D02361 0.21426399 -1.4228278 0.14851636 0.6786842 0.66374505 -0.51860696 -0.26626575 -0.54785097 -0.9888182 -0.04185136 -1.3002566 0.012323232 -0.44344258 -0.9107474 -0.64174545 0.15623055
D04040 0.3200554 0.8818367 0.3301238 -0.32337454 0.6776462 -0.38296163 -1.1065341 -0.6467945 -1.2437463 -0.64413786 -1.1778154 -0.07274954 0.2481591 -0.81101996 0.16746503 -1.1076987
D02359 0.7741541 -0.38244566 0.46565604 0.5798428 0.9408989 -0.3375216 0.17784096 -0.64067715 0.13531555 0.041487053 -1.2010646 1.1393945 -0.3029239 -0.17144252 -0.5940792 0.19632085
hsa2917 1.0239003 0.055791996 -0.024295894 -1.1443406 0.8554747 -0.36434135 -0.3886161 -0.8989853 -0.1234133 1.2203751 -1.2002822 1.5858959 -1.4412591 0.3258571 0.6473763 -0.61806256
D00356 1.4983125 -0.6926193 1.2942109 0.62006694 -0.5691337 1.2998388 -0.2518519 -1.1247892 -1.8687636 0.2726668 -1.3253928 1.1885197 0.43140447 0.5667943 -0.26802644 -1.3556057
D02910 0.46118897 -1.1723012 -0.13191709 0.945421 0.87069124 -0.8574884 0.1862882 -0.60661393 -0.7756675 -0.20060453 -0.51271445 -0.30608532 -0.71036315 -0.19864057 -0.42703915 -0.02386073
hsa57105 0.24335167 0.12542322 1.2719961 0.33276835 0.43291628 -0.05006765 -0.15640306 -0.5586875 -1.4885294 0.3417338 0.12121113 -0.0014952235 0.09490213 -1.2367879 0.7196605 -0.8028891
D00627 -0.06006805 0.3319865 -0.024747562 -0.56753916 0.42635837 -0.7304984 -0.78291273 -0.33995226 -0.50158197 -1.1703818 -1.274449 -0.32083213 -0.36899132 -0.8856521 0.66417086 -1.5927136
D00598 1.6196718 -0.35663202 -0.23166585 0.73472655 1.0126241 -0.8373004 0.31862637 -0.86429965 -0.6486189 -0.26171198 -0.5909398 0.35491332 -0.5278448 0.8915436 -0.7811364 -0.86577034
D00465 0.21112372 0.04764728 0.43947682 0.8062803 -0.36418226 -1.6722065 -0.43431765 -0.29551077 -0.8221146 0.41256237 -1.2101628 0.42236096 0.027865933 -0.07165279 0.13700151 0.0923004
hsa338442 0.6549917 0.41064107 0.67158765 0.14765614 0.20865218 -0.48335946 0.8914884 -0.4540683 -1.7410109 1.0508026 -0.23724985 -0.037493303 -0.8151158 -1.826765 -0.012983466 -1.0710051
D05938 -0.6390461 0.43682936 0.2731804 0.31127745 -0.6334126 -1.2087814 -0.61894155 -0.68997055 -0.4470266 -0.34644303 -0.9151561 -0.10320573 -0.95415473 -0.2517436 -0.41331217 -0.36763537
D03442 1.1256255 0.3395824 1.2411339 0.08952786 1.0992812 0.40866753 0.2718961 0.25154698 -0.4808654 -1.1157657 -1.9618102 -0.42548868 -1.5909051 0.69776803 -0.11600054 -0.4717629
D00410 0.5495043 0.11035636 0.6812122 -0.44738105 0.44238576 -0.5149795 0.2778008 -0.7530015 -0.29064265 0.7017055 -0.70031726 -0.575607 -0.77910733 -0.82251775 -0.73322135 0.018777424
D00606 0.0150768375 -0.7762981 0.22081378 0.22402701 0.51757115 -1.128962 0.21984889 -0.6276734 0.20176555 -0.17586356 -0.20669945 0.36963075 -1.5028427 -0.31858435 0.24033645 -0.72646827
D00779 0.033777796 0.19835006 0.3110618 0.37364352 -0.7037935 -1.4962062 -0.6655197 -0.5000489 -0.9668371 0.68439865 -1.3105879 0.25290492 -0.022648398 -0.10559852 -0.2337792 0.0078745745
D01782 -0.03481433 -0.30585936 0.5425631 0.647825 0.017881755 -0.7886529 -1.2694405 -0.63234264 -0.47831917 0.62069094 -0.2471436 0.41239834 -0.3126946 -0.6975027 -0.45761997 -0.44209862
D00499 0.9792332 0.27513447 -0.66860235 -0.6696546 0.22290061 -0.92801124 0.361038 -0.38540003 -1.5133082 1.0756488 -0.646505 -0.08390742 -0.68936056 -1.1942105 0.31502753 -0.35014915
D00415 -0.82866627 0.034082845 0.7724198 0.48221752 0.5724448 -0.3096564 0.59297097 -1.4313893 -0.08474936 0.95382196 -0.99628 -0.58342063 -0.8099641 0.25743154 -0.060544927 -0.52201176
D00675 -0.49087942 -0.23879829 0.29244483 0.7236229 0.9835809 0.18346521 0.26317042 -1.0146478 -0.13203995 0.5389351 -0.8167955 -0.74360925 -0.7831317 -0.48204613 0.4146495 -0.7177857
D00419 1.2064961 -0.52889663 1.1146128 0.27440995 -0.8063217 0.6605043 -0.6738404 -1.1630219 -2.061602 0.19435595 -1.1316457 1.6295037 0.2227243 0.57630986 -0.2802506 -0.9870355
D01103 -0.19295533 -0.04203876 0.24249096 0.51145625 -0.62537235 -1.0375392 -0.4312754 -0.3686359 -0.557188 0.5924954 -1.5837932 0.368571 -0.3306182 -0.13355751 -0.093446136 0.27241555
D01324 -0.010578967 -0.4364635 0.8927057 0.8596958 -0.21866943 -0.5923432 -1.1771675 -0.79219544 0.17209409 0.8367334 -0.63464564 0.27484053 -0.51000994 -0.6221945 0.41830823 -0.3006657
D00520 -0.15901855 -0.9264406 -0.38292485 0.5931567 -0.23393026 -0.34594026 -0.6533712 -0.9054481 -1.0039213 -0.15883775 -1.6422284 -0.72948325 0.17285806 -0.91224897 0.66084 -0.08307487
hsa10161 0.92351663 0.44753966 1.2261044 -0.37329268 0.5594928 -0.8152947 -0.4948968 -0.9079327 -1.4992491 0.31047016 -0.03429514 -0.7864358 -0.13301474 -0.93014234 0.5930347 -1.3315781
hsa5031 1.2825481 0.26543808 1.4582399 -1.1557648 -0.42326218 -0.17581919 0.27888417 -1.1964663 -2.0099337 1.0343349 -0.9137866 -0.39196378 -0.24198648 -0.61535877 1.8758918 -1.6764374
D00318 1.1230357 -0.15255313 -0.53553146 0.5940875 -0.67334425 -0.0034152048 -0.7220668 -1.3679999 0.6001066 0.50429565 -1.2197832 -0.20501551 -0.2895467 -0.55280364 -0.010154241 -0.20302759
hsa2914 1.0572568 -0.047591038 0.15865794 -1.1880279 1.0886354 -0.20593837 -0.4793851 -1.0233266 -0.09768579 1.3626041 -1.3356541 1.7566489 -1.6547271 0.21415864 0.67292464 -0.7774953
D00666 -0.34280095 0.7858136 0.05836263 0.43974265 0.70090693 0.18461826 -1.6438816 -0.9517921 -0.77748054 0.045819405 -1.2956336 -0.04271355 -0.17553627 -0.055742037 -0.10595614 0.05860789
D04716 0.3115282 -0.5577706 0.10136735 0.31069088 0.18021345 -0.8505771 -0.30482027 -0.4911677 -0.79766023 -0.64839524 -0.76757884 -0.61868286 -1.247191 -0.57176554 -0.89529246 0.021383625
D01828 0.1136038 -0.14048512 0.8155824 0.28455204 1.1800263 0.4664792 0.61333793 -0.8295319 -0.38610962 0.6514675 -0.2614707 -0.18285128 -0.44941312 -0.8843769 0.6512683 -1.1825696
D02234 0.27420282 -0.3701481 -0.08635026 0.5197069 -0.41969186 -0.75770384 -0.16325137 -0.0831215 0.34217325 -0.47817257 -0.867918 0.22693077 -1.2870971 -0.46785775 -0.014821832 -0.95101595
D00601 1.2060859 0.2823281 -0.054554477 0.92845255 1.0887736 -0.92460024 0.47764054 -0.82871825 0.011062704 -0.43470043 -0.991008 0.36297417 -0.16613868 0.4808286 -0.43354556 -0.46717015
D01441 0.22822686 0.16963679 1.1778575 0.769666 -0.38931903 -0.23739149 0.016073884 0.18465842 -0.5109117 -0.1069521 -0.94745547 -0.43167263 -0.94964755 -1.1322929 1.5069611 -0.90325665
hsa3361 -0.33592626 -0.4091001 -0.0076306406 0.92008483 0.3853962 -0.39719418 0.0011558495 -1.2559772 0.23597497 0.7037969 -0.7283853 -0.65464956 -0.9330802 0.5252444 0.1540302 -1.0005909
hsa6915 0.6825404 -0.36900577 1.3873184 0.43485758 1.0222468 0.41212508 -0.7100686 -0.3614924 -0.9459149 0.21551873 -0.43854713 0.9940334 0.011132138 0.5633154 -0.42779976 -0.6291068
D03365 -0.27180797 0.46192533 0.24353437 0.6607865 -0.37068352 -0.88774234 0.42102838 -0.51532674 -1.0381736 1.1110599 -0.3403656 -0.000729335 -0.9077898 -1.3079158 -0.15043518 -0.68936527
D00540 0.1944309 0.19579941 0.6718838 0.51363397 -0.78957367 -1.40371 -0.41967416 -0.048135288 -0.8655311 0.3505475 -1.2909309 0.64111084 -0.022505756 0.34755906 0.07329961 0.050360925
D02278 0.7845097 -0.0005996651 0.57472754 -1.244841 0.3010697 0.76950365 0.31131735 -1.4889504 -0.7506036 0.36821285 -0.9001094 1.7235911 -1.5123689 0.2643258 -0.06709627 -1.1926304
D03880 1.281827 0.31727186 0.19938286 1.1519374 1.1528547 -0.55681 0.4669641 -1.019698 0.26232493 -0.7263853 -1.0372021 0.5327289 -0.6284193 0.13957289 0.09623954 -0.31176358
D00442 0.39933172 -0.19413099 1.5707498 0.305421 0.18915826 -0.13846162 -0.055686355 0.39080524 -0.66879845 -0.85732424 -1.7522017 -0.6758762 -1.0786724 -0.26536044 -0.29533347 -0.7553593
hsa6751 0.4300696 0.15765722 1.6711464 0.29957968 -0.31849837 -0.54535556 -0.10565537 0.49020532 -0.8480265 -0.6550528 -1.318841 -0.6525097 -1.2320353 -0.1655165 -0.17558265 -0.5777283
D00394 0.6436206 -0.9080584 0.08389465 0.2326406 0.9840931 -1.0016557 -0.08569106 -0.18237343 -0.5047047 0.54083014 -1.2521253 -0.6330159 -0.3765897 -0.8825975 -0.23105079 -0.07874974
D00332 0.04761579 -0.96123666 -0.3149516 -0.23389503 -0.2381209 0.3117578 0.4533302 -1.2636485 -0.6415837 0.15986751 -0.38401002 1.3156127 -0.40977842 -0.23570515 0.7707057 -0.57004786
hsa222545 1.0638973 -0.21162732 0.27452487 -1.1099495 0.23277692 0.65760046 0.49324563 -1.4043746 -0.53890723 0.4587146 -0.838722 1.7847717 -1.6293707 0.2671775 0.015871024 -1.1041821
D00049 0.31099245 0.39364484 0.501076 0.12065938 0.17834564 -0.12153411 1.0006641 -0.7349801 -1.2576896 1.2073964 -0.14799531 0.24169737 -0.80188245 -1.4211606 -0.13563363 -0.70267826
D02826 -0.3982035 -0.47658452 0.30871013 0.4635589 0.46299693 -0.43155685 -0.27679536 -0.7028767 0.2536766 0.61090195 -0.6688048 -0.3482409 -1.207149 -0.079074875 0.60174775 -0.90253437
D00635 0.8677582 0.49363914 0.1731299 0.6241934 1.0462517 -0.80198437 0.55551034 -0.63829863 0.010032792 -0.75083786 -1.0916505 0.07948824 -0.25202066 0.3976008 -0.34087518 -0.52957714
D02082 0.08508289 0.8874733 0.56503177 -0.27497888 0.8105277 -0.39427298 -1.1196756 -0.9727366 -0.93410635 -0.7793454 -1.1130519 0.005701661 0.5165708 -0.57643443 0.20282613 -0.9991926
D01965 -0.01324066 -0.5768861 -0.543931 0.021338234 0.3246951 -1.008541 -0.3014757 -0.5019362 -0.4710063 -0.026676612 -0.20775464 0.027489454 -0.93480444 0.2226155 -0.2484571 -0.701222
hsa140 0.8709205 -0.6945386 -1.2236998 0.35903254 -0.14532365 0.51987284 0.1622697 -1.9079021 -1.0713286 0.3577334 -1.4797179 0.45823768 0.11629124 -0.13594773 1.2487947 -0.48637864
D01973 0.63701534 -0.55872047 1.3442751 1.0977857 0.50529534 -0.17761569 -0.6261846 -0.28992787 -0.25797358 0.31980357 0.16211145 0.14976539 -0.52772075 -0.111364156 1.4364202 -0.4368228
hsa2912 0.7905901 -0.230624 0.08644612 -1.3263545 0.42645594 -0.1445897 -0.24440406 -1.0111346 -0.5031721 0.88114125 -1.0689539 1.7144812 -1.5127255 0.4334099 0.53855175 -0.56595445
D01297 -0.24130762 -0.16321695 0.21596637 0.6392558 0.20269361 -0.5608752 -0.7369139 -0.59925205 -0.27213725 0.9304304 -0.422486 0.35898867 -1.3714592 -0.16246028 -0.079457425 0.052227695
D00673 2.0118904 0.3440381 -0.99016976 1.0296656 -0.78328514 0.13708626 -0.7384838 -1.5153161 0.29061157 0.6165203 -1.0834512 -0.37078026 -0.2738173 -0.16760379 0.8735826 -0.946571
D00965 1.148515 0.002796391 -0.736281 -0.7659592 0.493831 -1.0070333 0.07619521 -0.2532084 -0.27600482 0.77286386 -0.77630347 0.47928485 -0.60307604 -0.053356275 0.2023325 -0.58796936
D01269 -0.5967915 0.12438867 0.47743598 0.105126575 -0.49804127 -0.5690159 -1.1227098 -1.0436802 -0.54723406 0.71142167 -1.1917855 0.5779721 -0.39525685 -0.06298831 0.46925086 0.5584834
D02007 0.8173481 0.65351 0.23441337 -0.47385588 0.62700677 0.0444238 -0.847107 0.31089944 -1.0120795 -0.72753435 -1.3444284 0.51705825 -2.3766117 0.46820733 0.47287133 -0.12686421
D00687 0.8819182 -0.46886367 0.4467968 0.42045638 0.7098909 -0.13288014 0.55072427 0.34768072 0.19293205 -1.2583394 -1.5120201 -0.06885888 -1.1379788 -0.31692383 0.2364515 -0.65679485
D01692 0.34615043 -0.5959446 -0.1344524 0.80594736 -0.16766736 -0.5856258 -0.418916 -0.7914242 -0.50954306 -0.08242698 0.05104313 -0.17437041 -1.7207942 0.63644254 0.14209394 0.106699996
D00682 0.8173288 -0.7201429 1.4593862 -0.31569377 -0.4927925 0.42613462 0.19437645 -1.9672849 -2.394173 -0.28206727 -0.4844399 1.1559724 -0.15728584 0.7011317 -0.4479434 -1.3452767
D00301 -0.39633587 0.1657538 -0.40135494 0.67587984 -0.90677065 -0.6853346 0.17241567 -0.24561334 -0.37782854 -0.8709844 -1.5587343 0.20524319 -1.2523057 -0.07868094 -0.30283895 -0.41386145
hsa5028 0.84703076 0.13717572 1.3747431 -0.4404979 -0.10790007 -0.31250304 0.48001897 -0.99924475 -1.8588465 0.74944246 -0.51802105 -0.34608322 0.018648399 -0.9935838 1.2762661 -1.3983836
D00422 1.8491323 0.29283574 -0.9217203 0.8775723 -0.8296645 0.065306105 -0.74158406 -1.5273403 0.3384036 0.6780482 -1.1996889 -0.28262874 -0.38292658 -0.14906223 0.75299025 -0.64777356
hsa1815 -0.04358419 0.20623015 0.29930604 1.1891601 0.08863058 -0.883443 -0.4588549 -0.5149409 0.08727202 0.5088942 -0.64799947 -0.053343102 -0.51622504 -0.1056601 0.33066308 -0.5162286
D02588 0.38072526 0.5069716 0.23220167 -0.44768864 0.61588615 0.26407456 -1.5777562 -0.34556535 -1.2458247 0.2132093 -0.8967107 0.18762104 -2.307019 0.41832125 -0.28671426 0.14470145
D02614 0.5855082 -0.39487746 0.7809397 0.663676 0.8210692 -0.778785 0.21869932 -0.88772845 0.5530821 -0.55340534 -1.0834566 0.7178401 -0.79712504 -0.0862048 -0.28725728 0.14349207
D00522 0.17459492 0.83224005 0.1869364 -0.48437548 0.58219665 -0.6358661 -0.894513 -0.69810444 -0.7745066 -0.91260445 -1.49948 -0.16938876 -0.2000493 -0.64822304 0.7401667 -1.5668837
D00845 -0.4197683 0.3294741 0.18292105 -0.005928003 -0.5368839 -0.6059393 -0.64328253 -1.2556993 -0.4311787 -0.8040878 -1.1538135 0.1445941 -0.94407225 0.3244776 -0.15637761 0.32055518
D00684 0.68952805 0.39376417 -0.75549585 1.4020169 0.10886915 -0.6909449 0.85188586 -0.60042506 -0.106871635 -0.6957633 -1.6451515 0.76154673 -0.8086481 0.41548863 -0.34756976 -0.73929095
D04625 1.1968249 0.37373322 -0.6089341 0.6518614 0.6289076 -0.9562063 0.8592854 -1.0510432 0.07109512 0.20545611 -0.31390896 0.34050828 -0.9655256 0.33008546 -0.09681609 -0.7400485
D03654 -0.13514718 0.046318322 0.6037327 1.7425972 -0.97832775 -0.89136505 -0.7136777 0.113712095 -0.69237876 0.43600962 -1.3506622 -0.25374004 -0.3407557 -0.27599898 -0.0762816 -0.72698265
hsa56413 0.84962296 0.050388616 2.1409297 0.8010217 0.28694388 0.17485726 0.009178257 0.4100269 -1.1588107 -0.5403834 -0.4206362 -0.11917159 -1.1024724 -0.33487788 1.0812588 -0.728108
D00498 0.63029575 0.97704375 -0.021639032 0.71825594 -0.44075653 -0.83736795 -0.019063918 -0.022802725 -1.3856703 -0.73791647 -0.48260766 -0.5751565 -1.3238627 0.24612941 -0.17389297 0.06927701
D01652 0.638844 -0.16941546 0.6843762 0.49672568 0.25706866 -0.47798714 -0.4172774 -0.87897694 -0.5050517 0.92857915 0.30279222 -0.40900004 -0.37042415 -0.064534724 -0.14176087 -1.8683943
D00726 -0.04006303 -0.73393714 0.8678592 1.0088817 0.045197852 -0.45649707 0.08335028 -1.1641195 -0.7451296 0.09128274 -0.47283638 -0.46924242 -1.2434056 0.8711629 -0.6261733 0.5117348
D00523 0.0065591126 1.092534 0.42340058 -0.40932474 0.013563694 -1.323774 -0.83077866 0.11840133 -0.7607352 -0.059327878 -1.4397398 -0.35960785 -0.1833307 -0.39213353 -0.11672574 -1.2675015
D00225 0.8033181 -0.24547979 0.76521057 -0.019477686 0.4501485 -0.43635136 -0.5811796 -0.19956075 -0.13827229 0.37339306 -0.15156977 -1.0047375 -0.60748655 -0.36611322 -0.5329277 -1.1995691
D00780 0.7737181 0.0040185563 -0.7730677 1.4969305 0.19053246 0.12193803 -1.3112814 0.2524644 -0.990301 0.624334 -0.48817948 0.03642706 -1.1982508 0.23589773 0.54330367 -0.6486797
D01332 -0.035127416 0.39931595 0.24360673 1.0092269 0.083195135 0.029615108 -1.4173466 -0.56332827 -0.35646692 0.4906902 -1.0632175 -0.112279594 -0.29621756 -0.044056233 -0.040088035 -0.12481633
D01717 -0.39018697 0.18340719 0.26726666 0.29686227 -0.40353405 0.076140754 -1.5002087 -1.0050888 -0.77023226 0.041988734 -0.96777743 -0.1046034 -0.48110068 -0.43899193 -0.20551732 0.07991645
D03165 0.80100936 0.1942663 -0.4745852 1.108277 0.5114988 0.25681034 -1.1941763 0.46292582 -1.0780678 0.71570677 -0.6035682 -0.22363642 -1.2532032 0.17465156 0.48312512 -0.3106137
D01699 0.064667195 0.10312146 0.5913247 1.4925522 -0.6242586 -0.9156722 -0.43626708 0.06316855 -0.44114536 0.40195984 -1.5277319 -0.25906566 -0.19312921 -0.40606725 -0.2412252 -0.65030164
D00514 0.12036314 -0.6634151 -0.5353926 0.40852612 0.36233005 -0.41913745 -0.13390224 -0.70918894 -0.49636054 0.65215075 -0.76623935 0.11935447 -0.70902306 -1.019948 0.19147514 0.13773172
D01386 1.0303624 -0.1020722 -0.1787431 0.91923755 0.049303632 -1.4511312 0.54360515 -0.6486602 0.1596206 0.037144978 -0.60909945 0.88104874 -0.39907262 0.43344694 -0.4361353 -0.95989704
D00443 0.6025555 0.6780021 -0.05421961 -0.3860849 -0.2530946 -1.1838669 -0.964856 -0.102567405 -1.6094334 -0.7101264 -0.93274206 0.08804261 0.21941502 -0.29394296 0.051994395 -0.66458404
D00440 1.7238209 0.29330027 -0.7745789 1.1597942 -0.9817647 0.10884059 -0.9323892 -1.3648281 0.36079925 0.6399912 -0.9800574 -0.37450546 -0.19370824 -0.16194591 0.8042446 -0.8404965
D00769 0.25445268 -0.2690601 0.9686663 0.83927196 -0.20114572 -1.0877124 -0.58524436 -1.2227306 -0.6873214 -0.2740144 0.84085065 0.25586304 -0.2140367 -0.819179 -0.3932941 -1.0568966
hsa6755 0.40222728 0.029648932 2.0769656 0.18098451 -0.5472915 -0.036801986 0.20311771 0.029505502 -0.8590374 -0.98946065 -1.1300545 -0.19905515 -1.4536124 -0.0012273612 0.19087769 -0.8716638
D03210 0.36776945 -0.10278279 0.49348047 0.19240643 0.47311395 -1.2537363 -1.7879488 -0.47486758 -0.8463164 -0.08011391 0.067992285 -0.7443937 -0.7138704 0.27842286 0.41610274 -0.74039346
D00306 0.98003876 0.34993264 -0.8138092 1.1177323 -0.17135482 -0.24552001 0.06574944 -0.76396847 -1.1923823 0.3947531 -0.29999956 -0.5764988 -1.6900399 0.51866907 0.7036972 0.5334561
hsa2846 0.7802331 0.45111918 1.1829692 -0.08821349 0.42082372 -0.42265144 0.29311973 -0.88517445 -1.8852309 0.8890771 -0.20520768 -0.46168292 0.10625241 -1.3799372 0.7228995 -1.2639465
D00674 0.1431556 -0.67859095 0.7637508 1.000231 0.63483983 0.061019544 -0.45475128 -0.76106 0.19713126 0.45384356 -0.30339748 -0.13799791 -0.60354257 0.9782803 0.832633 -0.6925287
D02349 0.41068095 -0.064682804 -0.82216763 1.017601 0.050969344 -0.59587324 0.8750681 -0.40396464 -0.25105008 -0.16802621 -0.69722867 0.48630008 -0.9728474 0.22551191 -0.14654176 -0.9508477
hsa5724 0.44009203 0.1401524 1.4039136 0.16523898 0.16973728 -0.6928893 -0.575811 -1.0143503 -1.3374695 0.6165089 0.32039714 -0.75937235 0.014083605 -0.27572685 0.46759477 -1.7227181
D00094 0.77951694 -0.87534875 0.61951834 -0.8142543 -0.27957827 0.17060277 0.41200078 -1.8860412 -1.8673304 -0.16330324 -0.38221258 0.9467567 0.0052307067 0.507497 1.0479271 -0.8064179
D02357 0.3699946 0.3781066 -0.41844887 1.1596793 0.1793031 0.06922444 -0.69699687 -0.3773197 -1.1129462 1.0479482 -0.419657 -0.46848968 -1.2706892 -0.0076467185 0.21663584 -0.10062785
hsa2911 1.2672246 -0.11219247 -0.17086497 -1.2601324 0.9243924 -0.5567266 0.19499958 -0.89326173 -0.046825238 1.4461607 -0.9597715 1.3710471 -1.4482063 0.43506354 0.46755365 -1.0000232
D00364 0.072136045 -0.21164542 0.13924779 0.67922544 0.3310466 -0.7843653 -1.3778323 -0.5104084 -0.6324852 0.2332924 -0.05594259 -0.5282218 -0.5740787 -0.20756707 0.11943442 -0.87654215
hsa5029 1.3347007 0.47796306 1.4259719 -0.9197976 -0.31715095 -0.5156777 0.21930121 -1.0293605 -1.9050062 0.7403039 -0.71201795 -0.68794763 -0.13491996 -0.44792983 1.4515725 -1.5343277
hsa3363 -0.98350143 0.39295727 0.14650203 0.42887953 0.06621281 -1.0771053 -0.07391419 -0.5830823 -0.10818447 0.6070001 -1.0076975 -0.51896316 -0.8010275 0.33526954 0.35681173 -1.0660111
D00954 0.6686776 0.22955142 -0.18187004 0.013777471 -0.52071375 -1.4539738 -0.7333585 -0.05780097 -1.1541326 -0.5006336 -0.57019544 -0.027475866 -0.46741292 -0.07381952 -0.023238052 -0.24537267
D05740 -0.38221377 0.5139972 -0.025797265 0.589808 0.54796565 -0.18220071 0.7184887 -1.3821362 0.1059628 -0.18668465 -1.2076429 -1.1106224 -0.4652047 0.08110529 0.38158888 -1.2039967
D00987 0.9504722 -0.0079848915 -0.14507388 1.5383061 0.17542821 0.3883268 -1.5146418 -0.12049377 -1.0412707 0.5830695 -0.6167607 -0.23138885 -0.8776267 0.16334012 0.37429085 -0.40567702
hsa5032 1.1408014 0.5343083 1.0748357 -0.77594686 -0.77358395 -0.68440264 0.9458763 -1.1417136 -1.9765408 0.8153544 -0.94585156 -0.5819378 -0.017714547 -0.75365597 1.3100212 -1.6938525
hsa1234 0.59099776 0.28440663 0.9347101 -0.43970886 0.5112929 -1.3282965 -1.4648736 -0.46548477 -0.98912007 -0.0712225 -0.26802653 -0.9435455 -0.5361785 -0.12722076 0.4787314 -0.9316419
hsa6753 0.59148604 0.17251392 1.9000155 0.30517456 -0.13528052 0.28312576 0.16033256 0.19650362 -1.1406823 -0.9172915 -1.3149188 -0.4199121 -1.613085 0.077921085 -0.023326075 -0.73582643
hsa5030 0.9991762 0.45601907 1.3783879 -0.8613572 -0.41802678 -0.41366002 0.34026906 -1.3723896 -2.0047898 1.008383 -0.5427928 -0.6748475 0.0094488235 -0.6859208 1.3566085 -1.7233598
D04375 -0.41357297 -1.1666061 0.14742759 0.20616385 0.2590994 -0.93603307 0.121327855 -1.0772507 0.28176302 0.07506505 -0.36275807 0.4671609 -1.8265913 -0.25633284 0.5660502 -0.74952877
D00380 0.7779983 -0.17985488 1.2889643 -0.0952636 1.5325351 -0.5360499 -0.07562799 -0.22475278 -0.34578004 0.719589 -0.46496946 0.12652333 -0.5336786 -0.19082972 -0.95360714 -0.6456354
D00574 0.43666047 0.8293573 -0.015631633 -0.68601495 0.7856761 -1.2514458 -0.26899254 -0.13662642 -0.4039614 0.75888073 -0.9857007 -0.54193693 -0.6488824 -0.5103102 -0.40156767 -0.91158086
D05792 1.1412029 -0.4040224 0.4191943 0.65590686 0.46563992 -0.6373713 0.5205366 -0.15814471 0.59636116 -0.9743598 -1.452458 0.4338323 -0.71930677 -0.24211663 -0.04113456 -0.5298767
D01462 0.1878759 0.2705508 0.03628516 1.1805388 0.48816186 0.45279372 -1.3451322 -0.22486962 -0.8100645 0.70316786 -0.8577472 -0.38569784 -0.6942765 0.29275417 0.47717312 -0.2939474
hsa2915 0.95130366 -0.12546618 -0.1908921 -1.4290345 0.51035327 -0.3106187 -0.030992705 -0.9603178 -0.23958299 1.2797885 -1.0849884 1.5554094 -1.5477164 0.37486044 0.47454146 -0.65555555
hsa6010 0.16154927 0.15727766 1.5144194 -0.5780952 -0.9607078 0.14255497 0.27633828 -0.97924364 -1.2664634 -1.0202419 -0.6209991 0.88239765 -1.52084 0.5668293 -0.4528138 -0.80852705
D01126 0.7663319 0.029200181 0.52651715 -0.39721027 0.7276318 0.87281656 0.8815517 -1.470868 -0.90464383 0.4518725 -0.29787725 1.3954103 -1.3451759 -0.19438036 0.008316472 -1.696602
D00559 -0.088901736 -0.48237008 0.5352847 0.3218941 0.2523537 -0.030576909 -0.9774202 -0.24211664 -0.14314878 1.1678543 -0.29601887 0.4401568 -1.1462555 0.47049147 0.33705714 -0.4309375
D00688 0.80537134 0.5282454 -0.70758516 1.4763384 0.5406772 -0.10236189 1.0385253 -0.46335706 -0.14767312 -0.19498286 -1.7293478 0.56850857 -1.0037374 0.4228382 -0.28000534 -0.46951762
D01071 1.0873297 0.5176648 -0.38362458 -0.7797729 0.6673355 -0.7607317 -0.44297218 0.18816344 -1.5662676 0.39282483 -0.8134362 -0.22977652 -0.80875653 -0.6985622 -0.2396502 -0.2668626
D05113 0.67320853 0.74015564 0.36958793 0.01415638 -0.29164773 -1.1560909 -0.658272 -0.004871223 -1.4056879 -1.0996377 -0.44681272 -0.48109946 -1.3108753 0.18421136 -0.057260852 -0.730531
D00765 0.47159332 0.34216562 0.18382847 0.26526988 -0.71107495 -1.1543224 -0.8637222 -0.4352971 -1.2308791 0.05468631 -0.973514 0.6233959 0.40970415 0.21293032 -0.40210193 -0.3327107
hsa5729 0.50400877 -0.054035045 1.1792293 0.31733593 0.6838274 0.5020723 -0.8486727 -0.65171087 -1.6600997 -0.10989409 -0.6001833 0.719776 0.7023687 -0.5850565 0.25332546 -0.9412009
hsa887 1.1495858 0.42100695 1.1532806 -0.020361664 0.8578483 0.4221665 -0.21856152 0.35313877 -0.27286944 -0.9345935 -1.8392985 -0.09092907 -1.9052836 0.5936656 -0.05281607 -0.56639606
D01242 0.09729734 -1.2687664 -0.2531109 0.774359 0.4815445 -0.6623246 -0.56478447 -0.6518065 -0.88512576 0.17756423 -1.6296381 -0.71743476 0.019101543 -1.0275869 0.16330162 -0.13701858
D03503 1.7919637 0.1785365 -1.1444606 0.772039 -0.8321595 0.34232342 -0.31768858 -1.5708231 0.1599579 0.50143 -0.9917871 -0.22411399 -0.06633369 -0.097135425 0.7667248 -0.8713152
D06056 -0.06489176 -0.48600712 0.50940853 0.84687585 0.14272723 -0.26017842 0.028160939 -1.4371592 -0.08238913 0.39527944 -0.29824534 -0.24364486 -1.4606359 1.1217761 -0.13189247 -0.17374417
hsa1910 -0.3165976 -0.034532573 0.21237805 0.020262698 -0.79473454 0.478772 -0.6562362 -1.2091892 -1.067174 -1.0241123 -1.7007117 -1.0825177 -0.94053316 -0.58433914 1.0733737 -0.677998
hsa886 1.1560218 0.5878038 1.388385 -0.04509874 0.8897306 0.45233166 -0.058756314 0.19092754 -0.5541147 -1.0058097 -1.5347208 -0.38857114 -2.063772 0.6677554 0.0822344 -0.59437674
hsa1241 0.77863795 0.08686777 2.201194 0.8015564 0.13611622 0.24187095 0.13124566 0.31332472 -1.224247 -0.48267946 -0.34256825 -0.48711726 -0.87533045 -0.37805644 1.0593865 -0.7769064
D00524 0.9657951 -0.2601253 0.65762377 1.6320986 -0.49686828 -0.98320353 -0.031113433 -1.1119359 -1.0049906 0.74766845 -0.80738115 -0.22050048 -0.48837566 1.0001521 -0.8949916 0.81674075
hsa1909 -0.540007 0.0933604 0.23867926 -0.08532612 -0.81628597 -0.12869576 -0.3788173 -0.76598096 -1.1087085 -0.91237354 -1.7644463 -1.0660183 -1.0671108 -0.48476413 0.8989033 -0.81156075
hsa9934 0.4501514 0.35643476 1.8107852 -0.16510312 0.6109298 -0.7731149 -0.2128433 -1.5658151 -1.7323283 -0.057453405 0.7078815 -0.26709712 -0.15620044 -0.76649624 0.31632566 -1.7106538
D01346 0.997874 -0.21946721 0.6489187 -0.316471 0.67056006 0.032342292 -0.6086358 -0.54030246 0.16912252 0.75292003 -1.5133553 1.5593215 -0.22750223 -0.06874257 -0.4094014 0.12194609
hsa9283 -0.021426981 0.15694156 1.1288552 0.42295507 -0.7516191 0.19855122 -0.044034056 -0.028294964 -0.6217151 -0.5060238 -1.0457917 -0.82553095 -1.7037933 -1.1208589 1.226874 -1.1438674
D03490 1.406691 -0.4397532 -0.54883534 0.7963291 0.9462793 -0.7613648 0.3506576 -0.98853695 -0.6148978 -0.35964388 -0.5693704 0.35272774 -0.503737 0.8650875 -0.719251 -0.85485137
hsa4543 0.1109952 -0.14842983 1.7233113 0.23673676 -0.46010068 -0.45146367 0.5499853 -0.52777046 -0.39907917 -0.29284495 -0.7478536 -0.5885069 -1.5594937 0.3416348 -0.3486199 -0.549854
hsa2550 0.4319477 0.3963981 0.26571846 -0.37675455 1.3080069 0.67629254 0.46400133 -0.95158887 -0.38940293 0.85438746 -0.8892602 1.538312 -0.76459116 -0.89084786 0.49772108 -1.5558599
D00525 -0.47895142 0.42243546 0.37862927 0.63038677 0.044183727 -0.65023863 0.34131968 -0.7282772 -1.1809183 1.246548 -0.7330781 -0.399291 -0.6680465 -0.27854064 -0.19524994 0.21738018
D00295 2.2149308 0.31262776 -1.098483 0.7258028 -0.85363656 0.27287158 -0.8476531 -1.5554916 0.09569492 0.51411676 -1.199513 -0.2361687 -0.24285999 -0.3271642 0.58838224 -0.9638058
D01994 -0.07130549 0.24665327 0.2428125 0.54908544 0.22565502 -0.41064382 -1.0314896 -1.2978909 -0.36447093 -0.70709 -0.96720606 -0.21155037 -0.7078815 1.05238 -0.075735845 0.34008998
hsa1268 0.9600614 0.0012344113 -1.0134451 0.5940409 -0.14814904 0.12052125 0.12476761 -1.1868765 -1.5032369 0.18723048 -0.41098568 -0.46061692 -1.1358163 0.582886 0.89571416 0.65497285
hsa552 0.7465764 0.2686112 1.0320767 0.4585542 -0.30231178 0.053014986 -0.6256936 0.5935603 0.4238618 -0.9240315 -1.1927766 0.49224365 -1.9185611 -0.22300242 0.615337 -1.335486
D00683 0.86886674 0.71464324 -0.92470336 1.5115391 0.47016525 -0.19436103 1.0416001 -0.47679058 -0.31130332 -0.39131555 -1.935564 0.5810562 -1.0228244 0.3755624 -0.32073033 -0.8760807
D00400 -0.04055543 1.0439197 0.24064013 -0.4463751 0.27079955 -0.59899503 -1.0936272 -0.93336874 -0.30506697 -0.6869424 -1.7000728 -0.3503404 0.31767207 -0.19069202 0.38165 -1.3611552
D00139 -0.47355866 -1.1113341 -0.23029755 1.0303491 0.58651423 -0.0032969667 -0.37463441 -0.24507909 -0.72515005 0.79246396 -0.6516738 -0.14897725 -0.779354 -0.839924 0.281848 -0.67214495
D00542 0.9381388 -0.14545548 0.6150885 -0.9321437 1.1906306 -1.032342 -0.22412878 -0.2232819 -0.031112267 0.6972406 -0.63109654 -0.20814061 -1.0824097 -0.7773234 -0.17303559 -0.5861322
D03415 0.77620244 -0.2812193 0.22587846 -0.020158842 0.5795174 -0.02637048 0.43674248 -0.21975619 0.15627505 -1.576512 -1.5592108 -0.05638102 -0.81969565 -0.36362892 0.52795005 -1.5238663
hsa9052 0.96771157 -0.66001445 0.70583606 -1.130096 -0.07005233 0.19263478 0.17652269 -1.8598977 -1.8678052 0.3582128 -0.65501493 0.7251621 -0.09438612 0.30445117 1.6031245 -0.969154
hsa554 0.6826036 -0.0844611 1.3711312 0.24149747 -0.42657077 0.19408226 -0.31985605 0.15104212 0.29678908 -0.9561209 -0.9497598 0.642113 -1.7137418 -0.13219383 0.44810826 -1.4724708
D00760 -0.6971318 -0.524908 -0.5215601 -0.14752623 -0.6666884 -0.69914556 -0.019538915 -0.6324251 -0.5734327 -0.712209 -1.5038211 0.16813314 -0.91212726 0.004968285 -0.72658587 -0.7672302
hsa23620 -0.11580708 0.24183351 0.26060894 -0.17750277 -0.4418765 0.28124508 -1.6570691 -1.0322633 -0.8228355 -0.16484353 -1.1749859 -0.662528 -1.1109837 -0.2709273 -0.23427139 -0.08475228
